BROWN	This	[0.3910761154855643, 0.1, 0.45013123359580054, 0.113]	[0.12335958005249344, 0.195, 0.16929133858267717, 0.212]	line-line	header-question	-0.2218	0.095	-0.2677	0.099	-0.3268	0.112	0
BROWN	&	[0.3910761154855643, 0.1, 0.45013123359580054, 0.113]	[0.45931758530183725, 0.1, 0.46981627296587924, 0.113]	no-link	header-header	-0.0092	-0.0682	-0.0787	0.0	0.0	0.013	0
BROWN	WILLAMSON	[0.3910761154855643, 0.1, 0.45013123359580054, 0.113]	[0.48031496062992124, 0.1, 0.594488188976378, 0.112]	no-link	header-header	-0.0302	-0.0892	-0.2034	0.0	0.001	0.013	0
BROWN	COLLECTION	[0.3910761154855643, 0.1, 0.45013123359580054, 0.113]	[0.473753280839895, 0.118, 0.5866141732283464, 0.131]	no-link	header-header	-0.0236	-0.0827	-0.1955	-0.018	-0.018	-0.005	0
BROWN	1994	[0.3910761154855643, 0.1, 0.45013123359580054, 0.113]	[0.400262467191601, 0.119, 0.4461942257217848, 0.134]	no-link	header-header	0.0499	-0.0092	-0.0551	-0.019	-0.021	-0.006	0
BROWN	VARIANCE	[0.3910761154855643, 0.1, 0.45013123359580054, 0.113]	[0.49343832020997375, 0.139, 0.5853018372703412, 0.155]	no-link	header-header	-0.0433	-0.1024	-0.1942	-0.039	-0.042	-0.026	0
BROWN	PROTOCOPYING	[0.3910761154855643, 0.1, 0.45013123359580054, 0.113]	[0.3451443569553806, 0.142, 0.484251968503937, 0.157]	no-link	header-header	0.105	0.0459	-0.0932	-0.042	-0.044	-0.029	0
BROWN	before	[0.3910761154855643, 0.1, 0.45013123359580054, 0.113]	[0.36351706036745407, 0.197, 0.431758530183727, 0.214]	no-link	header-question	0.0866	0.0276	-0.0407	-0.097	-0.101	-0.084	0
BROWN	Bates	[0.3910761154855643, 0.1, 0.45013123359580054, 0.113]	[0.4435695538057743, 0.197, 0.5, 0.212]	no-link	header-question	0.0066	-0.0525	-0.1089	-0.097	-0.099	-0.084	0
BROWN	form	[0.3910761154855643, 0.1, 0.45013123359580054, 0.113]	[0.18110236220472442, 0.198, 0.22965879265091863, 0.214]	no-link	header-question	0.269	0.21	0.1614	-0.098	-0.101	-0.085	0
BROWN	placed	[0.3910761154855643, 0.1, 0.45013123359580054, 0.113]	[0.2821522309711286, 0.198, 0.3543307086614173, 0.215]	no-link	header-question	0.168	0.1089	0.0367	-0.098	-0.102	-0.085	0
BROWN	was	[0.3910761154855643, 0.1, 0.45013123359580054, 0.113]	[0.23490813648293962, 0.199, 0.27296587926509186, 0.212]	no-link	header-question	0.2152	0.1562	0.1181	-0.099	-0.099	-0.086	0
BROWN	AT	[0.3910761154855643, 0.1, 0.45013123359580054, 0.113]	[0.3123359580052493, 0.223, 0.33727034120734906, 0.239]	no-link	header-question	0.1378	0.0787	0.0538	-0.123	-0.126	-0.11	0
BROWN	THE	[0.3910761154855643, 0.1, 0.45013123359580054, 0.113]	[0.6351706036745407, 0.223, 0.6732283464566929, 0.236]	no-link	header-question	-0.185	-0.2441	-0.2822	-0.123	-0.123	-0.11	0
BROWN	TIME	[0.3910761154855643, 0.1, 0.45013123359580054, 0.113]	[0.3910761154855643, 0.225, 0.43832020997375326, 0.24]	no-link	header-question	0.0591	0.0	-0.0472	-0.125	-0.127	-0.112	0
BROWN	OF	[0.3910761154855643, 0.1, 0.45013123359580054, 0.113]	[0.4461942257217848, 0.225, 0.47244094488188976, 0.24]	no-link	header-question	0.0039	-0.0551	-0.0814	-0.125	-0.127	-0.112	0
BROWN	REPRODUCTION,	[0.3910761154855643, 0.1, 0.45013123359580054, 0.113]	[0.48031496062992124, 0.225, 0.6246719160104987, 0.238]	no-link	header-question	-0.0302	-0.0892	-0.2336	-0.125	-0.125	-0.112	0
BROWN	&	[0.3910761154855643, 0.1, 0.45013123359580054, 0.113]	[0.45931758530183725, 0.1, 0.46981627296587924, 0.113]	word-word	header-header	0.0787	0.0	0.0682	0.0	0.0092	0.013	0
&	WILLAMSON	[0.45931758530183725, 0.1, 0.46981627296587924, 0.113]	[0.48031496062992124, 0.1, 0.594488188976378, 0.112]	word-word	header-header	0.1352	0.0	0.021	-0.001	0.0105	0.012	0
&	COLLECTION	[0.45931758530183725, 0.1, 0.46981627296587924, 0.113]	[0.473753280839895, 0.118, 0.5866141732283464, 0.131]	no-link	header-header	-0.0039	-0.0144	-0.1273	-0.018	-0.018	-0.005	0
&	1994	[0.45931758530183725, 0.1, 0.46981627296587924, 0.113]	[0.400262467191601, 0.119, 0.4461942257217848, 0.134]	no-link	header-header	0.0696	0.0591	0.0131	-0.019	-0.021	-0.006	0
&	VARIANCE	[0.45931758530183725, 0.1, 0.46981627296587924, 0.113]	[0.49343832020997375, 0.139, 0.5853018372703412, 0.155]	no-link	header-header	-0.0236	-0.0341	-0.126	-0.039	-0.042	-0.026	0
&	PROTOCOPYING	[0.45931758530183725, 0.1, 0.46981627296587924, 0.113]	[0.3451443569553806, 0.142, 0.484251968503937, 0.157]	no-link	header-header	0.1247	0.1142	-0.0249	-0.042	-0.044	-0.029	0
&	This	[0.45931758530183725, 0.1, 0.46981627296587924, 0.113]	[0.12335958005249344, 0.195, 0.16929133858267717, 0.212]	no-link	header-question	0.3465	0.336	0.29	-0.095	-0.099	-0.082	0
&	before	[0.45931758530183725, 0.1, 0.46981627296587924, 0.113]	[0.36351706036745407, 0.197, 0.431758530183727, 0.214]	no-link	header-question	0.1063	0.0958	0.0276	-0.097	-0.101	-0.084	0
&	Bates	[0.45931758530183725, 0.1, 0.46981627296587924, 0.113]	[0.4435695538057743, 0.197, 0.5, 0.212]	no-link	header-question	0.0262	0.0157	-0.0407	-0.097	-0.099	-0.084	0
&	form	[0.45931758530183725, 0.1, 0.46981627296587924, 0.113]	[0.18110236220472442, 0.198, 0.22965879265091863, 0.214]	no-link	header-question	0.2887	0.2782	0.2297	-0.098	-0.101	-0.085	0
&	placed	[0.45931758530183725, 0.1, 0.46981627296587924, 0.113]	[0.2821522309711286, 0.198, 0.3543307086614173, 0.215]	no-link	header-question	0.1877	0.1772	0.105	-0.098	-0.102	-0.085	0
&	was	[0.45931758530183725, 0.1, 0.46981627296587924, 0.113]	[0.23490813648293962, 0.199, 0.27296587926509186, 0.212]	no-link	header-question	0.2349	0.2244	0.1864	-0.099	-0.099	-0.086	0
&	AT	[0.45931758530183725, 0.1, 0.46981627296587924, 0.113]	[0.3123359580052493, 0.223, 0.33727034120734906, 0.239]	no-link	header-question	0.1575	0.147	0.122	-0.123	-0.126	-0.11	0
&	THE	[0.45931758530183725, 0.1, 0.46981627296587924, 0.113]	[0.6351706036745407, 0.223, 0.6732283464566929, 0.236]	no-link	header-question	-0.1654	-0.1759	-0.2139	-0.123	-0.123	-0.11	0
&	TIME	[0.45931758530183725, 0.1, 0.46981627296587924, 0.113]	[0.3910761154855643, 0.225, 0.43832020997375326, 0.24]	no-link	header-question	0.0787	0.0682	0.021	-0.125	-0.127	-0.112	0
&	OF	[0.45931758530183725, 0.1, 0.46981627296587924, 0.113]	[0.4461942257217848, 0.225, 0.47244094488188976, 0.24]	no-link	header-question	0.0236	0.0131	-0.0131	-0.125	-0.127	-0.112	0
&	REPRODUCTION,	[0.45931758530183725, 0.1, 0.46981627296587924, 0.113]	[0.48031496062992124, 0.225, 0.6246719160104987, 0.238]	no-link	header-question	-0.0105	-0.021	-0.1654	-0.125	-0.125	-0.112	0
&	WERE	[0.45931758530183725, 0.1, 0.46981627296587924, 0.113]	[0.5485564304461942, 0.237, 0.594488188976378, 0.253]	no-link	header-question	-0.0787	-0.0892	-0.1352	-0.137	-0.14	-0.124	0
WILLAMSON	1994	[0.48031496062992124, 0.1, 0.594488188976378, 0.112]	[0.400262467191601, 0.119, 0.4461942257217848, 0.134]	word-word	header-header	-0.0341	0.019	-0.0801	0.022	-0.1942	0.034	0
WILLAMSON	VARIANCE	[0.48031496062992124, 0.1, 0.594488188976378, 0.112]	[0.49343832020997375, 0.139, 0.5853018372703412, 0.155]	no-link	header-header	0.101	-0.0131	-0.105	-0.039	-0.043	-0.027	0
WILLAMSON	PROTOCOPYING	[0.48031496062992124, 0.1, 0.594488188976378, 0.112]	[0.3451443569553806, 0.142, 0.484251968503937, 0.157]	no-link	header-header	0.2493	0.1352	-0.0039	-0.042	-0.045	-0.03	0
WILLAMSON	This	[0.48031496062992124, 0.1, 0.594488188976378, 0.112]	[0.12335958005249344, 0.195, 0.16929133858267717, 0.212]	no-link	header-question	0.4711	0.357	0.311	-0.095	-0.1	-0.083	0
WILLAMSON	before	[0.48031496062992124, 0.1, 0.594488188976378, 0.112]	[0.36351706036745407, 0.197, 0.431758530183727, 0.214]	no-link	header-question	0.231	0.1168	0.0486	-0.097	-0.102	-0.085	0
WILLAMSON	Bates	[0.48031496062992124, 0.1, 0.594488188976378, 0.112]	[0.4435695538057743, 0.197, 0.5, 0.212]	no-link	header-question	0.1509	0.0367	-0.0197	-0.097	-0.1	-0.085	0
WILLAMSON	form	[0.48031496062992124, 0.1, 0.594488188976378, 0.112]	[0.18110236220472442, 0.198, 0.22965879265091863, 0.214]	no-link	header-question	0.4134	0.2992	0.2507	-0.098	-0.102	-0.086	0
WILLAMSON	placed	[0.48031496062992124, 0.1, 0.594488188976378, 0.112]	[0.2821522309711286, 0.198, 0.3543307086614173, 0.215]	no-link	header-question	0.3123	0.1982	0.126	-0.098	-0.103	-0.086	0
WILLAMSON	was	[0.48031496062992124, 0.1, 0.594488188976378, 0.112]	[0.23490813648293962, 0.199, 0.27296587926509186, 0.212]	no-link	header-question	0.3596	0.2454	0.2073	-0.099	-0.1	-0.087	0
WILLAMSON	AT	[0.48031496062992124, 0.1, 0.594488188976378, 0.112]	[0.3123359580052493, 0.223, 0.33727034120734906, 0.239]	no-link	header-question	0.2822	0.168	0.143	-0.123	-0.127	-0.111	0
WILLAMSON	THE	[0.48031496062992124, 0.1, 0.594488188976378, 0.112]	[0.6351706036745407, 0.223, 0.6732283464566929, 0.236]	no-link	header-question	-0.0407	-0.1549	-0.1929	-0.123	-0.124	-0.111	0
WILLAMSON	TIME	[0.48031496062992124, 0.1, 0.594488188976378, 0.112]	[0.3910761154855643, 0.225, 0.43832020997375326, 0.24]	no-link	header-question	0.2034	0.0892	0.042	-0.125	-0.128	-0.113	0
WILLAMSON	OF	[0.48031496062992124, 0.1, 0.594488188976378, 0.112]	[0.4461942257217848, 0.225, 0.47244094488188976, 0.24]	no-link	header-question	0.1483	0.0341	0.0079	-0.125	-0.128	-0.113	0
WILLAMSON	REPRODUCTION,	[0.48031496062992124, 0.1, 0.594488188976378, 0.112]	[0.48031496062992124, 0.225, 0.6246719160104987, 0.238]	no-link	header-question	0.1142	0.0	-0.1444	-0.125	-0.126	-0.113	0
WILLAMSON	WERE	[0.48031496062992124, 0.1, 0.594488188976378, 0.112]	[0.5485564304461942, 0.237, 0.594488188976378, 0.253]	no-link	header-question	0.0459	-0.0682	-0.1142	-0.137	-0.141	-0.125	0
WILLAMSON	NOTATTONS	[0.48031496062992124, 0.1, 0.594488188976378, 0.112]	[0.43700787401574803, 0.238, 0.5393700787401575, 0.254]	no-link	header-question	0.1575	0.0433	-0.0591	-0.138	-0.142	-0.126	0
COLLECTION	PROTOCOPYING	[0.473753280839895, 0.118, 0.5866141732283464, 0.131]	[0.3451443569553806, 0.142, 0.484251968503937, 0.157]	word-word	header-header	0.0105	0.024	-0.1286	0.026	-0.2415	0.039	0
COLLECTION	VARIANCE	[0.473753280839895, 0.118, 0.5866141732283464, 0.131]	[0.49343832020997375, 0.139, 0.5853018372703412, 0.155]	no-link	header-header	0.0932	-0.0197	-0.1115	-0.021	-0.024	-0.008	0
COLLECTION	This	[0.473753280839895, 0.118, 0.5866141732283464, 0.131]	[0.12335958005249344, 0.195, 0.16929133858267717, 0.212]	no-link	header-question	0.4633	0.3504	0.3045	-0.077	-0.081	-0.064	0
COLLECTION	before	[0.473753280839895, 0.118, 0.5866141732283464, 0.131]	[0.36351706036745407, 0.197, 0.431758530183727, 0.214]	no-link	header-question	0.2231	0.1102	0.042	-0.079	-0.083	-0.066	0
COLLECTION	Bates	[0.473753280839895, 0.118, 0.5866141732283464, 0.131]	[0.4435695538057743, 0.197, 0.5, 0.212]	no-link	header-question	0.143	0.0302	-0.0262	-0.079	-0.081	-0.066	0
COLLECTION	form	[0.473753280839895, 0.118, 0.5866141732283464, 0.131]	[0.18110236220472442, 0.198, 0.22965879265091863, 0.214]	no-link	header-question	0.4055	0.2927	0.2441	-0.08	-0.083	-0.067	0
COLLECTION	placed	[0.473753280839895, 0.118, 0.5866141732283464, 0.131]	[0.2821522309711286, 0.198, 0.3543307086614173, 0.215]	no-link	header-question	0.3045	0.1916	0.1194	-0.08	-0.084	-0.067	0
COLLECTION	was	[0.473753280839895, 0.118, 0.5866141732283464, 0.131]	[0.23490813648293962, 0.199, 0.27296587926509186, 0.212]	no-link	header-question	0.3517	0.2388	0.2008	-0.081	-0.081	-0.068	0
COLLECTION	AT	[0.473753280839895, 0.118, 0.5866141732283464, 0.131]	[0.3123359580052493, 0.223, 0.33727034120734906, 0.239]	no-link	header-question	0.2743	0.1614	0.1365	-0.105	-0.108	-0.092	0
COLLECTION	THE	[0.473753280839895, 0.118, 0.5866141732283464, 0.131]	[0.6351706036745407, 0.223, 0.6732283464566929, 0.236]	no-link	header-question	-0.0486	-0.1614	-0.1995	-0.105	-0.105	-0.092	0
COLLECTION	TIME	[0.473753280839895, 0.118, 0.5866141732283464, 0.131]	[0.3910761154855643, 0.225, 0.43832020997375326, 0.24]	no-link	header-question	0.1955	0.0827	0.0354	-0.107	-0.109	-0.094	0
COLLECTION	OF	[0.473753280839895, 0.118, 0.5866141732283464, 0.131]	[0.4461942257217848, 0.225, 0.47244094488188976, 0.24]	no-link	header-question	0.1404	0.0276	0.0013	-0.107	-0.109	-0.094	0
COLLECTION	REPRODUCTION,	[0.473753280839895, 0.118, 0.5866141732283464, 0.131]	[0.48031496062992124, 0.225, 0.6246719160104987, 0.238]	no-link	header-question	0.1063	-0.0066	-0.1509	-0.107	-0.107	-0.094	0
COLLECTION	WERE	[0.473753280839895, 0.118, 0.5866141732283464, 0.131]	[0.5485564304461942, 0.237, 0.594488188976378, 0.253]	no-link	header-question	0.0381	-0.0748	-0.1207	-0.119	-0.122	-0.106	0
COLLECTION	NOTATTONS	[0.473753280839895, 0.118, 0.5866141732283464, 0.131]	[0.43700787401574803, 0.238, 0.5393700787401575, 0.254]	no-link	header-question	0.1496	0.0367	-0.0656	-0.12	-0.123	-0.107	0
COLLECTION	FOLLOWING	[0.473753280839895, 0.118, 0.5866141732283464, 0.131]	[0.3241469816272966, 0.239, 0.42782152230971127, 0.254]	no-link	header-question	0.2625	0.1496	0.0459	-0.121	-0.123	-0.108	0
1994	COLLECTION	[0.400262467191601, 0.119, 0.4461942257217848, 0.134]	[0.473753280839895, 0.118, 0.5866141732283464, 0.131]	word-word	header-header	0.1864	-0.001	0.0735	-0.003	0.0276	0.012	0
1994	PROTOCOPYING	[0.400262467191601, 0.119, 0.4461942257217848, 0.134]	[0.3451443569553806, 0.142, 0.484251968503937, 0.157]	no-link	header-header	0.101	0.0551	-0.084	-0.023	-0.023	-0.008	0
1994	This	[0.400262467191601, 0.119, 0.4461942257217848, 0.134]	[0.12335958005249344, 0.195, 0.16929133858267717, 0.212]	no-link	header-question	0.3228	0.2769	0.231	-0.076	-0.078	-0.061	0
1994	before	[0.400262467191601, 0.119, 0.4461942257217848, 0.134]	[0.36351706036745407, 0.197, 0.431758530183727, 0.214]	no-link	header-question	0.0827	0.0367	-0.0315	-0.078	-0.08	-0.063	0
1994	Bates	[0.400262467191601, 0.119, 0.4461942257217848, 0.134]	[0.4435695538057743, 0.197, 0.5, 0.212]	no-link	header-question	0.0026	-0.0433	-0.0997	-0.078	-0.078	-0.063	0
1994	form	[0.400262467191601, 0.119, 0.4461942257217848, 0.134]	[0.18110236220472442, 0.198, 0.22965879265091863, 0.214]	no-link	header-question	0.2651	0.2192	0.1706	-0.079	-0.08	-0.064	0
1994	placed	[0.400262467191601, 0.119, 0.4461942257217848, 0.134]	[0.2821522309711286, 0.198, 0.3543307086614173, 0.215]	no-link	header-question	0.164	0.1181	0.0459	-0.079	-0.081	-0.064	0
1994	was	[0.400262467191601, 0.119, 0.4461942257217848, 0.134]	[0.23490813648293962, 0.199, 0.27296587926509186, 0.212]	no-link	header-question	0.2113	0.1654	0.1273	-0.08	-0.078	-0.065	0
1994	AT	[0.400262467191601, 0.119, 0.4461942257217848, 0.134]	[0.3123359580052493, 0.223, 0.33727034120734906, 0.239]	no-link	header-question	0.1339	0.0879	0.063	-0.104	-0.105	-0.089	0
1994	THE	[0.400262467191601, 0.119, 0.4461942257217848, 0.134]	[0.6351706036745407, 0.223, 0.6732283464566929, 0.236]	no-link	header-question	-0.189	-0.2349	-0.273	-0.104	-0.102	-0.089	0
1994	TIME	[0.400262467191601, 0.119, 0.4461942257217848, 0.134]	[0.3910761154855643, 0.225, 0.43832020997375326, 0.24]	no-link	header-question	0.0551	0.0092	-0.0381	-0.106	-0.106	-0.091	0
1994	OF	[0.400262467191601, 0.119, 0.4461942257217848, 0.134]	[0.4461942257217848, 0.225, 0.47244094488188976, 0.24]	no-link	header-question	0.0	-0.0459	-0.0722	-0.106	-0.106	-0.091	0
1994	REPRODUCTION,	[0.400262467191601, 0.119, 0.4461942257217848, 0.134]	[0.48031496062992124, 0.225, 0.6246719160104987, 0.238]	no-link	header-question	-0.0341	-0.0801	-0.2244	-0.106	-0.104	-0.091	0
1994	WERE	[0.400262467191601, 0.119, 0.4461942257217848, 0.134]	[0.5485564304461942, 0.237, 0.594488188976378, 0.253]	no-link	header-question	-0.1024	-0.1483	-0.1942	-0.118	-0.119	-0.103	0
1994	NOTATTONS	[0.400262467191601, 0.119, 0.4461942257217848, 0.134]	[0.43700787401574803, 0.238, 0.5393700787401575, 0.254]	no-link	header-question	0.0092	-0.0367	-0.1391	-0.119	-0.12	-0.104	0
1994	FOLLOWING	[0.400262467191601, 0.119, 0.4461942257217848, 0.134]	[0.3241469816272966, 0.239, 0.42782152230971127, 0.254]	no-link	header-question	0.122	0.0761	-0.0276	-0.12	-0.12	-0.105	0
1994	PAGE	[0.400262467191601, 0.119, 0.4461942257217848, 0.134]	[0.2388451443569554, 0.35, 0.28608923884514437, 0.365]	no-link	header-question	0.2073	0.1614	0.1142	-0.231	-0.231	-0.216	0
VARIANCE	FORM	[0.49343832020997375, 0.139, 0.5853018372703412, 0.155]	[0.5931758530183727, 0.14, 0.6417322834645669, 0.156]	word-word	header-header	0.1483	0.001	0.0997	0.001	0.0079	0.017	0
VARIANCE	This	[0.49343832020997375, 0.139, 0.5853018372703412, 0.155]	[0.12335958005249344, 0.195, 0.16929133858267717, 0.212]	no-link	header-question	0.4619	0.3701	0.3241	-0.056	-0.057	-0.04	0
VARIANCE	before	[0.49343832020997375, 0.139, 0.5853018372703412, 0.155]	[0.36351706036745407, 0.197, 0.431758530183727, 0.214]	no-link	header-question	0.2218	0.1299	0.0617	-0.058	-0.059	-0.042	0
VARIANCE	Bates	[0.49343832020997375, 0.139, 0.5853018372703412, 0.155]	[0.4435695538057743, 0.197, 0.5, 0.212]	no-link	header-question	0.1417	0.0499	-0.0066	-0.058	-0.057	-0.042	0
VARIANCE	form	[0.49343832020997375, 0.139, 0.5853018372703412, 0.155]	[0.18110236220472442, 0.198, 0.22965879265091863, 0.214]	no-link	header-question	0.4042	0.3123	0.2638	-0.059	-0.059	-0.043	0
VARIANCE	placed	[0.49343832020997375, 0.139, 0.5853018372703412, 0.155]	[0.2821522309711286, 0.198, 0.3543307086614173, 0.215]	no-link	header-question	0.3031	0.2113	0.1391	-0.059	-0.06	-0.043	0
VARIANCE	was	[0.49343832020997375, 0.139, 0.5853018372703412, 0.155]	[0.23490813648293962, 0.199, 0.27296587926509186, 0.212]	no-link	header-question	0.3504	0.2585	0.2205	-0.06	-0.057	-0.044	0
VARIANCE	AT	[0.49343832020997375, 0.139, 0.5853018372703412, 0.155]	[0.3123359580052493, 0.223, 0.33727034120734906, 0.239]	no-link	header-question	0.273	0.1811	0.1562	-0.084	-0.084	-0.068	0
VARIANCE	THE	[0.49343832020997375, 0.139, 0.5853018372703412, 0.155]	[0.6351706036745407, 0.223, 0.6732283464566929, 0.236]	no-link	header-question	-0.0499	-0.1417	-0.1798	-0.084	-0.081	-0.068	0
VARIANCE	TIME	[0.49343832020997375, 0.139, 0.5853018372703412, 0.155]	[0.3910761154855643, 0.225, 0.43832020997375326, 0.24]	no-link	header-question	0.1942	0.1024	0.0551	-0.086	-0.085	-0.07	0
VARIANCE	OF	[0.49343832020997375, 0.139, 0.5853018372703412, 0.155]	[0.4461942257217848, 0.225, 0.47244094488188976, 0.24]	no-link	header-question	0.1391	0.0472	0.021	-0.086	-0.085	-0.07	0
VARIANCE	REPRODUCTION,	[0.49343832020997375, 0.139, 0.5853018372703412, 0.155]	[0.48031496062992124, 0.225, 0.6246719160104987, 0.238]	no-link	header-question	0.105	0.0131	-0.1312	-0.086	-0.083	-0.07	0
VARIANCE	WERE	[0.49343832020997375, 0.139, 0.5853018372703412, 0.155]	[0.5485564304461942, 0.237, 0.594488188976378, 0.253]	no-link	header-question	0.0367	-0.0551	-0.101	-0.098	-0.098	-0.082	0
VARIANCE	NOTATTONS	[0.49343832020997375, 0.139, 0.5853018372703412, 0.155]	[0.43700787401574803, 0.238, 0.5393700787401575, 0.254]	no-link	header-question	0.1483	0.0564	-0.0459	-0.099	-0.099	-0.083	0
VARIANCE	FOLLOWING	[0.49343832020997375, 0.139, 0.5853018372703412, 0.155]	[0.3241469816272966, 0.239, 0.42782152230971127, 0.254]	no-link	header-question	0.2612	0.1693	0.0656	-0.1	-0.099	-0.084	0
VARIANCE	PAGE	[0.49343832020997375, 0.139, 0.5853018372703412, 0.155]	[0.2388451443569554, 0.35, 0.28608923884514437, 0.365]	no-link	header-question	0.3465	0.2546	0.2073	-0.211	-0.21	-0.195	0
PROTOCOPYING	VARIANCE	[0.3451443569553806, 0.142, 0.484251968503937, 0.157]	[0.49343832020997375, 0.139, 0.5853018372703412, 0.155]	word-word	header-header	0.2402	-0.003	0.1483	-0.002	0.0092	0.013	0
PROTOCOPYING	This	[0.3451443569553806, 0.142, 0.484251968503937, 0.157]	[0.12335958005249344, 0.195, 0.16929133858267717, 0.212]	no-link	header-question	0.3609	0.2218	0.1759	-0.053	-0.055	-0.038	0
PROTOCOPYING	before	[0.3451443569553806, 0.142, 0.484251968503937, 0.157]	[0.36351706036745407, 0.197, 0.431758530183727, 0.214]	no-link	header-question	0.1207	-0.0184	-0.0866	-0.055	-0.057	-0.04	0
PROTOCOPYING	Bates	[0.3451443569553806, 0.142, 0.484251968503937, 0.157]	[0.4435695538057743, 0.197, 0.5, 0.212]	no-link	header-question	0.0407	-0.0984	-0.1549	-0.055	-0.055	-0.04	0
PROTOCOPYING	form	[0.3451443569553806, 0.142, 0.484251968503937, 0.157]	[0.18110236220472442, 0.198, 0.22965879265091863, 0.214]	no-link	header-question	0.3031	0.164	0.1155	-0.056	-0.057	-0.041	0
PROTOCOPYING	placed	[0.3451443569553806, 0.142, 0.484251968503937, 0.157]	[0.2821522309711286, 0.198, 0.3543307086614173, 0.215]	no-link	header-question	0.2021	0.063	-0.0092	-0.056	-0.058	-0.041	0
PROTOCOPYING	was	[0.3451443569553806, 0.142, 0.484251968503937, 0.157]	[0.23490813648293962, 0.199, 0.27296587926509186, 0.212]	no-link	header-question	0.2493	0.1102	0.0722	-0.057	-0.055	-0.042	0
PROTOCOPYING	AT	[0.3451443569553806, 0.142, 0.484251968503937, 0.157]	[0.3123359580052493, 0.223, 0.33727034120734906, 0.239]	no-link	header-question	0.1719	0.0328	0.0079	-0.081	-0.082	-0.066	0
PROTOCOPYING	THE	[0.3451443569553806, 0.142, 0.484251968503937, 0.157]	[0.6351706036745407, 0.223, 0.6732283464566929, 0.236]	no-link	header-question	-0.1509	-0.29	-0.3281	-0.081	-0.079	-0.066	0
PROTOCOPYING	TIME	[0.3451443569553806, 0.142, 0.484251968503937, 0.157]	[0.3910761154855643, 0.225, 0.43832020997375326, 0.24]	no-link	header-question	0.0932	-0.0459	-0.0932	-0.083	-0.083	-0.068	0
PROTOCOPYING	OF	[0.3451443569553806, 0.142, 0.484251968503937, 0.157]	[0.4461942257217848, 0.225, 0.47244094488188976, 0.24]	no-link	header-question	0.0381	-0.101	-0.1273	-0.083	-0.083	-0.068	0
PROTOCOPYING	REPRODUCTION,	[0.3451443569553806, 0.142, 0.484251968503937, 0.157]	[0.48031496062992124, 0.225, 0.6246719160104987, 0.238]	no-link	header-question	0.0039	-0.1352	-0.2795	-0.083	-0.081	-0.068	0
PROTOCOPYING	WERE	[0.3451443569553806, 0.142, 0.484251968503937, 0.157]	[0.5485564304461942, 0.237, 0.594488188976378, 0.253]	no-link	header-question	-0.0643	-0.2034	-0.2493	-0.095	-0.096	-0.08	0
PROTOCOPYING	NOTATTONS	[0.3451443569553806, 0.142, 0.484251968503937, 0.157]	[0.43700787401574803, 0.238, 0.5393700787401575, 0.254]	no-link	header-question	0.0472	-0.0919	-0.1942	-0.096	-0.097	-0.081	0
PROTOCOPYING	FOLLOWING	[0.3451443569553806, 0.142, 0.484251968503937, 0.157]	[0.3241469816272966, 0.239, 0.42782152230971127, 0.254]	no-link	header-question	0.1601	0.021	-0.0827	-0.097	-0.097	-0.082	0
PROTOCOPYING	PAGE	[0.3451443569553806, 0.142, 0.484251968503937, 0.157]	[0.2388451443569554, 0.35, 0.28608923884514437, 0.365]	no-link	header-question	0.2454	0.1063	0.0591	-0.208	-0.208	-0.193	0
This	AT	[0.12335958005249344, 0.195, 0.16929133858267717, 0.212]	[0.3123359580052493, 0.223, 0.33727034120734906, 0.239]	line-line	question-question	0.2139	0.028	0.189	0.027	0.143	0.044	1
This	before	[0.12335958005249344, 0.195, 0.16929133858267717, 0.212]	[0.36351706036745407, 0.197, 0.431758530183727, 0.214]	no-link	question-question	-0.1942	-0.2402	-0.3084	-0.002	-0.002	0.015	1
This	Bates	[0.12335958005249344, 0.195, 0.16929133858267717, 0.212]	[0.4435695538057743, 0.197, 0.5, 0.212]	no-link	question-question	-0.2743	-0.3202	-0.3766	-0.002	0.0	0.015	1
This	form	[0.12335958005249344, 0.195, 0.16929133858267717, 0.212]	[0.18110236220472442, 0.198, 0.22965879265091863, 0.214]	no-link	question-question	-0.0118	-0.0577	-0.1063	-0.003	-0.002	0.014	1
This	placed	[0.12335958005249344, 0.195, 0.16929133858267717, 0.212]	[0.2821522309711286, 0.198, 0.3543307086614173, 0.215]	no-link	question-question	-0.1129	-0.1588	-0.231	-0.003	-0.003	0.014	1
This	was	[0.12335958005249344, 0.195, 0.16929133858267717, 0.212]	[0.23490813648293962, 0.199, 0.27296587926509186, 0.212]	no-link	question-question	-0.0656	-0.1115	-0.1496	-0.004	0.0	0.013	1
This	THE	[0.12335958005249344, 0.195, 0.16929133858267717, 0.212]	[0.6351706036745407, 0.223, 0.6732283464566929, 0.236]	no-link	question-question	-0.4659	-0.5118	-0.5499	-0.028	-0.024	-0.011	1
This	TIME	[0.12335958005249344, 0.195, 0.16929133858267717, 0.212]	[0.3910761154855643, 0.225, 0.43832020997375326, 0.24]	no-link	question-question	-0.2218	-0.2677	-0.315	-0.03	-0.028	-0.013	1
This	OF	[0.12335958005249344, 0.195, 0.16929133858267717, 0.212]	[0.4461942257217848, 0.225, 0.47244094488188976, 0.24]	no-link	question-question	-0.2769	-0.3228	-0.3491	-0.03	-0.028	-0.013	1
This	REPRODUCTION,	[0.12335958005249344, 0.195, 0.16929133858267717, 0.212]	[0.48031496062992124, 0.225, 0.6246719160104987, 0.238]	no-link	question-question	-0.311	-0.357	-0.5013	-0.03	-0.026	-0.013	1
This	WERE	[0.12335958005249344, 0.195, 0.16929133858267717, 0.212]	[0.5485564304461942, 0.237, 0.594488188976378, 0.253]	no-link	question-question	-0.3793	-0.4252	-0.4711	-0.042	-0.041	-0.025	1
This	NOTATTONS	[0.12335958005249344, 0.195, 0.16929133858267717, 0.212]	[0.43700787401574803, 0.238, 0.5393700787401575, 0.254]	no-link	question-question	-0.2677	-0.3136	-0.416	-0.043	-0.042	-0.026	1
This	FOLLOWING	[0.12335958005249344, 0.195, 0.16929133858267717, 0.212]	[0.3241469816272966, 0.239, 0.42782152230971127, 0.254]	no-link	question-question	-0.1549	-0.2008	-0.3045	-0.044	-0.042	-0.027	1
This	PAGE	[0.12335958005249344, 0.195, 0.16929133858267717, 0.212]	[0.2388451443569554, 0.35, 0.28608923884514437, 0.365]	no-link	question-question	-0.0696	-0.1155	-0.1627	-0.155	-0.153	-0.138	1
This	MISSING	[0.12335958005249344, 0.195, 0.16929133858267717, 0.212]	[0.7913385826771654, 0.35, 0.8753280839895013, 0.366]	no-link	question-question	-0.622	-0.668	-0.752	-0.155	-0.154	-0.138	1
This	form	[0.12335958005249344, 0.195, 0.16929133858267717, 0.212]	[0.18110236220472442, 0.198, 0.22965879265091863, 0.214]	word-word	question-question	0.1063	0.003	0.0577	0.002	0.0118	0.019	1
This	NUMBER(S)	[0.12335958005249344, 0.195, 0.16929133858267717, 0.212]	[0.2900262467191601, 0.352, 0.3937007874015748, 0.367]	no-link	question-question	-0.1207	-0.1667	-0.2703	-0.157	-0.155	-0.14	1
This	6708105266	[0.12335958005249344, 0.195, 0.16929133858267717, 0.212]	[0.5616797900262467, 0.186, 0.7900262467191601, 0.211]	question-answer	question-answer	0.6667	-0.009	0.4383	-0.001	0.3924	0.016	1
This	IN	[0.12335958005249344, 0.195, 0.16929133858267717, 0.212]	[0.24015748031496062, 0.365, 0.26246719160104987, 0.38]	no-link	question-question	-0.0709	-0.1168	-0.1391	-0.17	-0.168	-0.153	1
before	Bates	[0.36351706036745407, 0.197, 0.431758530183727, 0.214]	[0.4435695538057743, 0.197, 0.5, 0.212]	word-word	question-question	0.1365	0.0	0.0801	-0.002	0.0118	0.015	1
before	form	[0.36351706036745407, 0.197, 0.431758530183727, 0.214]	[0.18110236220472442, 0.198, 0.22965879265091863, 0.214]	no-link	question-question	0.2507	0.1824	0.1339	-0.001	0.0	0.016	1
before	placed	[0.36351706036745407, 0.197, 0.431758530183727, 0.214]	[0.2821522309711286, 0.198, 0.3543307086614173, 0.215]	no-link	question-question	0.1496	0.0814	0.0092	-0.001	-0.001	0.016	1
before	was	[0.36351706036745407, 0.197, 0.431758530183727, 0.214]	[0.23490813648293962, 0.199, 0.27296587926509186, 0.212]	no-link	question-question	0.1969	0.1286	0.0906	-0.002	0.002	0.015	1
before	AT	[0.36351706036745407, 0.197, 0.431758530183727, 0.214]	[0.3123359580052493, 0.223, 0.33727034120734906, 0.239]	no-link	question-question	0.1194	0.0512	0.0262	-0.026	-0.025	-0.009	1
before	THE	[0.36351706036745407, 0.197, 0.431758530183727, 0.214]	[0.6351706036745407, 0.223, 0.6732283464566929, 0.236]	no-link	question-question	-0.2034	-0.2717	-0.3097	-0.026	-0.022	-0.009	1
before	TIME	[0.36351706036745407, 0.197, 0.431758530183727, 0.214]	[0.3910761154855643, 0.225, 0.43832020997375326, 0.24]	no-link	question-question	0.0407	-0.0276	-0.0748	-0.028	-0.026	-0.011	1
before	OF	[0.36351706036745407, 0.197, 0.431758530183727, 0.214]	[0.4461942257217848, 0.225, 0.47244094488188976, 0.24]	no-link	question-question	-0.0144	-0.0827	-0.1089	-0.028	-0.026	-0.011	1
before	REPRODUCTION,	[0.36351706036745407, 0.197, 0.431758530183727, 0.214]	[0.48031496062992124, 0.225, 0.6246719160104987, 0.238]	no-link	question-question	-0.0486	-0.1168	-0.2612	-0.028	-0.024	-0.011	1
before	WERE	[0.36351706036745407, 0.197, 0.431758530183727, 0.214]	[0.5485564304461942, 0.237, 0.594488188976378, 0.253]	no-link	question-question	-0.1168	-0.185	-0.231	-0.04	-0.039	-0.023	1
before	NOTATTONS	[0.36351706036745407, 0.197, 0.431758530183727, 0.214]	[0.43700787401574803, 0.238, 0.5393700787401575, 0.254]	no-link	question-question	-0.0052	-0.0735	-0.1759	-0.041	-0.04	-0.024	1
before	FOLLOWING	[0.36351706036745407, 0.197, 0.431758530183727, 0.214]	[0.3241469816272966, 0.239, 0.42782152230971127, 0.254]	no-link	question-question	0.1076	0.0394	-0.0643	-0.042	-0.04	-0.025	1
before	PAGE	[0.36351706036745407, 0.197, 0.431758530183727, 0.214]	[0.2388451443569554, 0.35, 0.28608923884514437, 0.365]	no-link	question-question	0.1929	0.1247	0.0774	-0.153	-0.151	-0.136	1
before	MISSING	[0.36351706036745407, 0.197, 0.431758530183727, 0.214]	[0.7913385826771654, 0.35, 0.8753280839895013, 0.366]	no-link	question-question	-0.3596	-0.4278	-0.5118	-0.153	-0.152	-0.136	1
before	NUMBER(S)	[0.36351706036745407, 0.197, 0.431758530183727, 0.214]	[0.2900262467191601, 0.352, 0.3937007874015748, 0.367]	no-link	question-question	0.1417	0.0735	-0.0302	-0.155	-0.153	-0.138	1
before	IN	[0.36351706036745407, 0.197, 0.431758530183727, 0.214]	[0.24015748031496062, 0.365, 0.26246719160104987, 0.38]	no-link	question-question	0.1916	0.1234	0.101	-0.168	-0.166	-0.151	1
Bates	ID	[0.4435695538057743, 0.197, 0.5, 0.212]	[0.5065616797900262, 0.195, 0.531496062992126, 0.211]	word-word	question-question	0.0879	-0.002	0.063	-0.001	0.0066	0.014	1
Bates	placed	[0.4435695538057743, 0.197, 0.5, 0.212]	[0.2821522309711286, 0.198, 0.3543307086614173, 0.215]	no-link	question-question	0.2178	0.1614	0.0892	-0.001	-0.003	0.014	1
Bates	was	[0.4435695538057743, 0.197, 0.5, 0.212]	[0.23490813648293962, 0.199, 0.27296587926509186, 0.212]	no-link	question-question	0.2651	0.2087	0.1706	-0.002	0.0	0.013	1
Bates	AT	[0.4435695538057743, 0.197, 0.5, 0.212]	[0.3123359580052493, 0.223, 0.33727034120734906, 0.239]	no-link	question-question	0.1877	0.1312	0.1063	-0.026	-0.027	-0.011	1
Bates	THE	[0.4435695538057743, 0.197, 0.5, 0.212]	[0.6351706036745407, 0.223, 0.6732283464566929, 0.236]	no-link	question-question	-0.1352	-0.1916	-0.2297	-0.026	-0.024	-0.011	1
Bates	TIME	[0.4435695538057743, 0.197, 0.5, 0.212]	[0.3910761154855643, 0.225, 0.43832020997375326, 0.24]	no-link	question-question	0.1089	0.0525	0.0052	-0.028	-0.028	-0.013	1
Bates	OF	[0.4435695538057743, 0.197, 0.5, 0.212]	[0.4461942257217848, 0.225, 0.47244094488188976, 0.24]	no-link	question-question	0.0538	-0.0026	-0.0289	-0.028	-0.028	-0.013	1
Bates	REPRODUCTION,	[0.4435695538057743, 0.197, 0.5, 0.212]	[0.48031496062992124, 0.225, 0.6246719160104987, 0.238]	no-link	question-question	0.0197	-0.0367	-0.1811	-0.028	-0.026	-0.013	1
Bates	WERE	[0.4435695538057743, 0.197, 0.5, 0.212]	[0.5485564304461942, 0.237, 0.594488188976378, 0.253]	no-link	question-question	-0.0486	-0.105	-0.1509	-0.04	-0.041	-0.025	1
Bates	NOTATTONS	[0.4435695538057743, 0.197, 0.5, 0.212]	[0.43700787401574803, 0.238, 0.5393700787401575, 0.254]	no-link	question-question	0.063	0.0066	-0.0958	-0.041	-0.042	-0.026	1
Bates	FOLLOWING	[0.4435695538057743, 0.197, 0.5, 0.212]	[0.3241469816272966, 0.239, 0.42782152230971127, 0.254]	no-link	question-question	0.1759	0.1194	0.0157	-0.042	-0.042	-0.027	1
Bates	PAGE	[0.4435695538057743, 0.197, 0.5, 0.212]	[0.2388451443569554, 0.35, 0.28608923884514437, 0.365]	no-link	question-question	0.2612	0.2047	0.1575	-0.153	-0.153	-0.138	1
Bates	MISSING	[0.4435695538057743, 0.197, 0.5, 0.212]	[0.7913385826771654, 0.35, 0.8753280839895013, 0.366]	no-link	question-question	-0.2913	-0.3478	-0.4318	-0.153	-0.154	-0.138	1
Bates	NUMBER(S)	[0.4435695538057743, 0.197, 0.5, 0.212]	[0.2900262467191601, 0.352, 0.3937007874015748, 0.367]	no-link	question-question	0.21	0.1535	0.0499	-0.155	-0.155	-0.14	1
Bates	IN	[0.4435695538057743, 0.197, 0.5, 0.212]	[0.24015748031496062, 0.365, 0.26246719160104987, 0.38]	no-link	question-question	0.2598	0.2034	0.1811	-0.168	-0.168	-0.153	1
Bates	FOUND	[0.4435695538057743, 0.197, 0.5, 0.212]	[0.4409448818897638, 0.543, 0.5026246719160105, 0.56]	no-link	question-question	0.0591	0.0026	-0.0591	-0.346	-0.348	-0.331	1
form	was	[0.18110236220472442, 0.198, 0.22965879265091863, 0.214]	[0.23490813648293962, 0.199, 0.27296587926509186, 0.212]	word-word	question-question	0.0919	0.001	0.0538	-0.002	0.0052	0.014	1
form	AT	[0.18110236220472442, 0.198, 0.22965879265091863, 0.214]	[0.3123359580052493, 0.223, 0.33727034120734906, 0.239]	no-link	question-question	-0.0827	-0.1312	-0.1562	-0.025	-0.025	-0.009	1
form	THE	[0.18110236220472442, 0.198, 0.22965879265091863, 0.214]	[0.6351706036745407, 0.223, 0.6732283464566929, 0.236]	no-link	question-question	-0.4055	-0.4541	-0.4921	-0.025	-0.022	-0.009	1
form	TIME	[0.18110236220472442, 0.198, 0.22965879265091863, 0.214]	[0.3910761154855643, 0.225, 0.43832020997375326, 0.24]	no-link	question-question	-0.1614	-0.21	-0.2572	-0.027	-0.026	-0.011	1
form	OF	[0.18110236220472442, 0.198, 0.22965879265091863, 0.214]	[0.4461942257217848, 0.225, 0.47244094488188976, 0.24]	no-link	question-question	-0.2165	-0.2651	-0.2913	-0.027	-0.026	-0.011	1
form	REPRODUCTION,	[0.18110236220472442, 0.198, 0.22965879265091863, 0.214]	[0.48031496062992124, 0.225, 0.6246719160104987, 0.238]	no-link	question-question	-0.2507	-0.2992	-0.4436	-0.027	-0.024	-0.011	1
form	WERE	[0.18110236220472442, 0.198, 0.22965879265091863, 0.214]	[0.5485564304461942, 0.237, 0.594488188976378, 0.253]	no-link	question-question	-0.3189	-0.3675	-0.4134	-0.039	-0.039	-0.023	1
form	NOTATTONS	[0.18110236220472442, 0.198, 0.22965879265091863, 0.214]	[0.43700787401574803, 0.238, 0.5393700787401575, 0.254]	no-link	question-question	-0.2073	-0.2559	-0.3583	-0.04	-0.04	-0.024	1
form	FOLLOWING	[0.18110236220472442, 0.198, 0.22965879265091863, 0.214]	[0.3241469816272966, 0.239, 0.42782152230971127, 0.254]	no-link	question-question	-0.0945	-0.143	-0.2467	-0.041	-0.04	-0.025	1
form	PAGE	[0.18110236220472442, 0.198, 0.22965879265091863, 0.214]	[0.2388451443569554, 0.35, 0.28608923884514437, 0.365]	no-link	question-question	-0.0092	-0.0577	-0.105	-0.152	-0.151	-0.136	1
form	MISSING	[0.18110236220472442, 0.198, 0.22965879265091863, 0.214]	[0.7913385826771654, 0.35, 0.8753280839895013, 0.366]	no-link	question-question	-0.5617	-0.6102	-0.6942	-0.152	-0.152	-0.136	1
form	NUMBER(S)	[0.18110236220472442, 0.198, 0.22965879265091863, 0.214]	[0.2900262467191601, 0.352, 0.3937007874015748, 0.367]	no-link	question-question	-0.0604	-0.1089	-0.2126	-0.154	-0.153	-0.138	1
form	IN	[0.18110236220472442, 0.198, 0.22965879265091863, 0.214]	[0.24015748031496062, 0.365, 0.26246719160104987, 0.38]	no-link	question-question	-0.0105	-0.0591	-0.0814	-0.167	-0.166	-0.151	1
form	FOUND	[0.18110236220472442, 0.198, 0.22965879265091863, 0.214]	[0.4409448818897638, 0.543, 0.5026246719160105, 0.56]	no-link	question-question	-0.2113	-0.2598	-0.3215	-0.345	-0.346	-0.329	1
form	WITHIN	[0.18110236220472442, 0.198, 0.22965879265091863, 0.214]	[0.510498687664042, 0.543, 0.5787401574803149, 0.56]	no-link	question-question	-0.2808	-0.3294	-0.3976	-0.345	-0.346	-0.329	1
placed	before	[0.2821522309711286, 0.198, 0.3543307086614173, 0.215]	[0.36351706036745407, 0.197, 0.431758530183727, 0.214]	word-word	question-question	0.1496	-0.001	0.0814	-0.001	0.0092	0.016	1
placed	AT	[0.2821522309711286, 0.198, 0.3543307086614173, 0.215]	[0.3123359580052493, 0.223, 0.33727034120734906, 0.239]	no-link	question-question	0.042	-0.0302	-0.0551	-0.025	-0.024	-0.008	1
placed	THE	[0.2821522309711286, 0.198, 0.3543307086614173, 0.215]	[0.6351706036745407, 0.223, 0.6732283464566929, 0.236]	no-link	question-question	-0.2808	-0.353	-0.3911	-0.025	-0.021	-0.008	1
placed	TIME	[0.2821522309711286, 0.198, 0.3543307086614173, 0.215]	[0.3910761154855643, 0.225, 0.43832020997375326, 0.24]	no-link	question-question	-0.0367	-0.1089	-0.1562	-0.027	-0.025	-0.01	1
placed	OF	[0.2821522309711286, 0.198, 0.3543307086614173, 0.215]	[0.4461942257217848, 0.225, 0.47244094488188976, 0.24]	no-link	question-question	-0.0919	-0.164	-0.1903	-0.027	-0.025	-0.01	1
placed	REPRODUCTION,	[0.2821522309711286, 0.198, 0.3543307086614173, 0.215]	[0.48031496062992124, 0.225, 0.6246719160104987, 0.238]	no-link	question-question	-0.126	-0.1982	-0.3425	-0.027	-0.023	-0.01	1
placed	WERE	[0.2821522309711286, 0.198, 0.3543307086614173, 0.215]	[0.5485564304461942, 0.237, 0.594488188976378, 0.253]	no-link	question-question	-0.1942	-0.2664	-0.3123	-0.039	-0.038	-0.022	1
placed	NOTATTONS	[0.2821522309711286, 0.198, 0.3543307086614173, 0.215]	[0.43700787401574803, 0.238, 0.5393700787401575, 0.254]	no-link	question-question	-0.0827	-0.1549	-0.2572	-0.04	-0.039	-0.023	1
placed	FOLLOWING	[0.2821522309711286, 0.198, 0.3543307086614173, 0.215]	[0.3241469816272966, 0.239, 0.42782152230971127, 0.254]	no-link	question-question	0.0302	-0.042	-0.1457	-0.041	-0.039	-0.024	1
placed	PAGE	[0.2821522309711286, 0.198, 0.3543307086614173, 0.215]	[0.2388451443569554, 0.35, 0.28608923884514437, 0.365]	no-link	question-question	0.1155	0.0433	-0.0039	-0.152	-0.15	-0.135	1
placed	MISSING	[0.2821522309711286, 0.198, 0.3543307086614173, 0.215]	[0.7913385826771654, 0.35, 0.8753280839895013, 0.366]	no-link	question-question	-0.437	-0.5092	-0.5932	-0.152	-0.151	-0.135	1
placed	NUMBER(S)	[0.2821522309711286, 0.198, 0.3543307086614173, 0.215]	[0.2900262467191601, 0.352, 0.3937007874015748, 0.367]	no-link	question-question	0.0643	-0.0079	-0.1115	-0.154	-0.152	-0.137	1
placed	IN	[0.2821522309711286, 0.198, 0.3543307086614173, 0.215]	[0.24015748031496062, 0.365, 0.26246719160104987, 0.38]	no-link	question-question	0.1142	0.042	0.0197	-0.167	-0.165	-0.15	1
placed	FOUND	[0.2821522309711286, 0.198, 0.3543307086614173, 0.215]	[0.4409448818897638, 0.543, 0.5026246719160105, 0.56]	no-link	question-question	-0.0866	-0.1588	-0.2205	-0.345	-0.345	-0.328	1
placed	WITHIN	[0.2821522309711286, 0.198, 0.3543307086614173, 0.215]	[0.510498687664042, 0.543, 0.5787401574803149, 0.56]	no-link	question-question	-0.1562	-0.2283	-0.2966	-0.345	-0.345	-0.328	1
was	placed	[0.23490813648293962, 0.199, 0.27296587926509186, 0.212]	[0.2821522309711286, 0.198, 0.3543307086614173, 0.215]	word-word	question-question	0.1194	-0.001	0.0472	0.003	0.0092	0.016	1
was	AT	[0.23490813648293962, 0.199, 0.27296587926509186, 0.212]	[0.3123359580052493, 0.223, 0.33727034120734906, 0.239]	no-link	question-question	-0.0394	-0.0774	-0.1024	-0.024	-0.027	-0.011	1
was	THE	[0.23490813648293962, 0.199, 0.27296587926509186, 0.212]	[0.6351706036745407, 0.223, 0.6732283464566929, 0.236]	no-link	question-question	-0.3622	-0.4003	-0.4383	-0.024	-0.024	-0.011	1
was	TIME	[0.23490813648293962, 0.199, 0.27296587926509186, 0.212]	[0.3910761154855643, 0.225, 0.43832020997375326, 0.24]	no-link	question-question	-0.1181	-0.1562	-0.2034	-0.026	-0.028	-0.013	1
was	OF	[0.23490813648293962, 0.199, 0.27296587926509186, 0.212]	[0.4461942257217848, 0.225, 0.47244094488188976, 0.24]	no-link	question-question	-0.1732	-0.2113	-0.2375	-0.026	-0.028	-0.013	1
was	REPRODUCTION,	[0.23490813648293962, 0.199, 0.27296587926509186, 0.212]	[0.48031496062992124, 0.225, 0.6246719160104987, 0.238]	no-link	question-question	-0.2073	-0.2454	-0.3898	-0.026	-0.026	-0.013	1
was	WERE	[0.23490813648293962, 0.199, 0.27296587926509186, 0.212]	[0.5485564304461942, 0.237, 0.594488188976378, 0.253]	no-link	question-question	-0.2756	-0.3136	-0.3596	-0.038	-0.041	-0.025	1
was	NOTATTONS	[0.23490813648293962, 0.199, 0.27296587926509186, 0.212]	[0.43700787401574803, 0.238, 0.5393700787401575, 0.254]	no-link	question-question	-0.164	-0.2021	-0.3045	-0.039	-0.042	-0.026	1
was	FOLLOWING	[0.23490813648293962, 0.199, 0.27296587926509186, 0.212]	[0.3241469816272966, 0.239, 0.42782152230971127, 0.254]	no-link	question-question	-0.0512	-0.0892	-0.1929	-0.04	-0.042	-0.027	1
was	PAGE	[0.23490813648293962, 0.199, 0.27296587926509186, 0.212]	[0.2388451443569554, 0.35, 0.28608923884514437, 0.365]	no-link	question-question	0.0341	-0.0039	-0.0512	-0.151	-0.153	-0.138	1
was	MISSING	[0.23490813648293962, 0.199, 0.27296587926509186, 0.212]	[0.7913385826771654, 0.35, 0.8753280839895013, 0.366]	no-link	question-question	-0.5184	-0.5564	-0.6404	-0.151	-0.154	-0.138	1
was	NUMBER(S)	[0.23490813648293962, 0.199, 0.27296587926509186, 0.212]	[0.2900262467191601, 0.352, 0.3937007874015748, 0.367]	no-link	question-question	-0.0171	-0.0551	-0.1588	-0.153	-0.155	-0.14	1
was	IN	[0.23490813648293962, 0.199, 0.27296587926509186, 0.212]	[0.24015748031496062, 0.365, 0.26246719160104987, 0.38]	no-link	question-question	0.0328	-0.0052	-0.0276	-0.166	-0.168	-0.153	1
was	FOUND	[0.23490813648293962, 0.199, 0.27296587926509186, 0.212]	[0.4409448818897638, 0.543, 0.5026246719160105, 0.56]	no-link	question-question	-0.168	-0.206	-0.2677	-0.344	-0.348	-0.331	1
was	WITHIN	[0.23490813648293962, 0.199, 0.27296587926509186, 0.212]	[0.510498687664042, 0.543, 0.5787401574803149, 0.56]	no-link	question-question	-0.2375	-0.2756	-0.3438	-0.344	-0.348	-0.331	1
was	DOCUMENTS	[0.23490813648293962, 0.199, 0.27296587926509186, 0.212]	[0.2742782152230971, 0.544, 0.37926509186351703, 0.56]	no-link	question-question	-0.0013	-0.0394	-0.1444	-0.345	-0.348	-0.332	1
AT	PAGE	[0.3123359580052493, 0.223, 0.33727034120734906, 0.239]	[0.2388451443569554, 0.35, 0.28608923884514437, 0.365]	line-line	question-question	-0.0262	0.127	-0.0735	0.126	-0.0984	0.142	2
AT	THE	[0.3123359580052493, 0.223, 0.33727034120734906, 0.239]	[0.6351706036745407, 0.223, 0.6732283464566929, 0.236]	no-link	question-question	-0.2979	-0.3228	-0.3609	0.0	0.003	0.016	2
AT	TIME	[0.3123359580052493, 0.223, 0.33727034120734906, 0.239]	[0.3910761154855643, 0.225, 0.43832020997375326, 0.24]	no-link	question-question	-0.0538	-0.0787	-0.126	-0.002	-0.001	0.014	2
AT	OF	[0.3123359580052493, 0.223, 0.33727034120734906, 0.239]	[0.4461942257217848, 0.225, 0.47244094488188976, 0.24]	no-link	question-question	-0.1089	-0.1339	-0.1601	-0.002	-0.001	0.014	2
AT	REPRODUCTION,	[0.3123359580052493, 0.223, 0.33727034120734906, 0.239]	[0.48031496062992124, 0.225, 0.6246719160104987, 0.238]	no-link	question-question	-0.143	-0.168	-0.3123	-0.002	0.001	0.014	2
AT	WERE	[0.3123359580052493, 0.223, 0.33727034120734906, 0.239]	[0.5485564304461942, 0.237, 0.594488188976378, 0.253]	no-link	question-question	-0.2113	-0.2362	-0.2822	-0.014	-0.014	0.002	2
AT	NOTATTONS	[0.3123359580052493, 0.223, 0.33727034120734906, 0.239]	[0.43700787401574803, 0.238, 0.5393700787401575, 0.254]	no-link	question-question	-0.0997	-0.1247	-0.227	-0.015	-0.015	0.001	2
AT	FOLLOWING	[0.3123359580052493, 0.223, 0.33727034120734906, 0.239]	[0.3241469816272966, 0.239, 0.42782152230971127, 0.254]	no-link	question-question	0.0131	-0.0118	-0.1155	-0.016	-0.015	0.0	2
AT	MISSING	[0.3123359580052493, 0.223, 0.33727034120734906, 0.239]	[0.7913385826771654, 0.35, 0.8753280839895013, 0.366]	no-link	question-question	-0.4541	-0.479	-0.563	-0.127	-0.127	-0.111	2
AT	NUMBER(S)	[0.3123359580052493, 0.223, 0.33727034120734906, 0.239]	[0.2900262467191601, 0.352, 0.3937007874015748, 0.367]	no-link	question-question	0.0472	0.0223	-0.0814	-0.129	-0.128	-0.113	2
AT	IN	[0.3123359580052493, 0.223, 0.33727034120734906, 0.239]	[0.24015748031496062, 0.365, 0.26246719160104987, 0.38]	no-link	question-question	0.0971	0.0722	0.0499	-0.142	-0.141	-0.126	2
AT	FOUND	[0.3123359580052493, 0.223, 0.33727034120734906, 0.239]	[0.4409448818897638, 0.543, 0.5026246719160105, 0.56]	no-link	question-question	-0.1037	-0.1286	-0.1903	-0.32	-0.321	-0.304	2
AT	WITHIN	[0.3123359580052493, 0.223, 0.33727034120734906, 0.239]	[0.510498687664042, 0.543, 0.5787401574803149, 0.56]	no-link	question-question	-0.1732	-0.1982	-0.2664	-0.32	-0.321	-0.304	2
AT	DOCUMENTS	[0.3123359580052493, 0.223, 0.33727034120734906, 0.239]	[0.2742782152230971, 0.544, 0.37926509186351703, 0.56]	no-link	question-question	0.063	0.0381	-0.0669	-0.321	-0.321	-0.305	2
AT	THE	[0.3123359580052493, 0.223, 0.33727034120734906, 0.239]	[0.3438320209973753, 0.226, 0.3858267716535433, 0.238]	word-word	question-question	0.0735	0.003	0.0315	-0.001	0.0066	0.015	2
AT	NG	[0.3123359580052493, 0.223, 0.33727034120734906, 0.239]	[0.23622047244094488, 0.545, 0.26115485564304464, 0.56]	no-link	question-question	0.101	0.0761	0.0512	-0.322	-0.321	-0.306	2
THE	FOLLOWING	[0.6351706036745407, 0.223, 0.6732283464566929, 0.236]	[0.3241469816272966, 0.239, 0.42782152230971127, 0.254]	word-word	question-question	-0.2073	0.016	-0.311	0.018	-0.3491	0.031	2
THE	OF	[0.6351706036745407, 0.223, 0.6732283464566929, 0.236]	[0.4461942257217848, 0.225, 0.47244094488188976, 0.24]	no-link	question-question	0.227	0.189	0.1627	-0.002	-0.004	0.011	2
THE	REPRODUCTION,	[0.6351706036745407, 0.223, 0.6732283464566929, 0.236]	[0.48031496062992124, 0.225, 0.6246719160104987, 0.238]	no-link	question-question	0.1929	0.1549	0.0105	-0.002	-0.002	0.011	2
THE	WERE	[0.6351706036745407, 0.223, 0.6732283464566929, 0.236]	[0.5485564304461942, 0.237, 0.594488188976378, 0.253]	no-link	question-question	0.1247	0.0866	0.0407	-0.014	-0.017	-0.001	2
THE	NOTATTONS	[0.6351706036745407, 0.223, 0.6732283464566929, 0.236]	[0.43700787401574803, 0.238, 0.5393700787401575, 0.254]	no-link	question-question	0.2362	0.1982	0.0958	-0.015	-0.018	-0.002	2
THE	PAGE	[0.6351706036745407, 0.223, 0.6732283464566929, 0.236]	[0.2388451443569554, 0.35, 0.28608923884514437, 0.365]	no-link	question-question	0.4344	0.3963	0.3491	-0.127	-0.129	-0.114	2
THE	MISSING	[0.6351706036745407, 0.223, 0.6732283464566929, 0.236]	[0.7913385826771654, 0.35, 0.8753280839895013, 0.366]	no-link	question-question	-0.1181	-0.1562	-0.2402	-0.127	-0.13	-0.114	2
THE	NUMBER(S)	[0.6351706036745407, 0.223, 0.6732283464566929, 0.236]	[0.2900262467191601, 0.352, 0.3937007874015748, 0.367]	no-link	question-question	0.3832	0.3451	0.2415	-0.129	-0.131	-0.116	2
THE	IN	[0.6351706036745407, 0.223, 0.6732283464566929, 0.236]	[0.24015748031496062, 0.365, 0.26246719160104987, 0.38]	no-link	question-question	0.4331	0.395	0.3727	-0.142	-0.144	-0.129	2
THE	FOUND	[0.6351706036745407, 0.223, 0.6732283464566929, 0.236]	[0.4409448818897638, 0.543, 0.5026246719160105, 0.56]	no-link	question-question	0.2323	0.1942	0.1325	-0.32	-0.324	-0.307	2
THE	WITHIN	[0.6351706036745407, 0.223, 0.6732283464566929, 0.236]	[0.510498687664042, 0.543, 0.5787401574803149, 0.56]	no-link	question-question	0.1627	0.1247	0.0564	-0.32	-0.324	-0.307	2
THE	DOCUMENTS	[0.6351706036745407, 0.223, 0.6732283464566929, 0.236]	[0.2742782152230971, 0.544, 0.37926509186351703, 0.56]	no-link	question-question	0.399	0.3609	0.2559	-0.321	-0.324	-0.308	2
THE	NG	[0.6351706036745407, 0.223, 0.6732283464566929, 0.236]	[0.23622047244094488, 0.545, 0.26115485564304464, 0.56]	no-link	question-question	0.437	0.399	0.374	-0.322	-0.324	-0.309	2
TIME	OF	[0.3910761154855643, 0.225, 0.43832020997375326, 0.24]	[0.4461942257217848, 0.225, 0.47244094488188976, 0.24]	word-word	question-question	0.0814	0.0	0.0551	0.0	0.0079	0.015	2
TIME	REPRODUCTION,	[0.3910761154855643, 0.225, 0.43832020997375326, 0.24]	[0.48031496062992124, 0.225, 0.6246719160104987, 0.238]	no-link	question-question	-0.042	-0.0892	-0.2336	0.0	0.002	0.015	2
TIME	THE	[0.3910761154855643, 0.225, 0.43832020997375326, 0.24]	[0.3438320209973753, 0.226, 0.3858267716535433, 0.238]	no-link	question-question	0.0945	0.0472	0.0052	-0.001	0.002	0.014	2
TIME	WERE	[0.3910761154855643, 0.225, 0.43832020997375326, 0.24]	[0.5485564304461942, 0.237, 0.594488188976378, 0.253]	no-link	question-question	-0.1102	-0.1575	-0.2034	-0.012	-0.013	0.003	2
TIME	NOTATTONS	[0.3910761154855643, 0.225, 0.43832020997375326, 0.24]	[0.43700787401574803, 0.238, 0.5393700787401575, 0.254]	no-link	question-question	0.0013	-0.0459	-0.1483	-0.013	-0.014	0.002	2
TIME	FOLLOWING	[0.3910761154855643, 0.225, 0.43832020997375326, 0.24]	[0.3241469816272966, 0.239, 0.42782152230971127, 0.254]	no-link	question-question	0.1142	0.0669	-0.0367	-0.014	-0.014	0.001	2
TIME	PAGE	[0.3910761154855643, 0.225, 0.43832020997375326, 0.24]	[0.2388451443569554, 0.35, 0.28608923884514437, 0.365]	no-link	question-question	0.1995	0.1522	0.105	-0.125	-0.125	-0.11	2
TIME	MISSING	[0.3910761154855643, 0.225, 0.43832020997375326, 0.24]	[0.7913385826771654, 0.35, 0.8753280839895013, 0.366]	no-link	question-question	-0.353	-0.4003	-0.4843	-0.125	-0.126	-0.11	2
TIME	NUMBER(S)	[0.3910761154855643, 0.225, 0.43832020997375326, 0.24]	[0.2900262467191601, 0.352, 0.3937007874015748, 0.367]	no-link	question-question	0.1483	0.101	-0.0026	-0.127	-0.127	-0.112	2
TIME	IN	[0.3910761154855643, 0.225, 0.43832020997375326, 0.24]	[0.24015748031496062, 0.365, 0.26246719160104987, 0.38]	no-link	question-question	0.1982	0.1509	0.1286	-0.14	-0.14	-0.125	2
TIME	FOUND	[0.3910761154855643, 0.225, 0.43832020997375326, 0.24]	[0.4409448818897638, 0.543, 0.5026246719160105, 0.56]	no-link	question-question	-0.0026	-0.0499	-0.1115	-0.318	-0.32	-0.303	2
TIME	WITHIN	[0.3910761154855643, 0.225, 0.43832020997375326, 0.24]	[0.510498687664042, 0.543, 0.5787401574803149, 0.56]	no-link	question-question	-0.0722	-0.1194	-0.1877	-0.318	-0.32	-0.303	2
TIME	DOCUMENTS	[0.3910761154855643, 0.225, 0.43832020997375326, 0.24]	[0.2742782152230971, 0.544, 0.37926509186351703, 0.56]	no-link	question-question	0.164	0.1168	0.0118	-0.319	-0.32	-0.304	2
TIME	NG	[0.3910761154855643, 0.225, 0.43832020997375326, 0.24]	[0.23622047244094488, 0.545, 0.26115485564304464, 0.56]	no-link	question-question	0.2021	0.1549	0.1299	-0.32	-0.32	-0.305	2
OF	REPRODUCTION,	[0.4461942257217848, 0.225, 0.47244094488188976, 0.24]	[0.48031496062992124, 0.225, 0.6246719160104987, 0.238]	word-word	question-question	0.1785	0.0	0.0341	-0.002	0.0079	0.013	2
OF	THE	[0.4461942257217848, 0.225, 0.47244094488188976, 0.24]	[0.3438320209973753, 0.226, 0.3858267716535433, 0.238]	no-link	question-question	0.1286	0.1024	0.0604	-0.001	0.002	0.014	2
OF	WERE	[0.4461942257217848, 0.225, 0.47244094488188976, 0.24]	[0.5485564304461942, 0.237, 0.594488188976378, 0.253]	no-link	question-question	-0.0761	-0.1024	-0.1483	-0.012	-0.013	0.003	2
OF	NOTATTONS	[0.4461942257217848, 0.225, 0.47244094488188976, 0.24]	[0.43700787401574803, 0.238, 0.5393700787401575, 0.254]	no-link	question-question	0.0354	0.0092	-0.0932	-0.013	-0.014	0.002	2
OF	FOLLOWING	[0.4461942257217848, 0.225, 0.47244094488188976, 0.24]	[0.3241469816272966, 0.239, 0.42782152230971127, 0.254]	no-link	question-question	0.1483	0.122	0.0184	-0.014	-0.014	0.001	2
OF	PAGE	[0.4461942257217848, 0.225, 0.47244094488188976, 0.24]	[0.2388451443569554, 0.35, 0.28608923884514437, 0.365]	no-link	question-question	0.2336	0.2073	0.1601	-0.125	-0.125	-0.11	2
OF	MISSING	[0.4461942257217848, 0.225, 0.47244094488188976, 0.24]	[0.7913385826771654, 0.35, 0.8753280839895013, 0.366]	no-link	question-question	-0.3189	-0.3451	-0.4291	-0.125	-0.126	-0.11	2
OF	NUMBER(S)	[0.4461942257217848, 0.225, 0.47244094488188976, 0.24]	[0.2900262467191601, 0.352, 0.3937007874015748, 0.367]	no-link	question-question	0.1824	0.1562	0.0525	-0.127	-0.127	-0.112	2
OF	IN	[0.4461942257217848, 0.225, 0.47244094488188976, 0.24]	[0.24015748031496062, 0.365, 0.26246719160104987, 0.38]	no-link	question-question	0.2323	0.206	0.1837	-0.14	-0.14	-0.125	2
OF	FOUND	[0.4461942257217848, 0.225, 0.47244094488188976, 0.24]	[0.4409448818897638, 0.543, 0.5026246719160105, 0.56]	no-link	question-question	0.0315	0.0052	-0.0564	-0.318	-0.32	-0.303	2
OF	WITHIN	[0.4461942257217848, 0.225, 0.47244094488188976, 0.24]	[0.510498687664042, 0.543, 0.5787401574803149, 0.56]	no-link	question-question	-0.0381	-0.0643	-0.1325	-0.318	-0.32	-0.303	2
OF	DOCUMENTS	[0.4461942257217848, 0.225, 0.47244094488188976, 0.24]	[0.2742782152230971, 0.544, 0.37926509186351703, 0.56]	no-link	question-question	0.1982	0.1719	0.0669	-0.319	-0.32	-0.304	2
OF	NG	[0.4461942257217848, 0.225, 0.47244094488188976, 0.24]	[0.23622047244094488, 0.545, 0.26115485564304464, 0.56]	no-link	question-question	0.2362	0.21	0.185	-0.32	-0.32	-0.305	2
REPRODUCTION,	THE	[0.48031496062992124, 0.225, 0.6246719160104987, 0.238]	[0.6351706036745407, 0.223, 0.6732283464566929, 0.236]	word-word	question-question	0.1929	-0.002	0.1549	-0.002	0.0105	0.011	2
REPRODUCTION,	WERE	[0.48031496062992124, 0.225, 0.6246719160104987, 0.238]	[0.5485564304461942, 0.237, 0.594488188976378, 0.253]	no-link	question-question	0.0761	-0.0682	-0.1142	-0.012	-0.015	0.001	2
REPRODUCTION,	NOTATTONS	[0.48031496062992124, 0.225, 0.6246719160104987, 0.238]	[0.43700787401574803, 0.238, 0.5393700787401575, 0.254]	no-link	question-question	0.1877	0.0433	-0.0591	-0.013	-0.016	0.0	2
REPRODUCTION,	FOLLOWING	[0.48031496062992124, 0.225, 0.6246719160104987, 0.238]	[0.3241469816272966, 0.239, 0.42782152230971127, 0.254]	no-link	question-question	0.3005	0.1562	0.0525	-0.014	-0.016	-0.001	2
REPRODUCTION,	PAGE	[0.48031496062992124, 0.225, 0.6246719160104987, 0.238]	[0.2388451443569554, 0.35, 0.28608923884514437, 0.365]	no-link	question-question	0.3858	0.2415	0.1942	-0.125	-0.127	-0.112	2
REPRODUCTION,	MISSING	[0.48031496062992124, 0.225, 0.6246719160104987, 0.238]	[0.7913385826771654, 0.35, 0.8753280839895013, 0.366]	no-link	question-question	-0.1667	-0.311	-0.395	-0.125	-0.128	-0.112	2
REPRODUCTION,	NUMBER(S)	[0.48031496062992124, 0.225, 0.6246719160104987, 0.238]	[0.2900262467191601, 0.352, 0.3937007874015748, 0.367]	no-link	question-question	0.3346	0.1903	0.0866	-0.127	-0.129	-0.114	2
REPRODUCTION,	IN	[0.48031496062992124, 0.225, 0.6246719160104987, 0.238]	[0.24015748031496062, 0.365, 0.26246719160104987, 0.38]	no-link	question-question	0.3845	0.2402	0.2178	-0.14	-0.142	-0.127	2
REPRODUCTION,	FOUND	[0.48031496062992124, 0.225, 0.6246719160104987, 0.238]	[0.4409448818897638, 0.543, 0.5026246719160105, 0.56]	no-link	question-question	0.1837	0.0394	-0.0223	-0.318	-0.322	-0.305	2
REPRODUCTION,	WITHIN	[0.48031496062992124, 0.225, 0.6246719160104987, 0.238]	[0.510498687664042, 0.543, 0.5787401574803149, 0.56]	no-link	question-question	0.1142	-0.0302	-0.0984	-0.318	-0.322	-0.305	2
REPRODUCTION,	DOCUMENTS	[0.48031496062992124, 0.225, 0.6246719160104987, 0.238]	[0.2742782152230971, 0.544, 0.37926509186351703, 0.56]	no-link	question-question	0.3504	0.206	0.101	-0.319	-0.322	-0.306	2
REPRODUCTION,	NG	[0.48031496062992124, 0.225, 0.6246719160104987, 0.238]	[0.23622047244094488, 0.545, 0.26115485564304464, 0.56]	no-link	question-question	0.3885	0.2441	0.2192	-0.32	-0.322	-0.307	2
THE	TIME	[0.3438320209973753, 0.226, 0.3858267716535433, 0.238]	[0.3910761154855643, 0.225, 0.43832020997375326, 0.24]	word-word	question-question	0.0945	-0.001	0.0472	0.002	0.0052	0.014	2
WERE	MADE:	[0.5485564304461942, 0.237, 0.594488188976378, 0.253]	[0.6023622047244095, 0.238, 0.6614173228346457, 0.253]	word-word	question-question	0.1129	0.001	0.0538	0.0	0.0079	0.016	2
WERE	FOLLOWING	[0.5485564304461942, 0.237, 0.594488188976378, 0.253]	[0.3241469816272966, 0.239, 0.42782152230971127, 0.254]	no-link	question-question	0.2703	0.2244	0.1207	-0.002	-0.001	0.014	2
WERE	PAGE	[0.5485564304461942, 0.237, 0.594488188976378, 0.253]	[0.2388451443569554, 0.35, 0.28608923884514437, 0.365]	no-link	question-question	0.3556	0.3097	0.2625	-0.113	-0.112	-0.097	2
WERE	MISSING	[0.5485564304461942, 0.237, 0.594488188976378, 0.253]	[0.7913385826771654, 0.35, 0.8753280839895013, 0.366]	no-link	question-question	-0.1969	-0.2428	-0.3268	-0.113	-0.113	-0.097	2
WERE	NUMBER(S)	[0.5485564304461942, 0.237, 0.594488188976378, 0.253]	[0.2900262467191601, 0.352, 0.3937007874015748, 0.367]	no-link	question-question	0.3045	0.2585	0.1549	-0.115	-0.114	-0.099	2
WERE	IN	[0.5485564304461942, 0.237, 0.594488188976378, 0.253]	[0.24015748031496062, 0.365, 0.26246719160104987, 0.38]	no-link	question-question	0.3543	0.3084	0.2861	-0.128	-0.127	-0.112	2
WERE	THE	[0.5485564304461942, 0.237, 0.594488188976378, 0.253]	[0.2742782152230971, 0.366, 0.3123359580052493, 0.378]	no-link	question-question	0.3202	0.2743	0.2362	-0.129	-0.125	-0.113	2
WERE	FOUND	[0.5485564304461942, 0.237, 0.594488188976378, 0.253]	[0.4409448818897638, 0.543, 0.5026246719160105, 0.56]	no-link	question-question	0.1535	0.1076	0.0459	-0.306	-0.307	-0.29	2
WERE	WITHIN	[0.5485564304461942, 0.237, 0.594488188976378, 0.253]	[0.510498687664042, 0.543, 0.5787401574803149, 0.56]	no-link	question-question	0.084	0.0381	-0.0302	-0.306	-0.307	-0.29	2
WERE	DOCUMENTS	[0.5485564304461942, 0.237, 0.594488188976378, 0.253]	[0.2742782152230971, 0.544, 0.37926509186351703, 0.56]	no-link	question-question	0.3202	0.2743	0.1693	-0.307	-0.307	-0.291	2
WERE	NG	[0.5485564304461942, 0.237, 0.594488188976378, 0.253]	[0.23622047244094488, 0.545, 0.26115485564304464, 0.56]	no-link	question-question	0.3583	0.3123	0.2874	-0.308	-0.307	-0.292	2
WERE	FILE	[0.5485564304461942, 0.237, 0.594488188976378, 0.253]	[0.40813648293963256, 0.572, 0.4540682414698163, 0.585]	no-link	question-answer	0.1864	0.1404	0.0945	-0.335	-0.332	-0.319	2
NOTATTONS	WERE	[0.43700787401574803, 0.238, 0.5393700787401575, 0.254]	[0.5485564304461942, 0.237, 0.594488188976378, 0.253]	word-word	question-question	0.1575	-0.001	0.1115	-0.001	0.0092	0.015	2
NOTATTONS	PAGE	[0.43700787401574803, 0.238, 0.5393700787401575, 0.254]	[0.2388451443569554, 0.35, 0.28608923884514437, 0.365]	no-link	question-question	0.3005	0.1982	0.1509	-0.112	-0.111	-0.096	2
NOTATTONS	MISSING	[0.43700787401574803, 0.238, 0.5393700787401575, 0.254]	[0.7913385826771654, 0.35, 0.8753280839895013, 0.366]	no-link	question-question	-0.252	-0.3543	-0.4383	-0.112	-0.112	-0.096	2
NOTATTONS	NUMBER(S)	[0.43700787401574803, 0.238, 0.5393700787401575, 0.254]	[0.2900262467191601, 0.352, 0.3937007874015748, 0.367]	no-link	question-question	0.2493	0.147	0.0433	-0.114	-0.113	-0.098	2
NOTATTONS	IN	[0.43700787401574803, 0.238, 0.5393700787401575, 0.254]	[0.24015748031496062, 0.365, 0.26246719160104987, 0.38]	no-link	question-question	0.2992	0.1969	0.1745	-0.127	-0.126	-0.111	2
NOTATTONS	THE	[0.43700787401574803, 0.238, 0.5393700787401575, 0.254]	[0.2742782152230971, 0.366, 0.3123359580052493, 0.378]	no-link	question-question	0.2651	0.1627	0.1247	-0.128	-0.124	-0.112	2
NOTATTONS	FOUND	[0.43700787401574803, 0.238, 0.5393700787401575, 0.254]	[0.4409448818897638, 0.543, 0.5026246719160105, 0.56]	no-link	question-question	0.0984	-0.0039	-0.0656	-0.305	-0.306	-0.289	2
NOTATTONS	WITHIN	[0.43700787401574803, 0.238, 0.5393700787401575, 0.254]	[0.510498687664042, 0.543, 0.5787401574803149, 0.56]	no-link	question-question	0.0289	-0.0735	-0.1417	-0.305	-0.306	-0.289	2
NOTATTONS	DOCUMENTS	[0.43700787401574803, 0.238, 0.5393700787401575, 0.254]	[0.2742782152230971, 0.544, 0.37926509186351703, 0.56]	no-link	question-question	0.2651	0.1627	0.0577	-0.306	-0.306	-0.29	2
NOTATTONS	NG	[0.43700787401574803, 0.238, 0.5393700787401575, 0.254]	[0.23622047244094488, 0.545, 0.26115485564304464, 0.56]	no-link	question-question	0.3031	0.2008	0.1759	-0.307	-0.306	-0.291	2
NOTATTONS	FILE	[0.43700787401574803, 0.238, 0.5393700787401575, 0.254]	[0.40813648293963256, 0.572, 0.4540682414698163, 0.585]	no-link	question-answer	0.1312	0.0289	-0.0171	-0.334	-0.331	-0.318	2
NOTATTONS	EXPANDABLE	[0.43700787401574803, 0.238, 0.5393700787401575, 0.254]	[0.49606299212598426, 0.598, 0.610236220472441, 0.615]	no-link	question-answer	0.0433	-0.0591	-0.1732	-0.36	-0.361	-0.344	2
FOLLOWING	NOTATTONS	[0.3241469816272966, 0.239, 0.42782152230971127, 0.254]	[0.43700787401574803, 0.238, 0.5393700787401575, 0.254]	word-word	question-question	0.2152	-0.001	0.1129	0.0	0.0092	0.015	2
FOLLOWING	PAGE	[0.3241469816272966, 0.239, 0.42782152230971127, 0.254]	[0.2388451443569554, 0.35, 0.28608923884514437, 0.365]	no-link	question-question	0.189	0.0853	0.0381	-0.111	-0.111	-0.096	2
FOLLOWING	WERE	[0.3241469816272966, 0.239, 0.42782152230971127, 0.254]	[0.7388451443569554, 0.35, 0.7874015748031497, 0.365]	no-link	question-question	-0.311	-0.4147	-0.4633	-0.111	-0.111	-0.096	2
FOLLOWING	MISSING	[0.3241469816272966, 0.239, 0.42782152230971127, 0.254]	[0.7913385826771654, 0.35, 0.8753280839895013, 0.366]	no-link	question-question	-0.3635	-0.4672	-0.5512	-0.111	-0.112	-0.096	2
FOLLOWING	NUMBER(S)	[0.3241469816272966, 0.239, 0.42782152230971127, 0.254]	[0.2900262467191601, 0.352, 0.3937007874015748, 0.367]	no-link	question-question	0.1378	0.0341	-0.0696	-0.113	-0.113	-0.098	2
FOLLOWING	IN	[0.3241469816272966, 0.239, 0.42782152230971127, 0.254]	[0.24015748031496062, 0.365, 0.26246719160104987, 0.38]	no-link	question-question	0.1877	0.084	0.0617	-0.126	-0.126	-0.111	2
FOLLOWING	THE	[0.3241469816272966, 0.239, 0.42782152230971127, 0.254]	[0.2742782152230971, 0.366, 0.3123359580052493, 0.378]	no-link	question-question	0.1535	0.0499	0.0118	-0.127	-0.124	-0.112	2
FOLLOWING	FOUND	[0.3241469816272966, 0.239, 0.42782152230971127, 0.254]	[0.4409448818897638, 0.543, 0.5026246719160105, 0.56]	no-link	question-question	-0.0131	-0.1168	-0.1785	-0.304	-0.306	-0.289	2
FOLLOWING	WITHIN	[0.3241469816272966, 0.239, 0.42782152230971127, 0.254]	[0.510498687664042, 0.543, 0.5787401574803149, 0.56]	no-link	question-question	-0.0827	-0.1864	-0.2546	-0.304	-0.306	-0.289	2
FOLLOWING	DOCUMENTS	[0.3241469816272966, 0.239, 0.42782152230971127, 0.254]	[0.2742782152230971, 0.544, 0.37926509186351703, 0.56]	no-link	question-question	0.1535	0.0499	-0.0551	-0.305	-0.306	-0.29	2
FOLLOWING	NG	[0.3241469816272966, 0.239, 0.42782152230971127, 0.254]	[0.23622047244094488, 0.545, 0.26115485564304464, 0.56]	no-link	question-question	0.1916	0.0879	0.063	-0.306	-0.306	-0.291	2
FOLLOWING	FILE	[0.3241469816272966, 0.239, 0.42782152230971127, 0.254]	[0.40813648293963256, 0.572, 0.4540682414698163, 0.585]	no-link	question-answer	0.0197	-0.084	-0.1299	-0.333	-0.331	-0.318	2
FOLLOWING	EXPANDABLE	[0.3241469816272966, 0.239, 0.42782152230971127, 0.254]	[0.49606299212598426, 0.598, 0.610236220472441, 0.615]	no-link	question-answer	-0.0682	-0.1719	-0.2861	-0.359	-0.361	-0.344	2
FOLLOWING	REDROPE	[0.3241469816272966, 0.239, 0.42782152230971127, 0.254]	[0.4068241469816273, 0.599, 0.489501312335958, 0.615]	no-link	question-answer	0.021	-0.0827	-0.1654	-0.36	-0.361	-0.345	2
PAGE	NG	[0.2388451443569554, 0.35, 0.28608923884514437, 0.365]	[0.23622047244094488, 0.545, 0.26115485564304464, 0.56]	line-line	question-question	0.0223	0.195	-0.0026	0.195	-0.0499	0.21	3
PAGE	WERE	[0.2388451443569554, 0.35, 0.28608923884514437, 0.365]	[0.7388451443569554, 0.35, 0.7874015748031497, 0.365]	no-link	question-question	-0.4528	-0.5	-0.5486	0.0	0.0	0.015	3
PAGE	MISSING	[0.2388451443569554, 0.35, 0.28608923884514437, 0.365]	[0.7913385826771654, 0.35, 0.8753280839895013, 0.366]	no-link	question-question	-0.5052	-0.5525	-0.6365	0.0	-0.001	0.015	3
PAGE	NUMBER(S)	[0.2388451443569554, 0.35, 0.28608923884514437, 0.365]	[0.2900262467191601, 0.352, 0.3937007874015748, 0.367]	no-link	question-question	-0.0039	-0.0512	-0.1549	-0.002	-0.002	0.013	3
PAGE	IN	[0.2388451443569554, 0.35, 0.28608923884514437, 0.365]	[0.24015748031496062, 0.365, 0.26246719160104987, 0.38]	no-link	question-question	0.0459	-0.0013	-0.0236	-0.015	-0.015	0.0	3
PAGE	THE	[0.2388451443569554, 0.35, 0.28608923884514437, 0.365]	[0.2742782152230971, 0.366, 0.3123359580052493, 0.378]	no-link	question-question	0.0118	-0.0354	-0.0735	-0.016	-0.013	-0.001	3
PAGE	FOUND	[0.2388451443569554, 0.35, 0.28608923884514437, 0.365]	[0.4409448818897638, 0.543, 0.5026246719160105, 0.56]	no-link	question-question	-0.1549	-0.2021	-0.2638	-0.193	-0.195	-0.178	3
PAGE	WITHIN	[0.2388451443569554, 0.35, 0.28608923884514437, 0.365]	[0.510498687664042, 0.543, 0.5787401574803149, 0.56]	no-link	question-question	-0.2244	-0.2717	-0.3399	-0.193	-0.195	-0.178	3
PAGE	DOCUMENTS	[0.2388451443569554, 0.35, 0.28608923884514437, 0.365]	[0.2742782152230971, 0.544, 0.37926509186351703, 0.56]	no-link	question-question	0.0118	-0.0354	-0.1404	-0.194	-0.195	-0.179	3
PAGE	FILE	[0.2388451443569554, 0.35, 0.28608923884514437, 0.365]	[0.40813648293963256, 0.572, 0.4540682414698163, 0.585]	no-link	question-answer	-0.122	-0.1693	-0.2152	-0.222	-0.22	-0.207	3
PAGE	EXPANDABLE	[0.2388451443569554, 0.35, 0.28608923884514437, 0.365]	[0.49606299212598426, 0.598, 0.610236220472441, 0.615]	no-link	question-answer	-0.21	-0.2572	-0.3714	-0.248	-0.25	-0.233	3
PAGE	REDROPE	[0.2388451443569554, 0.35, 0.28608923884514437, 0.365]	[0.4068241469816273, 0.599, 0.489501312335958, 0.615]	no-link	question-answer	-0.1207	-0.168	-0.2507	-0.249	-0.25	-0.234	3
PAGE	HANGING	[0.2388451443569554, 0.35, 0.28608923884514437, 0.365]	[0.4068241469816273, 0.626, 0.4868766404199475, 0.642]	no-link	question-answer	-0.1207	-0.168	-0.248	-0.276	-0.277	-0.261	3
PAGE	NUMBER(S)	[0.2388451443569554, 0.35, 0.28608923884514437, 0.365]	[0.2900262467191601, 0.352, 0.3937007874015748, 0.367]	word-word	question-question	0.1549	0.002	0.0512	0.002	0.0039	0.017	3
PAGE	OTHER	[0.2388451443569554, 0.35, 0.28608923884514437, 0.365]	[0.4068241469816273, 0.682, 0.4658792650918635, 0.698]	no-link	question-answer	-0.1207	-0.168	-0.227	-0.332	-0.333	-0.317	3
WERE	MISSING	[0.7388451443569554, 0.35, 0.7874015748031497, 0.365]	[0.7913385826771654, 0.35, 0.8753280839895013, 0.366]	word-word	question-question	0.1365	0.0	0.0525	0.001	0.0039	0.016	3
WERE	EXPANDABLE	[0.7388451443569554, 0.35, 0.7874015748031497, 0.365]	[0.49606299212598426, 0.598, 0.610236220472441, 0.615]	no-link	question-answer	0.2913	0.2428	0.1286	-0.248	-0.25	-0.233	3
WERE	REDROPE	[0.7388451443569554, 0.35, 0.7874015748031497, 0.365]	[0.4068241469816273, 0.599, 0.489501312335958, 0.615]	no-link	question-answer	0.3806	0.332	0.2493	-0.249	-0.25	-0.234	3
WERE	HANGING	[0.7388451443569554, 0.35, 0.7874015748031497, 0.365]	[0.4068241469816273, 0.626, 0.4868766404199475, 0.642]	no-link	question-answer	0.3806	0.332	0.252	-0.276	-0.277	-0.261	3
WERE	OTHER	[0.7388451443569554, 0.35, 0.7874015748031497, 0.365]	[0.4068241469816273, 0.682, 0.4658792650918635, 0.698]	no-link	question-answer	0.3806	0.332	0.273	-0.332	-0.333	-0.317	3
MISSING	IN	[0.7913385826771654, 0.35, 0.8753280839895013, 0.366]	[0.24015748031496062, 0.365, 0.26246719160104987, 0.38]	word-word	question-question	-0.5289	0.015	-0.5512	0.014	-0.6352	0.03	3
MISSING	THE	[0.7913385826771654, 0.35, 0.8753280839895013, 0.366]	[0.2742782152230971, 0.366, 0.3123359580052493, 0.378]	no-link	question-question	0.601	0.5171	0.479	-0.016	-0.012	0.0	3
MISSING	FOUND	[0.7913385826771654, 0.35, 0.8753280839895013, 0.366]	[0.4409448818897638, 0.543, 0.5026246719160105, 0.56]	no-link	question-question	0.4344	0.3504	0.2887	-0.193	-0.194	-0.177	3
MISSING	WITHIN	[0.7913385826771654, 0.35, 0.8753280839895013, 0.366]	[0.510498687664042, 0.543, 0.5787401574803149, 0.56]	no-link	question-question	0.3648	0.2808	0.2126	-0.193	-0.194	-0.177	3
MISSING	DOCUMENTS	[0.7913385826771654, 0.35, 0.8753280839895013, 0.366]	[0.2742782152230971, 0.544, 0.37926509186351703, 0.56]	no-link	question-question	0.601	0.5171	0.4121	-0.194	-0.194	-0.178	3
MISSING	WERE	[0.7913385826771654, 0.35, 0.8753280839895013, 0.366]	[0.38713910761154857, 0.544, 0.4304461942257218, 0.559]	no-link	question-question	0.4882	0.4042	0.3609	-0.194	-0.193	-0.178	3
MISSING	NG	[0.7913385826771654, 0.35, 0.8753280839895013, 0.366]	[0.23622047244094488, 0.545, 0.26115485564304464, 0.56]	no-link	question-question	0.6391	0.5551	0.5302	-0.195	-0.194	-0.179	3
MISSING	FILE	[0.7913385826771654, 0.35, 0.8753280839895013, 0.366]	[0.40813648293963256, 0.572, 0.4540682414698163, 0.585]	no-link	question-answer	0.4672	0.3832	0.3373	-0.222	-0.219	-0.206	3
MISSING	EXPANDABLE	[0.7913385826771654, 0.35, 0.8753280839895013, 0.366]	[0.49606299212598426, 0.598, 0.610236220472441, 0.615]	no-link	question-answer	0.3793	0.2953	0.1811	-0.248	-0.249	-0.232	3
MISSING	REDROPE	[0.7913385826771654, 0.35, 0.8753280839895013, 0.366]	[0.4068241469816273, 0.599, 0.489501312335958, 0.615]	no-link	question-answer	0.4685	0.3845	0.3018	-0.249	-0.249	-0.233	3
MISSING	HANGING	[0.7913385826771654, 0.35, 0.8753280839895013, 0.366]	[0.4068241469816273, 0.626, 0.4868766404199475, 0.642]	no-link	question-answer	0.4685	0.3845	0.3045	-0.276	-0.276	-0.26	3
MISSING	OTHER	[0.7913385826771654, 0.35, 0.8753280839895013, 0.366]	[0.4068241469816273, 0.682, 0.4658792650918635, 0.698]	no-link	question-answer	0.4685	0.3845	0.3255	-0.332	-0.332	-0.316	3
NUMBER(S)	WERE	[0.2900262467191601, 0.352, 0.3937007874015748, 0.367]	[0.7388451443569554, 0.35, 0.7874015748031497, 0.365]	word-word	question-question	0.4974	-0.002	0.4488	-0.002	0.3451	0.013	3
NUMBER(S)	THE	[0.2900262467191601, 0.352, 0.3937007874015748, 0.367]	[0.2742782152230971, 0.366, 0.3123359580052493, 0.378]	no-link	question-question	0.1194	0.0157	-0.0223	-0.014	-0.011	0.001	3
NUMBER(S)	FOUND	[0.2900262467191601, 0.352, 0.3937007874015748, 0.367]	[0.4409448818897638, 0.543, 0.5026246719160105, 0.56]	no-link	question-question	-0.0472	-0.1509	-0.2126	-0.191	-0.193	-0.176	3
NUMBER(S)	WITHIN	[0.2900262467191601, 0.352, 0.3937007874015748, 0.367]	[0.510498687664042, 0.543, 0.5787401574803149, 0.56]	no-link	question-question	-0.1168	-0.2205	-0.2887	-0.191	-0.193	-0.176	3
NUMBER(S)	DOCUMENTS	[0.2900262467191601, 0.352, 0.3937007874015748, 0.367]	[0.2742782152230971, 0.544, 0.37926509186351703, 0.56]	no-link	question-question	0.1194	0.0157	-0.0892	-0.192	-0.193	-0.177	3
NUMBER(S)	NG	[0.2900262467191601, 0.352, 0.3937007874015748, 0.367]	[0.23622047244094488, 0.545, 0.26115485564304464, 0.56]	no-link	question-question	0.1575	0.0538	0.0289	-0.193	-0.193	-0.178	3
NUMBER(S)	FILE	[0.2900262467191601, 0.352, 0.3937007874015748, 0.367]	[0.40813648293963256, 0.572, 0.4540682414698163, 0.585]	no-link	question-answer	-0.0144	-0.1181	-0.164	-0.22	-0.218	-0.205	3
NUMBER(S)	EXPANDABLE	[0.2900262467191601, 0.352, 0.3937007874015748, 0.367]	[0.49606299212598426, 0.598, 0.610236220472441, 0.615]	no-link	question-answer	-0.1024	-0.206	-0.3202	-0.246	-0.248	-0.231	3
NUMBER(S)	REDROPE	[0.2900262467191601, 0.352, 0.3937007874015748, 0.367]	[0.4068241469816273, 0.599, 0.489501312335958, 0.615]	no-link	question-answer	-0.0131	-0.1168	-0.1995	-0.247	-0.248	-0.232	3
NUMBER(S)	HANGING	[0.2900262467191601, 0.352, 0.3937007874015748, 0.367]	[0.4068241469816273, 0.626, 0.4868766404199475, 0.642]	no-link	question-answer	-0.0131	-0.1168	-0.1969	-0.274	-0.275	-0.259	3
NUMBER(S)	OTHER	[0.2900262467191601, 0.352, 0.3937007874015748, 0.367]	[0.4068241469816273, 0.682, 0.4658792650918635, 0.698]	no-link	question-answer	-0.0131	-0.1168	-0.1759	-0.33	-0.331	-0.315	3
IN	THE	[0.24015748031496062, 0.365, 0.26246719160104987, 0.38]	[0.2742782152230971, 0.366, 0.3123359580052493, 0.378]	word-word	question-question	0.0722	0.001	0.0341	-0.002	0.0118	0.013	3
IN	FOUND	[0.24015748031496062, 0.365, 0.26246719160104987, 0.38]	[0.4409448818897638, 0.543, 0.5026246719160105, 0.56]	no-link	question-question	-0.1785	-0.2008	-0.2625	-0.178	-0.18	-0.163	3
IN	WITHIN	[0.24015748031496062, 0.365, 0.26246719160104987, 0.38]	[0.510498687664042, 0.543, 0.5787401574803149, 0.56]	no-link	question-question	-0.248	-0.2703	-0.3386	-0.178	-0.18	-0.163	3
IN	DOCUMENTS	[0.24015748031496062, 0.365, 0.26246719160104987, 0.38]	[0.2742782152230971, 0.544, 0.37926509186351703, 0.56]	no-link	question-question	-0.0118	-0.0341	-0.1391	-0.179	-0.18	-0.164	3
IN	WERE	[0.24015748031496062, 0.365, 0.26246719160104987, 0.38]	[0.38713910761154857, 0.544, 0.4304461942257218, 0.559]	no-link	question-question	-0.1247	-0.147	-0.1903	-0.179	-0.179	-0.164	3
IN	NG	[0.24015748031496062, 0.365, 0.26246719160104987, 0.38]	[0.23622047244094488, 0.545, 0.26115485564304464, 0.56]	no-link	question-question	0.0262	0.0039	-0.021	-0.18	-0.18	-0.165	3
IN	FILE	[0.24015748031496062, 0.365, 0.26246719160104987, 0.38]	[0.40813648293963256, 0.572, 0.4540682414698163, 0.585]	no-link	question-answer	-0.1457	-0.168	-0.2139	-0.207	-0.205	-0.192	3
IN	EXPANDABLE	[0.24015748031496062, 0.365, 0.26246719160104987, 0.38]	[0.49606299212598426, 0.598, 0.610236220472441, 0.615]	no-link	question-answer	-0.2336	-0.2559	-0.3701	-0.233	-0.235	-0.218	3
IN	REDROPE	[0.24015748031496062, 0.365, 0.26246719160104987, 0.38]	[0.4068241469816273, 0.599, 0.489501312335958, 0.615]	no-link	question-answer	-0.1444	-0.1667	-0.2493	-0.234	-0.235	-0.219	3
IN	HANGING	[0.24015748031496062, 0.365, 0.26246719160104987, 0.38]	[0.4068241469816273, 0.626, 0.4868766404199475, 0.642]	no-link	question-answer	-0.1444	-0.1667	-0.2467	-0.261	-0.262	-0.246	3
IN	OTHER	[0.24015748031496062, 0.365, 0.26246719160104987, 0.38]	[0.4068241469816273, 0.682, 0.4658792650918635, 0.698]	no-link	question-answer	-0.1444	-0.1667	-0.2257	-0.317	-0.318	-0.302	3
THE	ORIGINAL.	[0.2742782152230971, 0.366, 0.3123359580052493, 0.378]	[0.31758530183727035, 0.366, 0.4199475065616798, 0.378]	word-word	question-question	0.1457	0.0	0.0433	0.0	0.0052	0.012	3
THE	FILE	[0.2742782152230971, 0.366, 0.3123359580052493, 0.378]	[0.40813648293963256, 0.572, 0.4540682414698163, 0.585]	no-link	question-answer	-0.0958	-0.1339	-0.1798	-0.206	-0.207	-0.194	3
THE	EXPANDABLE	[0.2742782152230971, 0.366, 0.3123359580052493, 0.378]	[0.49606299212598426, 0.598, 0.610236220472441, 0.615]	no-link	question-answer	-0.1837	-0.2218	-0.336	-0.232	-0.237	-0.22	3
THE	REDROPE	[0.2742782152230971, 0.366, 0.3123359580052493, 0.378]	[0.4068241469816273, 0.599, 0.489501312335958, 0.615]	no-link	question-answer	-0.0945	-0.1325	-0.2152	-0.233	-0.237	-0.221	3
THE	HANGING	[0.2742782152230971, 0.366, 0.3123359580052493, 0.378]	[0.4068241469816273, 0.626, 0.4868766404199475, 0.642]	no-link	question-answer	-0.0945	-0.1325	-0.2126	-0.26	-0.264	-0.248	3
THE	OTHER	[0.2742782152230971, 0.366, 0.3123359580052493, 0.378]	[0.4068241469816273, 0.682, 0.4658792650918635, 0.698]	no-link	question-answer	-0.0945	-0.1325	-0.1916	-0.316	-0.32	-0.304	3
FOUND	WITHIN	[0.4409448818897638, 0.543, 0.5026246719160105, 0.56]	[0.510498687664042, 0.543, 0.5787401574803149, 0.56]	word-word	question-question	0.1378	0.0	0.0696	0.0	0.0079	0.017	4
FOUND	THE	[0.4409448818897638, 0.543, 0.5026246719160105, 0.56]	[0.583989501312336, 0.543, 0.6207349081364829, 0.56]	no-link	question-question	-0.0814	-0.143	-0.1798	0.0	0.0	0.017	4
FOUND	DOCUMENTS	[0.4409448818897638, 0.543, 0.5026246719160105, 0.56]	[0.2742782152230971, 0.544, 0.37926509186351703, 0.56]	no-link	question-question	0.2283	0.1667	0.0617	-0.001	0.0	0.016	4
FOUND	WERE	[0.4409448818897638, 0.543, 0.5026246719160105, 0.56]	[0.38713910761154857, 0.544, 0.4304461942257218, 0.559]	no-link	question-question	0.1155	0.0538	0.0105	-0.001	0.001	0.016	4
FOUND	NG	[0.4409448818897638, 0.543, 0.5026246719160105, 0.56]	[0.23622047244094488, 0.545, 0.26115485564304464, 0.56]	no-link	question-question	0.2664	0.2047	0.1798	-0.002	0.0	0.015	4
FOUND	FILE	[0.4409448818897638, 0.543, 0.5026246719160105, 0.56]	[0.40813648293963256, 0.572, 0.4540682414698163, 0.585]	no-link	question-answer	0.0945	0.0328	-0.0131	-0.029	-0.025	-0.012	4
FOUND	EXPANDABLE	[0.4409448818897638, 0.543, 0.5026246719160105, 0.56]	[0.49606299212598426, 0.598, 0.610236220472441, 0.615]	no-link	question-answer	0.0066	-0.0551	-0.1693	-0.055	-0.055	-0.038	4
FOUND	REDROPE	[0.4409448818897638, 0.543, 0.5026246719160105, 0.56]	[0.4068241469816273, 0.599, 0.489501312335958, 0.615]	no-link	question-answer	0.0958	0.0341	-0.0486	-0.056	-0.055	-0.039	4
FOUND	HANGING	[0.4409448818897638, 0.543, 0.5026246719160105, 0.56]	[0.4068241469816273, 0.626, 0.4868766404199475, 0.642]	no-link	question-answer	0.0958	0.0341	-0.0459	-0.083	-0.082	-0.066	4
FOUND	OTHER	[0.4409448818897638, 0.543, 0.5026246719160105, 0.56]	[0.4068241469816273, 0.682, 0.4658792650918635, 0.698]	no-link	question-answer	0.0958	0.0341	-0.0249	-0.139	-0.138	-0.122	4
WITHIN	THE	[0.510498687664042, 0.543, 0.5787401574803149, 0.56]	[0.583989501312336, 0.543, 0.6207349081364829, 0.56]	word-word	question-question	0.1102	0.0	0.0735	0.0	0.0052	0.017	4
WITHIN	DOCUMENTS	[0.510498687664042, 0.543, 0.5787401574803149, 0.56]	[0.2742782152230971, 0.544, 0.37926509186351703, 0.56]	no-link	question-question	0.3045	0.2362	0.1312	-0.001	0.0	0.016	4
WITHIN	WERE	[0.510498687664042, 0.543, 0.5787401574803149, 0.56]	[0.38713910761154857, 0.544, 0.4304461942257218, 0.559]	no-link	question-question	0.1916	0.1234	0.0801	-0.001	0.001	0.016	4
WITHIN	NG	[0.510498687664042, 0.543, 0.5787401574803149, 0.56]	[0.23622047244094488, 0.545, 0.26115485564304464, 0.56]	no-link	question-question	0.3425	0.2743	0.2493	-0.002	0.0	0.015	4
WITHIN	FILE	[0.510498687664042, 0.543, 0.5787401574803149, 0.56]	[0.40813648293963256, 0.572, 0.4540682414698163, 0.585]	no-link	question-answer	0.1706	0.1024	0.0564	-0.029	-0.025	-0.012	4
WITHIN	EXPANDABLE	[0.510498687664042, 0.543, 0.5787401574803149, 0.56]	[0.49606299212598426, 0.598, 0.610236220472441, 0.615]	no-link	question-answer	0.0827	0.0144	-0.0997	-0.055	-0.055	-0.038	4
WITHIN	REDROPE	[0.510498687664042, 0.543, 0.5787401574803149, 0.56]	[0.4068241469816273, 0.599, 0.489501312335958, 0.615]	no-link	question-answer	0.1719	0.1037	0.021	-0.056	-0.055	-0.039	4
WITHIN	HANGING	[0.510498687664042, 0.543, 0.5787401574803149, 0.56]	[0.4068241469816273, 0.626, 0.4868766404199475, 0.642]	no-link	question-answer	0.1719	0.1037	0.0236	-0.083	-0.082	-0.066	4
WITHIN	OTHER	[0.510498687664042, 0.543, 0.5787401574803149, 0.56]	[0.4068241469816273, 0.682, 0.4658792650918635, 0.698]	no-link	question-answer	0.1719	0.1037	0.0446	-0.139	-0.138	-0.122	4
THE	ORIGINAL:	[0.583989501312336, 0.543, 0.6207349081364829, 0.56]	[0.6299212598425197, 0.541, 0.7335958005249343, 0.56]	word-word	question-question	0.1496	-0.002	0.0459	0.0	0.0092	0.017	4
DOCUMENTS	WERE	[0.2742782152230971, 0.544, 0.37926509186351703, 0.56]	[0.38713910761154857, 0.544, 0.4304461942257218, 0.559]	word-word	question-question	0.1562	0.0	0.1129	-0.001	0.0079	0.015	4
DOCUMENTS	NG	[0.2742782152230971, 0.544, 0.37926509186351703, 0.56]	[0.23622047244094488, 0.545, 0.26115485564304464, 0.56]	no-link	question-question	0.143	0.0381	0.0131	-0.001	0.0	0.015	4
DOCUMENTS	FILE	[0.2742782152230971, 0.544, 0.37926509186351703, 0.56]	[0.40813648293963256, 0.572, 0.4540682414698163, 0.585]	no-link	question-answer	-0.0289	-0.1339	-0.1798	-0.028	-0.025	-0.012	4
DOCUMENTS	EXPANDABLE	[0.2742782152230971, 0.544, 0.37926509186351703, 0.56]	[0.49606299212598426, 0.598, 0.610236220472441, 0.615]	no-link	question-answer	-0.1168	-0.2218	-0.336	-0.054	-0.055	-0.038	4
DOCUMENTS	REDROPE	[0.2742782152230971, 0.544, 0.37926509186351703, 0.56]	[0.4068241469816273, 0.599, 0.489501312335958, 0.615]	no-link	question-answer	-0.0276	-0.1325	-0.2152	-0.055	-0.055	-0.039	4
DOCUMENTS	HANGING	[0.2742782152230971, 0.544, 0.37926509186351703, 0.56]	[0.4068241469816273, 0.626, 0.4868766404199475, 0.642]	no-link	question-answer	-0.0276	-0.1325	-0.2126	-0.082	-0.082	-0.066	4
DOCUMENTS	OTHER	[0.2742782152230971, 0.544, 0.37926509186351703, 0.56]	[0.4068241469816273, 0.682, 0.4658792650918635, 0.698]	no-link	question-answer	-0.0276	-0.1325	-0.1916	-0.138	-0.138	-0.122	4
WERE	FOUND	[0.38713910761154857, 0.544, 0.4304461942257218, 0.559]	[0.4409448818897638, 0.543, 0.5026246719160105, 0.56]	word-word	question-question	0.1155	-0.001	0.0538	0.001	0.0105	0.016	4
NG	DOCUMENTS	[0.23622047244094488, 0.545, 0.26115485564304464, 0.56]	[0.2742782152230971, 0.544, 0.37926509186351703, 0.56]	word-word	question-question	0.143	-0.001	0.0381	0.0	0.0131	0.015	4
NG	FILE	[0.23622047244094488, 0.545, 0.26115485564304464, 0.56]	[0.40813648293963256, 0.572, 0.4540682414698163, 0.585]	no-link	question-answer	-0.147	-0.1719	-0.2178	-0.027	-0.025	-0.012	4
NG	EXPANDABLE	[0.23622047244094488, 0.545, 0.26115485564304464, 0.56]	[0.49606299212598426, 0.598, 0.610236220472441, 0.615]	no-link	question-answer	-0.2349	-0.2598	-0.374	-0.053	-0.055	-0.038	4
NG	REDROPE	[0.23622047244094488, 0.545, 0.26115485564304464, 0.56]	[0.4068241469816273, 0.599, 0.489501312335958, 0.615]	no-link	question-answer	-0.1457	-0.1706	-0.2533	-0.054	-0.055	-0.039	4
NG	HANGING	[0.23622047244094488, 0.545, 0.26115485564304464, 0.56]	[0.4068241469816273, 0.626, 0.4868766404199475, 0.642]	no-link	question-answer	-0.1457	-0.1706	-0.2507	-0.081	-0.082	-0.066	4
NG	OTHER	[0.23622047244094488, 0.545, 0.26115485564304464, 0.56]	[0.4068241469816273, 0.682, 0.4658792650918635, 0.698]	no-link	question-answer	-0.1457	-0.1706	-0.2297	-0.137	-0.138	-0.122	4
NG	FILE	[0.23622047244094488, 0.545, 0.26115485564304464, 0.56]	[0.40813648293963256, 0.572, 0.4540682414698163, 0.585]	question-answer	question-answer	0.2178	0.027	0.1719	0.025	0.147	0.04	4
NG	REDROPE	[0.23622047244094488, 0.545, 0.26115485564304464, 0.56]	[0.4068241469816273, 0.599, 0.489501312335958, 0.615]	question-answer	question-answer	0.2533	0.054	0.1706	0.055	0.1457	0.07	4
NG	HANGING	[0.23622047244094488, 0.545, 0.26115485564304464, 0.56]	[0.4068241469816273, 0.626, 0.4868766404199475, 0.642]	question-answer	question-answer	0.2507	0.081	0.1706	0.082	0.1457	0.097	4
NG	ENVELOPE	[0.23622047244094488, 0.545, 0.26115485564304464, 0.56]	[0.410761154855643, 0.654, 0.5026246719160105, 0.671]	question-answer	question-answer	0.2664	0.109	0.1745	0.111	0.1496	0.126	4
NG	OTHER	[0.23622047244094488, 0.545, 0.26115485564304464, 0.56]	[0.4068241469816273, 0.682, 0.4658792650918635, 0.698]	question-answer	question-answer	0.2297	0.137	0.1706	0.138	0.1457	0.153	4
FILE	FOLDER	[0.40813648293963256, 0.572, 0.4540682414698163, 0.585]	[0.4645669291338583, 0.571, 0.5328083989501312, 0.588]	word-word	answer-answer	0.1247	-0.001	0.0564	0.003	0.0105	0.016	4
FILE	REDROPE	[0.40813648293963256, 0.572, 0.4540682414698163, 0.585]	[0.4068241469816273, 0.599, 0.489501312335958, 0.615]	no-link	answer-answer	0.0472	0.0013	-0.0814	-0.027	-0.03	-0.014	4
FILE	HANGING	[0.40813648293963256, 0.572, 0.4540682414698163, 0.585]	[0.4068241469816273, 0.626, 0.4868766404199475, 0.642]	no-link	answer-answer	0.0472	0.0013	-0.0787	-0.054	-0.057	-0.041	4
FILE	OTHER	[0.40813648293963256, 0.572, 0.4540682414698163, 0.585]	[0.4068241469816273, 0.682, 0.4658792650918635, 0.698]	no-link	answer-answer	0.0472	0.0013	-0.0577	-0.11	-0.113	-0.097	4
EXPANDABLE	FILE	[0.49606299212598426, 0.598, 0.610236220472441, 0.615]	[0.6207349081364829, 0.599, 0.6679790026246719, 0.615]	word-word	answer-answer	0.1719	0.001	0.1247	0.0	0.0105	0.017	4
EXPANDABLE	HANGING	[0.49606299212598426, 0.598, 0.610236220472441, 0.615]	[0.4068241469816273, 0.626, 0.4868766404199475, 0.642]	no-link	answer-answer	0.2034	0.0892	0.0092	-0.028	-0.027	-0.011	4
EXPANDABLE	OTHER	[0.49606299212598426, 0.598, 0.610236220472441, 0.615]	[0.4068241469816273, 0.682, 0.4658792650918635, 0.698]	no-link	answer-answer	0.2034	0.0892	0.0302	-0.084	-0.083	-0.067	4
REDROPE	EXPANDABLE	[0.4068241469816273, 0.599, 0.489501312335958, 0.615]	[0.49606299212598426, 0.598, 0.610236220472441, 0.615]	word-word	answer-answer	0.2034	-0.001	0.0892	0.0	0.0066	0.016	4
REDROPE	OTHER	[0.4068241469816273, 0.599, 0.489501312335958, 0.615]	[0.4068241469816273, 0.682, 0.4658792650918635, 0.698]	no-link	answer-answer	0.0827	0.0	-0.0591	-0.083	-0.083	-0.067	4
HANGING	FILE	[0.4068241469816273, 0.626, 0.4868766404199475, 0.642]	[0.49868766404199477, 0.627, 0.5459317585301837, 0.643]	word-word	answer-answer	0.1391	0.001	0.0919	0.001	0.0118	0.017	4
OTHER	(SPECIFY)	[0.4068241469816273, 0.682, 0.4658792650918635, 0.698]	[0.473753280839895, 0.683, 0.5669291338582677, 0.7]	word-word	answer-answer	0.1601	0.001	0.0669	0.002	0.0079	0.018	4
