WINSTON	Fax	[0.10212201591511937, 0.095, 0.3673740053050398, 0.151]	[0.6816976127320955, 0.137, 0.7175066312997348, 0.155]	header-header	header-header	0.6154	0.042	0.5796	0.004	0.3143	0.06	0
WINSTON	&	[0.10212201591511937, 0.095, 0.3673740053050398, 0.151]	[0.3740053050397878, 0.095, 0.41909814323607425, 0.148]	no-link	header-header	-0.0066	-0.2719	-0.317	0.0	0.003	0.056	0
WINSTON	Cover	[0.10212201591511937, 0.095, 0.3673740053050398, 0.151]	[0.7201591511936339, 0.137, 0.7679045092838196, 0.155]	no-link	header-header	-0.3528	-0.618	-0.6658	-0.042	-0.004	0.014	0
WINSTON	FAX:	[0.10212201591511937, 0.095, 0.3673740053050398, 0.151]	[0.1273209549071618, 0.177, 0.15649867374005305, 0.192]	no-link	header-question	0.2401	-0.0252	-0.0544	-0.082	-0.041	-0.026	0
WINSTON	(305)	[0.10212201591511937, 0.095, 0.3673740053050398, 0.151]	[0.16710875331564987, 0.179, 0.21220159151193635, 0.192]	no-link	header-answer	0.2003	-0.065	-0.1101	-0.084	-0.041	-0.028	0
WINSTON	400	[0.10212201591511937, 0.095, 0.3673740053050398, 0.151]	[0.21485411140583555, 0.179, 0.2480106100795756, 0.192]	no-link	header-answer	0.1525	-0.1127	-0.1459	-0.084	-0.041	-0.028	0
WINSTON	6	[0.10212201591511937, 0.095, 0.3673740053050398, 0.151]	[0.2506631299734748, 0.18, 0.2639257294429708, 0.19]	no-link	header-answer	0.1167	-0.1485	-0.1618	-0.085	-0.039	-0.029	0
WINSTON	305	[0.10212201591511937, 0.095, 0.3673740053050398, 0.151]	[0.4761273209549072, 0.256, 0.5079575596816976, 0.271]	no-link	header-answer	-0.1088	-0.374	-0.4058	-0.161	-0.12	-0.105	0
WINSTON	400-	[0.10212201591511937, 0.095, 0.3673740053050398, 0.151]	[0.513262599469496, 0.256, 0.5517241379310345, 0.27]	no-link	header-answer	-0.1459	-0.4111	-0.4496	-0.161	-0.119	-0.105	0
WINSTON	FROM:	[0.10212201591511937, 0.095, 0.3673740053050398, 0.151]	[0.09946949602122016, 0.286, 0.15517241379310345, 0.301]	no-link	header-question	0.2679	0.0027	-0.0531	-0.191	-0.15	-0.135	0
WINSTON	Kevin	[0.10212201591511937, 0.095, 0.3673740053050398, 0.151]	[0.21352785145888595, 0.286, 0.259946949602122, 0.303]	no-link	header-answer	0.1538	-0.1114	-0.1578	-0.191	-0.152	-0.135	0
WINSTON	CHARGEBACK:	[0.10212201591511937, 0.095, 0.3673740053050398, 0.151]	[0.6061007957559682, 0.288, 0.7214854111405835, 0.305]	no-link	header-answer	-0.2387	-0.504	-0.6194	-0.193	-0.154	-0.137	0
WINSTON	4162/	[0.10212201591511937, 0.095, 0.3673740053050398, 0.151]	[0.6206896551724138, 0.31, 0.6631299734748011, 0.324]	no-link	header-answer	-0.2533	-0.5186	-0.561	-0.215	-0.173	-0.159	0
WINSTON	FAX:	[0.10212201591511937, 0.095, 0.3673740053050398, 0.151]	[0.1273209549071618, 0.177, 0.15649867374005305, 0.192]	line-line	header-question	0.0544	0.082	0.0252	0.041	-0.2401	0.097	0
WINSTON	10/	[0.10212201591511937, 0.095, 0.3673740053050398, 0.151]	[0.21352785145888595, 0.335, 0.23209549071618038, 0.348]	no-link	header-answer	0.1538	-0.1114	-0.13	-0.24	-0.197	-0.184	0
WINSTON	&	[0.10212201591511937, 0.095, 0.3673740053050398, 0.151]	[0.3740053050397878, 0.095, 0.41909814323607425, 0.148]	word-word	header-header	0.317	0.0	0.2719	-0.003	0.0066	0.053	0
WINSTON	13/	[0.10212201591511937, 0.095, 0.3673740053050398, 0.151]	[0.23209549071618038, 0.335, 0.25596816976127323, 0.349]	no-link	header-answer	0.1353	-0.13	-0.1538	-0.24	-0.198	-0.184	0
&	STRAWN	[0.3740053050397878, 0.095, 0.41909814323607425, 0.148]	[0.4244031830238727, 0.099, 0.6472148541114059, 0.149]	word-word	header-header	0.2732	0.004	0.0504	0.001	0.0053	0.054	0
&	Cover	[0.3740053050397878, 0.095, 0.41909814323607425, 0.148]	[0.7201591511936339, 0.137, 0.7679045092838196, 0.155]	no-link	header-header	-0.3011	-0.3462	-0.3939	-0.042	-0.007	0.011	0
&	FAX:	[0.3740053050397878, 0.095, 0.41909814323607425, 0.148]	[0.1273209549071618, 0.177, 0.15649867374005305, 0.192]	no-link	header-question	0.2918	0.2467	0.2175	-0.082	-0.044	-0.029	0
&	(305)	[0.3740053050397878, 0.095, 0.41909814323607425, 0.148]	[0.16710875331564987, 0.179, 0.21220159151193635, 0.192]	no-link	header-answer	0.252	0.2069	0.1618	-0.084	-0.044	-0.031	0
&	400	[0.3740053050397878, 0.095, 0.41909814323607425, 0.148]	[0.21485411140583555, 0.179, 0.2480106100795756, 0.192]	no-link	header-answer	0.2042	0.1592	0.126	-0.084	-0.044	-0.031	0
&	6	[0.3740053050397878, 0.095, 0.41909814323607425, 0.148]	[0.2506631299734748, 0.18, 0.2639257294429708, 0.19]	no-link	header-answer	0.1684	0.1233	0.1101	-0.085	-0.042	-0.032	0
&	Fax	[0.3740053050397878, 0.095, 0.41909814323607425, 0.148]	[0.3541114058355438, 0.256, 0.38726790450928383, 0.271]	no-link	header-question	0.065	0.0199	-0.0133	-0.161	-0.123	-0.108	0
&	305	[0.3740053050397878, 0.095, 0.41909814323607425, 0.148]	[0.4761273209549072, 0.256, 0.5079575596816976, 0.271]	no-link	header-answer	-0.057	-0.1021	-0.134	-0.161	-0.123	-0.108	0
&	400-	[0.3740053050397878, 0.095, 0.41909814323607425, 0.148]	[0.513262599469496, 0.256, 0.5517241379310345, 0.27]	no-link	header-answer	-0.0942	-0.1393	-0.1777	-0.161	-0.122	-0.108	0
&	FROM:	[0.3740053050397878, 0.095, 0.41909814323607425, 0.148]	[0.09946949602122016, 0.286, 0.15517241379310345, 0.301]	no-link	header-question	0.3196	0.2745	0.2188	-0.191	-0.153	-0.138	0
&	Kevin	[0.3740053050397878, 0.095, 0.41909814323607425, 0.148]	[0.21352785145888595, 0.286, 0.259946949602122, 0.303]	no-link	header-answer	0.2056	0.1605	0.1141	-0.191	-0.155	-0.138	0
&	CHARGEBACK:	[0.3740053050397878, 0.095, 0.41909814323607425, 0.148]	[0.6061007957559682, 0.288, 0.7214854111405835, 0.305]	no-link	header-answer	-0.187	-0.2321	-0.3475	-0.193	-0.157	-0.14	0
&	4162/	[0.3740053050397878, 0.095, 0.41909814323607425, 0.148]	[0.6206896551724138, 0.31, 0.6631299734748011, 0.324]	no-link	header-answer	-0.2016	-0.2467	-0.2891	-0.215	-0.176	-0.162	0
&	10/	[0.3740053050397878, 0.095, 0.41909814323607425, 0.148]	[0.21352785145888595, 0.335, 0.23209549071618038, 0.348]	no-link	header-answer	0.2056	0.1605	0.1419	-0.24	-0.2	-0.187	0
&	13/	[0.3740053050397878, 0.095, 0.41909814323607425, 0.148]	[0.23209549071618038, 0.335, 0.25596816976127323, 0.349]	no-link	header-answer	0.187	0.1419	0.118	-0.24	-0.201	-0.187	0
&	DATE:	[0.3740053050397878, 0.095, 0.41909814323607425, 0.148]	[0.09946949602122016, 0.337, 0.15384615384615385, 0.351]	no-link	header-header	0.3196	0.2745	0.2202	-0.242	-0.203	-0.189	0
Fax	Cover	[0.6816976127320955, 0.137, 0.7175066312997348, 0.155]	[0.7201591511936339, 0.137, 0.7679045092838196, 0.155]	word-word	header-header	0.0862	0.0	0.0385	0.0	0.0027	0.018	0
Fax	FAX:	[0.6816976127320955, 0.137, 0.7175066312997348, 0.155]	[0.1273209549071618, 0.177, 0.15649867374005305, 0.192]	no-link	header-question	0.5902	0.5544	0.5252	-0.04	-0.037	-0.022	0
Fax	(305)	[0.6816976127320955, 0.137, 0.7175066312997348, 0.155]	[0.16710875331564987, 0.179, 0.21220159151193635, 0.192]	no-link	header-answer	0.5504	0.5146	0.4695	-0.042	-0.037	-0.024	0
Fax	400	[0.6816976127320955, 0.137, 0.7175066312997348, 0.155]	[0.21485411140583555, 0.179, 0.2480106100795756, 0.192]	no-link	header-answer	0.5027	0.4668	0.4337	-0.042	-0.037	-0.024	0
Fax	6	[0.6816976127320955, 0.137, 0.7175066312997348, 0.155]	[0.2506631299734748, 0.18, 0.2639257294429708, 0.19]	no-link	header-answer	0.4668	0.431	0.4178	-0.043	-0.035	-0.025	0
Fax	305	[0.6816976127320955, 0.137, 0.7175066312997348, 0.155]	[0.4761273209549072, 0.256, 0.5079575596816976, 0.271]	no-link	header-answer	0.2414	0.2056	0.1737	-0.119	-0.116	-0.101	0
Fax	400-	[0.6816976127320955, 0.137, 0.7175066312997348, 0.155]	[0.513262599469496, 0.256, 0.5517241379310345, 0.27]	no-link	header-answer	0.2042	0.1684	0.13	-0.119	-0.115	-0.101	0
Fax	FROM:	[0.6816976127320955, 0.137, 0.7175066312997348, 0.155]	[0.09946949602122016, 0.286, 0.15517241379310345, 0.301]	no-link	header-question	0.618	0.5822	0.5265	-0.149	-0.146	-0.131	0
Fax	Kevin	[0.6816976127320955, 0.137, 0.7175066312997348, 0.155]	[0.21352785145888595, 0.286, 0.259946949602122, 0.303]	no-link	header-answer	0.504	0.4682	0.4218	-0.149	-0.148	-0.131	0
Fax	CHARGEBACK:	[0.6816976127320955, 0.137, 0.7175066312997348, 0.155]	[0.6061007957559682, 0.288, 0.7214854111405835, 0.305]	no-link	header-answer	0.1114	0.0756	-0.0398	-0.151	-0.15	-0.133	0
Fax	4162/	[0.6816976127320955, 0.137, 0.7175066312997348, 0.155]	[0.6206896551724138, 0.31, 0.6631299734748011, 0.324]	no-link	header-answer	0.0968	0.061	0.0186	-0.173	-0.169	-0.155	0
Fax	10/	[0.6816976127320955, 0.137, 0.7175066312997348, 0.155]	[0.21352785145888595, 0.335, 0.23209549071618038, 0.348]	no-link	header-answer	0.504	0.4682	0.4496	-0.198	-0.193	-0.18	0
Fax	13/	[0.6816976127320955, 0.137, 0.7175066312997348, 0.155]	[0.23209549071618038, 0.335, 0.25596816976127323, 0.349]	no-link	header-answer	0.4854	0.4496	0.4257	-0.198	-0.194	-0.18	0
Fax	DATE:	[0.6816976127320955, 0.137, 0.7175066312997348, 0.155]	[0.09946949602122016, 0.337, 0.15384615384615385, 0.351]	no-link	header-header	0.618	0.5822	0.5279	-0.2	-0.196	-0.182	0
Cover	Sheet	[0.7201591511936339, 0.137, 0.7679045092838196, 0.155]	[0.7692307692307693, 0.137, 0.8143236074270557, 0.158]	word-word	header-header	0.0942	0.0	0.0491	0.003	0.0013	0.021	0
Cover	FAX:	[0.7201591511936339, 0.137, 0.7679045092838196, 0.155]	[0.1273209549071618, 0.177, 0.15649867374005305, 0.192]	no-link	header-answer	0.6406	0.5928	0.5637	-0.04	-0.037	-0.022	0
Cover	(305)	[0.7201591511936339, 0.137, 0.7679045092838196, 0.155]	[0.16710875331564987, 0.179, 0.21220159151193635, 0.192]	no-link	header-answer	0.6008	0.5531	0.508	-0.042	-0.037	-0.024	0
Cover	400	[0.7201591511936339, 0.137, 0.7679045092838196, 0.155]	[0.21485411140583555, 0.179, 0.2480106100795756, 0.192]	no-link	header-answer	0.5531	0.5053	0.4721	-0.042	-0.037	-0.024	0
Cover	6	[0.7201591511936339, 0.137, 0.7679045092838196, 0.155]	[0.2506631299734748, 0.18, 0.2639257294429708, 0.19]	no-link	header-answer	0.5172	0.4695	0.4562	-0.043	-0.035	-0.025	0
Cover	Fax	[0.7201591511936339, 0.137, 0.7679045092838196, 0.155]	[0.3541114058355438, 0.256, 0.38726790450928383, 0.271]	no-link	header-question	0.4138	0.366	0.3329	-0.119	-0.116	-0.101	0
Cover	305	[0.7201591511936339, 0.137, 0.7679045092838196, 0.155]	[0.4761273209549072, 0.256, 0.5079575596816976, 0.271]	no-link	header-answer	0.2918	0.244	0.2122	-0.119	-0.116	-0.101	0
Cover	400-	[0.7201591511936339, 0.137, 0.7679045092838196, 0.155]	[0.513262599469496, 0.256, 0.5517241379310345, 0.27]	no-link	header-answer	0.2546	0.2069	0.1684	-0.119	-0.115	-0.101	0
Cover	FROM:	[0.7201591511936339, 0.137, 0.7679045092838196, 0.155]	[0.09946949602122016, 0.286, 0.15517241379310345, 0.301]	no-link	header-question	0.6684	0.6207	0.565	-0.149	-0.146	-0.131	0
Cover	Kevin	[0.7201591511936339, 0.137, 0.7679045092838196, 0.155]	[0.21352785145888595, 0.286, 0.259946949602122, 0.303]	no-link	header-answer	0.5544	0.5066	0.4602	-0.149	-0.148	-0.131	0
Cover	CHARGEBACK:	[0.7201591511936339, 0.137, 0.7679045092838196, 0.155]	[0.6061007957559682, 0.288, 0.7214854111405835, 0.305]	no-link	header-answer	0.1618	0.1141	-0.0013	-0.151	-0.15	-0.133	0
Cover	4162/	[0.7201591511936339, 0.137, 0.7679045092838196, 0.155]	[0.6206896551724138, 0.31, 0.6631299734748011, 0.324]	no-link	header-answer	0.1472	0.0995	0.057	-0.173	-0.169	-0.155	0
Cover	10/	[0.7201591511936339, 0.137, 0.7679045092838196, 0.155]	[0.21352785145888595, 0.335, 0.23209549071618038, 0.348]	no-link	header-answer	0.5544	0.5066	0.4881	-0.198	-0.193	-0.18	0
Cover	13/	[0.7201591511936339, 0.137, 0.7679045092838196, 0.155]	[0.23209549071618038, 0.335, 0.25596816976127323, 0.349]	no-link	header-answer	0.5358	0.4881	0.4642	-0.198	-0.194	-0.18	0
Cover	DATE:	[0.7201591511936339, 0.137, 0.7679045092838196, 0.155]	[0.09946949602122016, 0.337, 0.15384615384615385, 0.351]	no-link	header-header	0.6684	0.6207	0.5663	-0.2	-0.196	-0.182	0
Cover	Possible	[0.7201591511936339, 0.137, 0.7679045092838196, 0.155]	[0.5278514588859416, 0.37, 0.5941644562334217, 0.384]	no-link	header-header	0.2401	0.1923	0.126	-0.233	-0.229	-0.215	0
FAX:	Fax	[0.1273209549071618, 0.177, 0.15649867374005305, 0.192]	[0.3541114058355438, 0.256, 0.38726790450928383, 0.271]	line-line	question-question	0.2599	0.079	0.2268	0.079	0.1976	0.094	1
FAX:	(305)	[0.1273209549071618, 0.177, 0.15649867374005305, 0.192]	[0.16710875331564987, 0.179, 0.21220159151193635, 0.192]	no-link	question-answer	-0.0106	-0.0398	-0.0849	-0.002	0.0	0.013	1
FAX:	400	[0.1273209549071618, 0.177, 0.15649867374005305, 0.192]	[0.21485411140583555, 0.179, 0.2480106100795756, 0.192]	no-link	question-answer	-0.0584	-0.0875	-0.1207	-0.002	0.0	0.013	1
FAX:	6	[0.1273209549071618, 0.177, 0.15649867374005305, 0.192]	[0.2506631299734748, 0.18, 0.2639257294429708, 0.19]	no-link	question-answer	-0.0942	-0.1233	-0.1366	-0.003	0.002	0.012	1
FAX:	305	[0.1273209549071618, 0.177, 0.15649867374005305, 0.192]	[0.4761273209549072, 0.256, 0.5079575596816976, 0.271]	no-link	question-answer	-0.3196	-0.3488	-0.3806	-0.079	-0.079	-0.064	1
FAX:	400-	[0.1273209549071618, 0.177, 0.15649867374005305, 0.192]	[0.513262599469496, 0.256, 0.5517241379310345, 0.27]	no-link	question-answer	-0.3568	-0.3859	-0.4244	-0.079	-0.078	-0.064	1
FAX:	FROM:	[0.1273209549071618, 0.177, 0.15649867374005305, 0.192]	[0.09946949602122016, 0.286, 0.15517241379310345, 0.301]	no-link	question-question	0.057	0.0279	-0.0279	-0.109	-0.109	-0.094	1
FAX:	Kevin	[0.1273209549071618, 0.177, 0.15649867374005305, 0.192]	[0.21352785145888595, 0.286, 0.259946949602122, 0.303]	no-link	question-answer	-0.057	-0.0862	-0.1326	-0.109	-0.111	-0.094	1
FAX:	CHARGEBACK:	[0.1273209549071618, 0.177, 0.15649867374005305, 0.192]	[0.6061007957559682, 0.288, 0.7214854111405835, 0.305]	no-link	question-answer	-0.4496	-0.4788	-0.5942	-0.111	-0.113	-0.096	1
FAX:	4162/	[0.1273209549071618, 0.177, 0.15649867374005305, 0.192]	[0.6206896551724138, 0.31, 0.6631299734748011, 0.324]	no-link	question-answer	-0.4642	-0.4934	-0.5358	-0.133	-0.132	-0.118	1
FAX:	10/	[0.1273209549071618, 0.177, 0.15649867374005305, 0.192]	[0.21352785145888595, 0.335, 0.23209549071618038, 0.348]	no-link	question-answer	-0.057	-0.0862	-0.1048	-0.158	-0.156	-0.143	1
FAX:	13/	[0.1273209549071618, 0.177, 0.15649867374005305, 0.192]	[0.23209549071618038, 0.335, 0.25596816976127323, 0.349]	no-link	question-answer	-0.0756	-0.1048	-0.1286	-0.158	-0.157	-0.143	1
FAX:	DATE:	[0.1273209549071618, 0.177, 0.15649867374005305, 0.192]	[0.09946949602122016, 0.337, 0.15384615384615385, 0.351]	no-link	question-header	0.057	0.0279	-0.0265	-0.16	-0.159	-0.145	1
FAX:	Possible	[0.1273209549071618, 0.177, 0.15649867374005305, 0.192]	[0.5278514588859416, 0.37, 0.5941644562334217, 0.384]	no-link	question-header	-0.3714	-0.4005	-0.4668	-0.193	-0.192	-0.178	1
FAX:	(305)	[0.1273209549071618, 0.177, 0.15649867374005305, 0.192]	[0.16710875331564987, 0.179, 0.21220159151193635, 0.192]	question-answer	question-answer	0.0849	0.002	0.0398	0.0	0.0106	0.015	1
FAX:	Please	[0.1273209549071618, 0.177, 0.15649867374005305, 0.192]	[0.32625994694960214, 0.372, 0.376657824933687, 0.387]	no-link	question-question	-0.1698	-0.1989	-0.2493	-0.195	-0.195	-0.18	1
(305)	400	[0.16710875331564987, 0.179, 0.21220159151193635, 0.192]	[0.21485411140583555, 0.179, 0.2480106100795756, 0.192]	word-word	answer-answer	0.0809	0.0	0.0477	0.0	0.0027	0.013	1
(305)	6	[0.16710875331564987, 0.179, 0.21220159151193635, 0.192]	[0.2506631299734748, 0.18, 0.2639257294429708, 0.19]	no-link	answer-answer	-0.0385	-0.0836	-0.0968	-0.001	0.002	0.012	1
(305)	Fax	[0.16710875331564987, 0.179, 0.21220159151193635, 0.192]	[0.3541114058355438, 0.256, 0.38726790450928383, 0.271]	no-link	answer-question	-0.1419	-0.187	-0.2202	-0.077	-0.079	-0.064	1
(305)	305	[0.16710875331564987, 0.179, 0.21220159151193635, 0.192]	[0.4761273209549072, 0.256, 0.5079575596816976, 0.271]	no-link	answer-answer	-0.2639	-0.309	-0.3408	-0.077	-0.079	-0.064	1
(305)	400-	[0.16710875331564987, 0.179, 0.21220159151193635, 0.192]	[0.513262599469496, 0.256, 0.5517241379310345, 0.27]	no-link	answer-answer	-0.3011	-0.3462	-0.3846	-0.077	-0.078	-0.064	1
(305)	FROM:	[0.16710875331564987, 0.179, 0.21220159151193635, 0.192]	[0.09946949602122016, 0.286, 0.15517241379310345, 0.301]	no-link	answer-question	0.1127	0.0676	0.0119	-0.107	-0.109	-0.094	1
(305)	Kevin	[0.16710875331564987, 0.179, 0.21220159151193635, 0.192]	[0.21352785145888595, 0.286, 0.259946949602122, 0.303]	no-link	answer-answer	-0.0013	-0.0464	-0.0928	-0.107	-0.111	-0.094	1
(305)	CHARGEBACK:	[0.16710875331564987, 0.179, 0.21220159151193635, 0.192]	[0.6061007957559682, 0.288, 0.7214854111405835, 0.305]	no-link	answer-answer	-0.3939	-0.439	-0.5544	-0.109	-0.113	-0.096	1
(305)	4162/	[0.16710875331564987, 0.179, 0.21220159151193635, 0.192]	[0.6206896551724138, 0.31, 0.6631299734748011, 0.324]	no-link	answer-answer	-0.4085	-0.4536	-0.496	-0.131	-0.132	-0.118	1
(305)	10/	[0.16710875331564987, 0.179, 0.21220159151193635, 0.192]	[0.21352785145888595, 0.335, 0.23209549071618038, 0.348]	no-link	answer-answer	-0.0013	-0.0464	-0.065	-0.156	-0.156	-0.143	1
(305)	13/	[0.16710875331564987, 0.179, 0.21220159151193635, 0.192]	[0.23209549071618038, 0.335, 0.25596816976127323, 0.349]	no-link	answer-answer	-0.0199	-0.065	-0.0889	-0.156	-0.157	-0.143	1
(305)	DATE:	[0.16710875331564987, 0.179, 0.21220159151193635, 0.192]	[0.09946949602122016, 0.337, 0.15384615384615385, 0.351]	no-link	answer-header	0.1127	0.0676	0.0133	-0.158	-0.159	-0.145	1
(305)	Possible	[0.16710875331564987, 0.179, 0.21220159151193635, 0.192]	[0.5278514588859416, 0.37, 0.5941644562334217, 0.384]	no-link	answer-header	-0.3156	-0.3607	-0.4271	-0.191	-0.192	-0.178	1
(305)	Please	[0.16710875331564987, 0.179, 0.21220159151193635, 0.192]	[0.32625994694960214, 0.372, 0.376657824933687, 0.387]	no-link	answer-question	-0.1141	-0.1592	-0.2095	-0.193	-0.195	-0.18	1
400	6	[0.21485411140583555, 0.179, 0.2480106100795756, 0.192]	[0.2506631299734748, 0.18, 0.2639257294429708, 0.19]	word-word	answer-answer	0.0491	0.001	0.0358	-0.002	0.0027	0.011	1
400	Fax	[0.21485411140583555, 0.179, 0.2480106100795756, 0.192]	[0.3541114058355438, 0.256, 0.38726790450928383, 0.271]	no-link	answer-question	-0.1061	-0.1393	-0.1724	-0.077	-0.079	-0.064	1
400	305	[0.21485411140583555, 0.179, 0.2480106100795756, 0.192]	[0.4761273209549072, 0.256, 0.5079575596816976, 0.271]	no-link	answer-answer	-0.2281	-0.2613	-0.2931	-0.077	-0.079	-0.064	1
400	400-	[0.21485411140583555, 0.179, 0.2480106100795756, 0.192]	[0.513262599469496, 0.256, 0.5517241379310345, 0.27]	no-link	answer-answer	-0.2653	-0.2984	-0.3369	-0.077	-0.078	-0.064	1
400	FROM:	[0.21485411140583555, 0.179, 0.2480106100795756, 0.192]	[0.09946949602122016, 0.286, 0.15517241379310345, 0.301]	no-link	answer-question	0.1485	0.1154	0.0597	-0.107	-0.109	-0.094	1
400	Kevin	[0.21485411140583555, 0.179, 0.2480106100795756, 0.192]	[0.21352785145888595, 0.286, 0.259946949602122, 0.303]	no-link	answer-answer	0.0345	0.0013	-0.0451	-0.107	-0.111	-0.094	1
400	CHARGEBACK:	[0.21485411140583555, 0.179, 0.2480106100795756, 0.192]	[0.6061007957559682, 0.288, 0.7214854111405835, 0.305]	no-link	answer-answer	-0.3581	-0.3912	-0.5066	-0.109	-0.113	-0.096	1
400	4162/	[0.21485411140583555, 0.179, 0.2480106100795756, 0.192]	[0.6206896551724138, 0.31, 0.6631299734748011, 0.324]	no-link	answer-answer	-0.3727	-0.4058	-0.4483	-0.131	-0.132	-0.118	1
400	10/	[0.21485411140583555, 0.179, 0.2480106100795756, 0.192]	[0.21352785145888595, 0.335, 0.23209549071618038, 0.348]	no-link	answer-answer	0.0345	0.0013	-0.0172	-0.156	-0.156	-0.143	1
400	13/	[0.21485411140583555, 0.179, 0.2480106100795756, 0.192]	[0.23209549071618038, 0.335, 0.25596816976127323, 0.349]	no-link	answer-answer	0.0159	-0.0172	-0.0411	-0.156	-0.157	-0.143	1
400	DATE:	[0.21485411140583555, 0.179, 0.2480106100795756, 0.192]	[0.09946949602122016, 0.337, 0.15384615384615385, 0.351]	no-link	answer-header	0.1485	0.1154	0.061	-0.158	-0.159	-0.145	1
400	Possible	[0.21485411140583555, 0.179, 0.2480106100795756, 0.192]	[0.5278514588859416, 0.37, 0.5941644562334217, 0.384]	no-link	answer-header	-0.2798	-0.313	-0.3793	-0.191	-0.192	-0.178	1
400	Please	[0.21485411140583555, 0.179, 0.2480106100795756, 0.192]	[0.32625994694960214, 0.372, 0.376657824933687, 0.387]	no-link	answer-question	-0.0782	-0.1114	-0.1618	-0.193	-0.195	-0.18	1
400	Deliver	[0.21485411140583555, 0.179, 0.2480106100795756, 0.192]	[0.3793103448275862, 0.372, 0.4389920424403183, 0.386]	no-link	answer-header	-0.1313	-0.1645	-0.2241	-0.193	-0.194	-0.18	1
6	06	[0.2506631299734748, 0.18, 0.2639257294429708, 0.19]	[0.2692307692307692, 0.18, 0.2984084880636605, 0.19]	word-word	answer-answer	0.0477	0.0	0.0186	0.0	0.0053	0.01	1
6	Fax	[0.2506631299734748, 0.18, 0.2639257294429708, 0.19]	[0.3541114058355438, 0.256, 0.38726790450928383, 0.271]	no-link	answer-question	-0.0902	-0.1034	-0.1366	-0.076	-0.081	-0.066	1
6	305	[0.2506631299734748, 0.18, 0.2639257294429708, 0.19]	[0.4761273209549072, 0.256, 0.5079575596816976, 0.271]	no-link	answer-answer	-0.2122	-0.2255	-0.2573	-0.076	-0.081	-0.066	1
6	400-	[0.2506631299734748, 0.18, 0.2639257294429708, 0.19]	[0.513262599469496, 0.256, 0.5517241379310345, 0.27]	no-link	answer-answer	-0.2493	-0.2626	-0.3011	-0.076	-0.08	-0.066	1
6	FROM:	[0.2506631299734748, 0.18, 0.2639257294429708, 0.19]	[0.09946949602122016, 0.286, 0.15517241379310345, 0.301]	no-link	answer-question	0.1645	0.1512	0.0955	-0.106	-0.111	-0.096	1
6	Kevin	[0.2506631299734748, 0.18, 0.2639257294429708, 0.19]	[0.21352785145888595, 0.286, 0.259946949602122, 0.303]	no-link	answer-answer	0.0504	0.0371	-0.0093	-0.106	-0.113	-0.096	1
6	CHARGEBACK:	[0.2506631299734748, 0.18, 0.2639257294429708, 0.19]	[0.6061007957559682, 0.288, 0.7214854111405835, 0.305]	no-link	answer-answer	-0.3422	-0.3554	-0.4708	-0.108	-0.115	-0.098	1
6	4162/	[0.2506631299734748, 0.18, 0.2639257294429708, 0.19]	[0.6206896551724138, 0.31, 0.6631299734748011, 0.324]	no-link	answer-answer	-0.3568	-0.37	-0.4125	-0.13	-0.134	-0.12	1
6	10/	[0.2506631299734748, 0.18, 0.2639257294429708, 0.19]	[0.21352785145888595, 0.335, 0.23209549071618038, 0.348]	no-link	answer-answer	0.0504	0.0371	0.0186	-0.155	-0.158	-0.145	1
6	13/	[0.2506631299734748, 0.18, 0.2639257294429708, 0.19]	[0.23209549071618038, 0.335, 0.25596816976127323, 0.349]	no-link	answer-answer	0.0318	0.0186	-0.0053	-0.155	-0.159	-0.145	1
6	DATE:	[0.2506631299734748, 0.18, 0.2639257294429708, 0.19]	[0.09946949602122016, 0.337, 0.15384615384615385, 0.351]	no-link	answer-header	0.1645	0.1512	0.0968	-0.157	-0.161	-0.147	1
6	Possible	[0.2506631299734748, 0.18, 0.2639257294429708, 0.19]	[0.5278514588859416, 0.37, 0.5941644562334217, 0.384]	no-link	answer-header	-0.2639	-0.2772	-0.3435	-0.19	-0.194	-0.18	1
6	Please	[0.2506631299734748, 0.18, 0.2639257294429708, 0.19]	[0.32625994694960214, 0.372, 0.376657824933687, 0.387]	no-link	answer-question	-0.0623	-0.0756	-0.126	-0.192	-0.197	-0.182	1
6	Deliver	[0.2506631299734748, 0.18, 0.2639257294429708, 0.19]	[0.3793103448275862, 0.372, 0.4389920424403183, 0.386]	no-link	answer-header	-0.1154	-0.1286	-0.1883	-0.192	-0.196	-0.182	1
Fax	FROM:	[0.3541114058355438, 0.256, 0.38726790450928383, 0.271]	[0.09946949602122016, 0.286, 0.15517241379310345, 0.301]	line-line	question-question	-0.1989	0.03	-0.2546	0.03	-0.2878	0.045	2
Fax	Possible	[0.3541114058355438, 0.256, 0.38726790450928383, 0.271]	[0.5278514588859416, 0.37, 0.5941644562334217, 0.384]	no-link	question-header	-0.1406	-0.1737	-0.2401	-0.114	-0.113	-0.099	2
Fax	Please	[0.3541114058355438, 0.256, 0.38726790450928383, 0.271]	[0.32625994694960214, 0.372, 0.376657824933687, 0.387]	no-link	question-question	0.061	0.0279	-0.0225	-0.116	-0.116	-0.101	2
Fax	Deliver	[0.3541114058355438, 0.256, 0.38726790450928383, 0.271]	[0.3793103448275862, 0.372, 0.4389920424403183, 0.386]	no-link	question-header	0.008	-0.0252	-0.0849	-0.116	-0.115	-0.101	2
Fax	Number:	[0.3541114058355438, 0.256, 0.38726790450928383, 0.271]	[0.3912466843501326, 0.256, 0.4708222811671088, 0.273]	word-word	question-question	0.1167	0.0	0.0371	0.002	0.004	0.017	2
Fax	305	[0.3541114058355438, 0.256, 0.38726790450928383, 0.271]	[0.4761273209549072, 0.256, 0.5079575596816976, 0.271]	question-answer	question-answer	0.1538	0.0	0.122	0.0	0.0889	0.015	2
305	400-	[0.4761273209549072, 0.256, 0.5079575596816976, 0.271]	[0.513262599469496, 0.256, 0.5517241379310345, 0.27]	word-word	answer-answer	0.0756	0.0	0.0371	-0.001	0.0053	0.014	2
305	FROM:	[0.4761273209549072, 0.256, 0.5079575596816976, 0.271]	[0.09946949602122016, 0.286, 0.15517241379310345, 0.301]	no-link	answer-question	0.4085	0.3767	0.321	-0.03	-0.03	-0.015	2
305	Kevin	[0.4761273209549072, 0.256, 0.5079575596816976, 0.271]	[0.21352785145888595, 0.286, 0.259946949602122, 0.303]	no-link	answer-answer	0.2944	0.2626	0.2162	-0.03	-0.032	-0.015	2
305	CHARGEBACK:	[0.4761273209549072, 0.256, 0.5079575596816976, 0.271]	[0.6061007957559682, 0.288, 0.7214854111405835, 0.305]	no-link	answer-answer	-0.0981	-0.13	-0.2454	-0.032	-0.034	-0.017	2
305	4162/	[0.4761273209549072, 0.256, 0.5079575596816976, 0.271]	[0.6206896551724138, 0.31, 0.6631299734748011, 0.324]	no-link	answer-answer	-0.1127	-0.1446	-0.187	-0.054	-0.053	-0.039	2
305	10/	[0.4761273209549072, 0.256, 0.5079575596816976, 0.271]	[0.21352785145888595, 0.335, 0.23209549071618038, 0.348]	no-link	answer-answer	0.2944	0.2626	0.244	-0.079	-0.077	-0.064	2
305	13/	[0.4761273209549072, 0.256, 0.5079575596816976, 0.271]	[0.23209549071618038, 0.335, 0.25596816976127323, 0.349]	no-link	answer-answer	0.2759	0.244	0.2202	-0.079	-0.078	-0.064	2
305	DATE:	[0.4761273209549072, 0.256, 0.5079575596816976, 0.271]	[0.09946949602122016, 0.337, 0.15384615384615385, 0.351]	no-link	answer-header	0.4085	0.3767	0.3223	-0.081	-0.08	-0.066	2
305	Possible	[0.4761273209549072, 0.256, 0.5079575596816976, 0.271]	[0.5278514588859416, 0.37, 0.5941644562334217, 0.384]	no-link	answer-header	-0.0199	-0.0517	-0.118	-0.114	-0.113	-0.099	2
305	Please	[0.4761273209549072, 0.256, 0.5079575596816976, 0.271]	[0.32625994694960214, 0.372, 0.376657824933687, 0.387]	no-link	answer-question	0.1817	0.1499	0.0995	-0.116	-0.116	-0.101	2
305	Deliver	[0.4761273209549072, 0.256, 0.5079575596816976, 0.271]	[0.3793103448275862, 0.372, 0.4389920424403183, 0.386]	no-link	answer-header	0.1286	0.0968	0.0371	-0.116	-0.115	-0.101	2
400-	6107	[0.513262599469496, 0.256, 0.5517241379310345, 0.27]	[0.5543766578249337, 0.256, 0.6021220159151194, 0.273]	word-word	answer-answer	0.0889	0.0	0.0411	0.003	0.0027	0.017	2
400-	FROM:	[0.513262599469496, 0.256, 0.5517241379310345, 0.27]	[0.09946949602122016, 0.286, 0.15517241379310345, 0.301]	no-link	answer-question	0.4523	0.4138	0.3581	-0.03	-0.031	-0.016	2
400-	Kevin	[0.513262599469496, 0.256, 0.5517241379310345, 0.27]	[0.21352785145888595, 0.286, 0.259946949602122, 0.303]	no-link	answer-answer	0.3382	0.2997	0.2533	-0.03	-0.033	-0.016	2
400-	CHARGEBACK:	[0.513262599469496, 0.256, 0.5517241379310345, 0.27]	[0.6061007957559682, 0.288, 0.7214854111405835, 0.305]	no-link	answer-answer	-0.0544	-0.0928	-0.2082	-0.032	-0.035	-0.018	2
400-	4162/	[0.513262599469496, 0.256, 0.5517241379310345, 0.27]	[0.6206896551724138, 0.31, 0.6631299734748011, 0.324]	no-link	answer-answer	-0.069	-0.1074	-0.1499	-0.054	-0.054	-0.04	2
400-	10/	[0.513262599469496, 0.256, 0.5517241379310345, 0.27]	[0.21352785145888595, 0.335, 0.23209549071618038, 0.348]	no-link	answer-answer	0.3382	0.2997	0.2812	-0.079	-0.078	-0.065	2
400-	13/	[0.513262599469496, 0.256, 0.5517241379310345, 0.27]	[0.23209549071618038, 0.335, 0.25596816976127323, 0.349]	no-link	answer-answer	0.3196	0.2812	0.2573	-0.079	-0.079	-0.065	2
400-	DATE:	[0.513262599469496, 0.256, 0.5517241379310345, 0.27]	[0.09946949602122016, 0.337, 0.15384615384615385, 0.351]	no-link	answer-header	0.4523	0.4138	0.3594	-0.081	-0.081	-0.067	2
400-	Possible	[0.513262599469496, 0.256, 0.5517241379310345, 0.27]	[0.5278514588859416, 0.37, 0.5941644562334217, 0.384]	no-link	answer-header	0.0239	-0.0146	-0.0809	-0.114	-0.114	-0.1	2
400-	Please	[0.513262599469496, 0.256, 0.5517241379310345, 0.27]	[0.32625994694960214, 0.372, 0.376657824933687, 0.387]	no-link	answer-question	0.2255	0.187	0.1366	-0.116	-0.117	-0.102	2
400-	Deliver	[0.513262599469496, 0.256, 0.5517241379310345, 0.27]	[0.3793103448275862, 0.372, 0.4389920424403183, 0.386]	no-link	answer-header	0.1724	0.134	0.0743	-0.116	-0.116	-0.102	2
FROM:	CHARGEBACK:	[0.09946949602122016, 0.286, 0.15517241379310345, 0.301]	[0.6061007957559682, 0.288, 0.7214854111405835, 0.305]	question-question	question-question	0.622	0.002	0.5066	0.004	0.4509	0.019	3
FROM:	Kevin	[0.09946949602122016, 0.286, 0.15517241379310345, 0.301]	[0.21352785145888595, 0.286, 0.259946949602122, 0.303]	no-link	question-answer	-0.0584	-0.1141	-0.1605	0.0	-0.002	0.015	3
FROM:	4162/	[0.09946949602122016, 0.286, 0.15517241379310345, 0.301]	[0.6206896551724138, 0.31, 0.6631299734748011, 0.324]	no-link	question-answer	-0.4655	-0.5212	-0.5637	-0.024	-0.023	-0.009	3
FROM:	10/	[0.09946949602122016, 0.286, 0.15517241379310345, 0.301]	[0.21352785145888595, 0.335, 0.23209549071618038, 0.348]	no-link	question-answer	-0.0584	-0.1141	-0.1326	-0.049	-0.047	-0.034	3
FROM:	13/	[0.09946949602122016, 0.286, 0.15517241379310345, 0.301]	[0.23209549071618038, 0.335, 0.25596816976127323, 0.349]	no-link	question-answer	-0.0769	-0.1326	-0.1565	-0.049	-0.048	-0.034	3
FROM:	DATE:	[0.09946949602122016, 0.286, 0.15517241379310345, 0.301]	[0.09946949602122016, 0.337, 0.15384615384615385, 0.351]	no-link	question-header	0.0557	0.0	-0.0544	-0.051	-0.05	-0.036	3
FROM:	Possible	[0.09946949602122016, 0.286, 0.15517241379310345, 0.301]	[0.5278514588859416, 0.37, 0.5941644562334217, 0.384]	no-link	question-header	-0.3727	-0.4284	-0.4947	-0.084	-0.083	-0.069	3
FROM:	Please	[0.09946949602122016, 0.286, 0.15517241379310345, 0.301]	[0.32625994694960214, 0.372, 0.376657824933687, 0.387]	no-link	question-question	-0.1711	-0.2268	-0.2772	-0.086	-0.086	-0.071	3
FROM:	Deliver	[0.09946949602122016, 0.286, 0.15517241379310345, 0.301]	[0.3793103448275862, 0.372, 0.4389920424403183, 0.386]	no-link	question-header	-0.2241	-0.2798	-0.3395	-0.086	-0.085	-0.071	3
FROM:	DATE:	[0.09946949602122016, 0.286, 0.15517241379310345, 0.301]	[0.09946949602122016, 0.337, 0.15384615384615385, 0.351]	line-line	question-question	0.0544	0.051	0.0	0.05	-0.0557	0.065	3
FROM:	soon	[0.09946949602122016, 0.286, 0.15517241379310345, 0.301]	[0.46286472148541113, 0.373, 0.5039787798408488, 0.386]	no-link	question-header	-0.3077	-0.3634	-0.4045	-0.087	-0.085	-0.072	3
FROM:	Kevin	[0.09946949602122016, 0.286, 0.15517241379310345, 0.301]	[0.21352785145888595, 0.286, 0.259946949602122, 0.303]	question-answer	question-answer	0.1605	0.0	0.1141	0.002	0.0584	0.017	3
Kevin	Narko	[0.21352785145888595, 0.286, 0.259946949602122, 0.303]	[0.2625994694960212, 0.289, 0.3103448275862069, 0.304]	word-word	answer-answer	0.0968	0.003	0.0491	0.001	0.0027	0.018	3
Kevin	4162/	[0.21352785145888595, 0.286, 0.259946949602122, 0.303]	[0.6206896551724138, 0.31, 0.6631299734748011, 0.324]	no-link	answer-answer	-0.3607	-0.4072	-0.4496	-0.024	-0.021	-0.007	3
Kevin	10/	[0.21352785145888595, 0.286, 0.259946949602122, 0.303]	[0.21352785145888595, 0.335, 0.23209549071618038, 0.348]	no-link	answer-answer	0.0464	0.0	-0.0186	-0.049	-0.045	-0.032	3
Kevin	13/	[0.21352785145888595, 0.286, 0.259946949602122, 0.303]	[0.23209549071618038, 0.335, 0.25596816976127323, 0.349]	no-link	answer-answer	0.0279	-0.0186	-0.0424	-0.049	-0.046	-0.032	3
Kevin	DATE:	[0.21352785145888595, 0.286, 0.259946949602122, 0.303]	[0.09946949602122016, 0.337, 0.15384615384615385, 0.351]	no-link	answer-header	0.1605	0.1141	0.0597	-0.051	-0.048	-0.034	3
Kevin	Possible	[0.21352785145888595, 0.286, 0.259946949602122, 0.303]	[0.5278514588859416, 0.37, 0.5941644562334217, 0.384]	no-link	answer-header	-0.2679	-0.3143	-0.3806	-0.084	-0.081	-0.067	3
Kevin	Please	[0.21352785145888595, 0.286, 0.259946949602122, 0.303]	[0.32625994694960214, 0.372, 0.376657824933687, 0.387]	no-link	answer-question	-0.0663	-0.1127	-0.1631	-0.086	-0.084	-0.069	3
Kevin	Deliver	[0.21352785145888595, 0.286, 0.259946949602122, 0.303]	[0.3793103448275862, 0.372, 0.4389920424403183, 0.386]	no-link	answer-header	-0.1194	-0.1658	-0.2255	-0.086	-0.083	-0.069	3
Kevin	soon	[0.21352785145888595, 0.286, 0.259946949602122, 0.303]	[0.46286472148541113, 0.373, 0.5039787798408488, 0.386]	no-link	answer-header	-0.2029	-0.2493	-0.2905	-0.087	-0.083	-0.07	3
Kevin	as	[0.21352785145888595, 0.286, 0.259946949602122, 0.303]	[0.44297082228116713, 0.374, 0.46021220159151194, 0.385]	no-link	answer-header	-0.183	-0.2294	-0.2467	-0.088	-0.082	-0.071	3
CHARGEBACK:	4162/	[0.6061007957559682, 0.288, 0.7214854111405835, 0.305]	[0.6206896551724138, 0.31, 0.6631299734748011, 0.324]	question-answer	question-answer	0.057	0.022	0.0146	0.019	-0.1008	0.036	3
CHARGEBACK:	10/	[0.6061007957559682, 0.288, 0.7214854111405835, 0.305]	[0.21352785145888595, 0.335, 0.23209549071618038, 0.348]	no-link	question-answer	0.508	0.3926	0.374	-0.047	-0.043	-0.03	3
CHARGEBACK:	13/	[0.6061007957559682, 0.288, 0.7214854111405835, 0.305]	[0.23209549071618038, 0.335, 0.25596816976127323, 0.349]	no-link	question-answer	0.4894	0.374	0.3501	-0.047	-0.044	-0.03	3
CHARGEBACK:	DATE:	[0.6061007957559682, 0.288, 0.7214854111405835, 0.305]	[0.09946949602122016, 0.337, 0.15384615384615385, 0.351]	no-link	question-header	0.622	0.5066	0.4523	-0.049	-0.046	-0.032	3
CHARGEBACK:	Possible	[0.6061007957559682, 0.288, 0.7214854111405835, 0.305]	[0.5278514588859416, 0.37, 0.5941644562334217, 0.384]	no-link	question-header	0.1936	0.0782	0.0119	-0.082	-0.079	-0.065	3
CHARGEBACK:	Please	[0.6061007957559682, 0.288, 0.7214854111405835, 0.305]	[0.32625994694960214, 0.372, 0.376657824933687, 0.387]	no-link	question-question	0.3952	0.2798	0.2294	-0.084	-0.082	-0.067	3
CHARGEBACK:	Deliver	[0.6061007957559682, 0.288, 0.7214854111405835, 0.305]	[0.3793103448275862, 0.372, 0.4389920424403183, 0.386]	no-link	question-header	0.3422	0.2268	0.1671	-0.084	-0.081	-0.067	3
CHARGEBACK:	soon	[0.6061007957559682, 0.288, 0.7214854111405835, 0.305]	[0.46286472148541113, 0.373, 0.5039787798408488, 0.386]	no-link	question-header	0.2586	0.1432	0.1021	-0.085	-0.081	-0.068	3
CHARGEBACK:	as	[0.6061007957559682, 0.288, 0.7214854111405835, 0.305]	[0.44297082228116713, 0.374, 0.46021220159151194, 0.385]	no-link	question-header	0.2785	0.1631	0.1459	-0.086	-0.08	-0.069	3
CHARGEBACK:		[0.6061007957559682, 0.288, 0.7214854111405835, 0.305]	[0.5079575596816976, 0.374, 0.5251989389920424, 0.385]	no-link	question-header	0.2135	0.0981	0.0809	-0.086	-0.08	-0.069	3
4162/	158	[0.6206896551724138, 0.31, 0.6631299734748011, 0.324]	[0.6618037135278515, 0.311, 0.6936339522546419, 0.322]	word-word	answer-answer	0.0729	0.001	0.0411	-0.002	-0.0013	0.012	3
4162/	13/	[0.6206896551724138, 0.31, 0.6631299734748011, 0.324]	[0.23209549071618038, 0.335, 0.25596816976127323, 0.349]	no-link	answer-answer	0.431	0.3886	0.3647	-0.025	-0.025	-0.011	3
4162/	DATE:	[0.6206896551724138, 0.31, 0.6631299734748011, 0.324]	[0.09946949602122016, 0.337, 0.15384615384615385, 0.351]	no-link	answer-header	0.5637	0.5212	0.4668	-0.027	-0.027	-0.013	3
4162/	Possible	[0.6206896551724138, 0.31, 0.6631299734748011, 0.324]	[0.5278514588859416, 0.37, 0.5941644562334217, 0.384]	no-link	answer-header	0.1353	0.0928	0.0265	-0.06	-0.06	-0.046	3
4162/	Please	[0.6206896551724138, 0.31, 0.6631299734748011, 0.324]	[0.32625994694960214, 0.372, 0.376657824933687, 0.387]	no-link	answer-question	0.3369	0.2944	0.244	-0.062	-0.063	-0.048	3
4162/	Deliver	[0.6206896551724138, 0.31, 0.6631299734748011, 0.324]	[0.3793103448275862, 0.372, 0.4389920424403183, 0.386]	no-link	answer-header	0.2838	0.2414	0.1817	-0.062	-0.062	-0.048	3
4162/	soon	[0.6206896551724138, 0.31, 0.6631299734748011, 0.324]	[0.46286472148541113, 0.373, 0.5039787798408488, 0.386]	no-link	answer-header	0.2003	0.1578	0.1167	-0.063	-0.062	-0.049	3
4162/	as	[0.6206896551724138, 0.31, 0.6631299734748011, 0.324]	[0.44297082228116713, 0.374, 0.46021220159151194, 0.385]	no-link	answer-header	0.2202	0.1777	0.1605	-0.064	-0.061	-0.05	3
4162/		[0.6206896551724138, 0.31, 0.6631299734748011, 0.324]	[0.5079575596816976, 0.374, 0.5251989389920424, 0.385]	no-link	answer-header	0.1552	0.1127	0.0955	-0.064	-0.061	-0.05	3
10/	13/	[0.21352785145888595, 0.335, 0.23209549071618038, 0.348]	[0.23209549071618038, 0.335, 0.25596816976127323, 0.349]	word-word	answer-answer	0.0424	0.0	0.0186	0.001	0.0	0.014	4
10/	DATE:	[0.21352785145888595, 0.335, 0.23209549071618038, 0.348]	[0.09946949602122016, 0.337, 0.15384615384615385, 0.351]	no-link	answer-header	0.1326	0.1141	0.0597	-0.002	-0.003	0.011	4
10/	Possible	[0.21352785145888595, 0.335, 0.23209549071618038, 0.348]	[0.5278514588859416, 0.37, 0.5941644562334217, 0.384]	no-link	answer-header	-0.2958	-0.3143	-0.3806	-0.035	-0.036	-0.022	4
10/	Please	[0.21352785145888595, 0.335, 0.23209549071618038, 0.348]	[0.32625994694960214, 0.372, 0.376657824933687, 0.387]	no-link	answer-question	-0.0942	-0.1127	-0.1631	-0.037	-0.039	-0.024	4
10/	Deliver	[0.21352785145888595, 0.335, 0.23209549071618038, 0.348]	[0.3793103448275862, 0.372, 0.4389920424403183, 0.386]	no-link	answer-header	-0.1472	-0.1658	-0.2255	-0.037	-0.038	-0.024	4
10/	soon	[0.21352785145888595, 0.335, 0.23209549071618038, 0.348]	[0.46286472148541113, 0.373, 0.5039787798408488, 0.386]	no-link	answer-header	-0.2308	-0.2493	-0.2905	-0.038	-0.038	-0.025	4
10/	as	[0.21352785145888595, 0.335, 0.23209549071618038, 0.348]	[0.44297082228116713, 0.374, 0.46021220159151194, 0.385]	no-link	answer-header	-0.2109	-0.2294	-0.2467	-0.039	-0.037	-0.026	4
10/		[0.21352785145888595, 0.335, 0.23209549071618038, 0.348]	[0.5079575596816976, 0.374, 0.5251989389920424, 0.385]	no-link	answer-header	-0.2759	-0.2944	-0.3117	-0.039	-0.037	-0.026	4
13/	99	[0.23209549071618038, 0.335, 0.25596816976127323, 0.349]	[0.25596816976127323, 0.335, 0.28249336870026526, 0.349]	word-word	answer-answer	0.0504	0.0	0.0239	0.0	0.0	0.014	4
13/	DATE:	[0.23209549071618038, 0.335, 0.25596816976127323, 0.349]	[0.09946949602122016, 0.337, 0.15384615384615385, 0.351]	no-link	answer-answer	0.1565	0.1326	0.0782	-0.002	-0.002	0.012	4
13/	Possible	[0.23209549071618038, 0.335, 0.25596816976127323, 0.349]	[0.5278514588859416, 0.37, 0.5941644562334217, 0.384]	no-link	answer-header	-0.2719	-0.2958	-0.3621	-0.035	-0.035	-0.021	4
13/	Please	[0.23209549071618038, 0.335, 0.25596816976127323, 0.349]	[0.32625994694960214, 0.372, 0.376657824933687, 0.387]	no-link	answer-question	-0.0703	-0.0942	-0.1446	-0.037	-0.038	-0.023	4
13/	Deliver	[0.23209549071618038, 0.335, 0.25596816976127323, 0.349]	[0.3793103448275862, 0.372, 0.4389920424403183, 0.386]	no-link	answer-header	-0.1233	-0.1472	-0.2069	-0.037	-0.037	-0.023	4
13/	soon	[0.23209549071618038, 0.335, 0.25596816976127323, 0.349]	[0.46286472148541113, 0.373, 0.5039787798408488, 0.386]	no-link	answer-header	-0.2069	-0.2308	-0.2719	-0.038	-0.037	-0.024	4
13/	as	[0.23209549071618038, 0.335, 0.25596816976127323, 0.349]	[0.44297082228116713, 0.374, 0.46021220159151194, 0.385]	no-link	answer-header	-0.187	-0.2109	-0.2281	-0.039	-0.036	-0.025	4
13/		[0.23209549071618038, 0.335, 0.25596816976127323, 0.349]	[0.5079575596816976, 0.374, 0.5251989389920424, 0.385]	no-link	answer-header	-0.252	-0.2759	-0.2931	-0.039	-0.036	-0.025	4
13/	COMPANY	[0.23209549071618038, 0.335, 0.25596816976127323, 0.349]	[0.3116710875331565, 0.402, 0.3952254641909814, 0.419]	no-link	answer-question	-0.0557	-0.0796	-0.1631	-0.067	-0.07	-0.053	4
DATE:	Please	[0.09946949602122016, 0.337, 0.15384615384615385, 0.351]	[0.32625994694960214, 0.372, 0.376657824933687, 0.387]	line-line	question-header	0.2772	0.035	0.2268	0.036	0.1724	0.05	4
DATE:	Possible	[0.09946949602122016, 0.337, 0.15384615384615385, 0.351]	[0.5278514588859416, 0.37, 0.5941644562334217, 0.384]	no-link	question-header	-0.374	-0.4284	-0.4947	-0.033	-0.033	-0.019	4
DATE:	Deliver	[0.09946949602122016, 0.337, 0.15384615384615385, 0.351]	[0.3793103448275862, 0.372, 0.4389920424403183, 0.386]	no-link	question-header	-0.2255	-0.2798	-0.3395	-0.035	-0.035	-0.021	4
DATE:	soon	[0.09946949602122016, 0.337, 0.15384615384615385, 0.351]	[0.46286472148541113, 0.373, 0.5039787798408488, 0.386]	no-link	question-header	-0.309	-0.3634	-0.4045	-0.036	-0.035	-0.022	4
DATE:	as	[0.09946949602122016, 0.337, 0.15384615384615385, 0.351]	[0.44297082228116713, 0.374, 0.46021220159151194, 0.385]	no-link	question-header	-0.2891	-0.3435	-0.3607	-0.037	-0.034	-0.023	4
DATE:		[0.09946949602122016, 0.337, 0.15384615384615385, 0.351]	[0.5079575596816976, 0.374, 0.5251989389920424, 0.385]	no-link	question-header	-0.3541	-0.4085	-0.4257	-0.037	-0.034	-0.023	4
DATE:	COMPANY	[0.09946949602122016, 0.337, 0.15384615384615385, 0.351]	[0.3116710875331565, 0.402, 0.3952254641909814, 0.419]	no-link	question-question	-0.1578	-0.2122	-0.2958	-0.065	-0.068	-0.051	4
DATE:	10/	[0.09946949602122016, 0.337, 0.15384615384615385, 0.351]	[0.21352785145888595, 0.335, 0.23209549071618038, 0.348]	question-answer	question-answer	0.1326	-0.002	0.1141	-0.003	0.0597	0.011	4
Possible	To:	[0.5278514588859416, 0.37, 0.5941644562334217, 0.384]	[0.596816976127321, 0.373, 0.6259946949602122, 0.386]	word-word	header-header	0.0981	0.003	0.069	0.002	0.0027	0.016	5
Possible	Please	[0.5278514588859416, 0.37, 0.5941644562334217, 0.384]	[0.32625994694960214, 0.372, 0.376657824933687, 0.387]	no-link	header-question	0.2679	0.2016	0.1512	-0.002	-0.003	0.012	5
Possible	Deliver	[0.5278514588859416, 0.37, 0.5941644562334217, 0.384]	[0.3793103448275862, 0.372, 0.4389920424403183, 0.386]	no-link	header-header	0.2149	0.1485	0.0889	-0.002	-0.002	0.012	5
Possible	soon	[0.5278514588859416, 0.37, 0.5941644562334217, 0.384]	[0.46286472148541113, 0.373, 0.5039787798408488, 0.386]	no-link	header-header	0.1313	0.065	0.0239	-0.003	-0.002	0.011	5
Possible	as	[0.5278514588859416, 0.37, 0.5941644562334217, 0.384]	[0.44297082228116713, 0.374, 0.46021220159151194, 0.385]	no-link	header-header	0.1512	0.0849	0.0676	-0.004	-0.001	0.01	5
Possible		[0.5278514588859416, 0.37, 0.5941644562334217, 0.384]	[0.5079575596816976, 0.374, 0.5251989389920424, 0.385]	no-link	header-header	0.0862	0.0199	0.0027	-0.004	-0.001	0.01	5
Possible	COMPANY	[0.5278514588859416, 0.37, 0.5941644562334217, 0.384]	[0.3116710875331565, 0.402, 0.3952254641909814, 0.419]	no-link	header-question	0.2825	0.2162	0.1326	-0.032	-0.035	-0.018	5
Possible	To:	[0.5278514588859416, 0.37, 0.5941644562334217, 0.384]	[0.596816976127321, 0.373, 0.6259946949602122, 0.386]	word-word	header-header	0.0981	0.003	0.069	0.002	0.0027	0.016	6
Possible	PHONE	[0.5278514588859416, 0.37, 0.5941644562334217, 0.384]	[0.6816976127320955, 0.404, 0.7413793103448276, 0.419]	no-link	header-question	-0.0875	-0.1538	-0.2135	-0.034	-0.035	-0.02	6
Please	RECIPIENT	[0.32625994694960214, 0.372, 0.376657824933687, 0.387]	[0.14058355437665782, 0.404, 0.23342175066312998, 0.418]	line-line	header-question	-0.0928	0.032	-0.1857	0.031	-0.2361	0.046	5
Please	Deliver	[0.32625994694960214, 0.372, 0.376657824933687, 0.387]	[0.3793103448275862, 0.372, 0.4389920424403183, 0.386]	no-link	header-header	-0.0027	-0.0531	-0.1127	0.0	0.001	0.015	5
Please	soon	[0.32625994694960214, 0.372, 0.376657824933687, 0.387]	[0.46286472148541113, 0.373, 0.5039787798408488, 0.386]	no-link	header-header	-0.0862	-0.1366	-0.1777	-0.001	0.001	0.014	5
Please	as	[0.32625994694960214, 0.372, 0.376657824933687, 0.387]	[0.44297082228116713, 0.374, 0.46021220159151194, 0.385]	no-link	header-header	-0.0663	-0.1167	-0.134	-0.002	0.002	0.013	5
Please		[0.32625994694960214, 0.372, 0.376657824933687, 0.387]	[0.5079575596816976, 0.374, 0.5251989389920424, 0.385]	no-link	header-header	-0.1313	-0.1817	-0.1989	-0.002	0.002	0.013	5
Please	COMPANY	[0.32625994694960214, 0.372, 0.376657824933687, 0.387]	[0.3116710875331565, 0.402, 0.3952254641909814, 0.419]	no-link	header-question	0.065	0.0146	-0.069	-0.03	-0.032	-0.015	5
Please	PHONE	[0.32625994694960214, 0.372, 0.376657824933687, 0.387]	[0.6816976127320955, 0.404, 0.7413793103448276, 0.419]	no-link	header-question	-0.305	-0.3554	-0.4151	-0.032	-0.032	-0.017	5
Please	Deliver	[0.32625994694960214, 0.372, 0.376657824933687, 0.387]	[0.3793103448275862, 0.372, 0.4389920424403183, 0.386]	word-word	header-header	0.1127	0.0	0.0531	-0.001	0.0027	0.014	5
Deliver	as	[0.3793103448275862, 0.372, 0.4389920424403183, 0.386]	[0.44297082228116713, 0.374, 0.46021220159151194, 0.385]	word-word	header-header	0.0809	0.002	0.0637	-0.001	0.004	0.013	5
Deliver	Please	[0.3793103448275862, 0.372, 0.4389920424403183, 0.386]	[0.32625994694960214, 0.372, 0.376657824933687, 0.387]	no-link	header-question	0.1127	0.0531	0.0027	0.0	-0.001	0.014	5
Deliver	soon	[0.3793103448275862, 0.372, 0.4389920424403183, 0.386]	[0.46286472148541113, 0.373, 0.5039787798408488, 0.386]	no-link	header-header	-0.0239	-0.0836	-0.1247	-0.001	0.0	0.013	5
Deliver		[0.3793103448275862, 0.372, 0.4389920424403183, 0.386]	[0.5079575596816976, 0.374, 0.5251989389920424, 0.385]	no-link	header-header	-0.069	-0.1286	-0.1459	-0.002	0.001	0.012	5
Deliver	COMPANY	[0.3793103448275862, 0.372, 0.4389920424403183, 0.386]	[0.3116710875331565, 0.402, 0.3952254641909814, 0.419]	no-link	header-question	0.1273	0.0676	-0.0159	-0.03	-0.033	-0.016	5
Deliver	PHONE	[0.3793103448275862, 0.372, 0.4389920424403183, 0.386]	[0.6816976127320955, 0.404, 0.7413793103448276, 0.419]	no-link	header-question	-0.2427	-0.3024	-0.3621	-0.032	-0.033	-0.018	5
Deliver	RECIPIENT	[0.3793103448275862, 0.372, 0.4389920424403183, 0.386]	[0.14058355437665782, 0.404, 0.23342175066312998, 0.418]	no-link	header-question	0.2984	0.2387	0.1459	-0.032	-0.032	-0.018	5
Please	RECIPIENT	[0.32625994694960214, 0.372, 0.376657824933687, 0.387]	[0.14058355437665782, 0.404, 0.23342175066312998, 0.418]	header-question	header-question	-0.0928	0.032	-0.1857	0.031	-0.2361	0.046	5
Please	COMPANY	[0.32625994694960214, 0.372, 0.376657824933687, 0.387]	[0.3116710875331565, 0.402, 0.3952254641909814, 0.419]	header-question	header-question	0.069	0.03	-0.0146	0.032	-0.065	0.047	5
Please	No.	[0.32625994694960214, 0.372, 0.376657824933687, 0.387]	[0.5649867374005305, 0.405, 0.5981432360742706, 0.418]	header-question	header-question	0.2719	0.033	0.2387	0.031	0.1883	0.046	5
Please	FAX	[0.32625994694960214, 0.372, 0.376657824933687, 0.387]	[0.5278514588859416, 0.404, 0.5636604774535809, 0.418]	no-link	header-question	-0.1512	-0.2016	-0.2374	-0.032	-0.031	-0.017	5
Please	FAX	[0.32625994694960214, 0.372, 0.376657824933687, 0.387]	[0.5278514588859416, 0.404, 0.5636604774535809, 0.418]	header-question	header-question	0.2374	0.032	0.2016	0.031	0.1512	0.046	5
Please	PHONE	[0.32625994694960214, 0.372, 0.376657824933687, 0.387]	[0.6816976127320955, 0.404, 0.7413793103448276, 0.419]	header-question	header-question	0.4151	0.032	0.3554	0.032	0.305	0.047	5
Please	Deliver	[0.32625994694960214, 0.372, 0.376657824933687, 0.387]	[0.3793103448275862, 0.372, 0.4389920424403183, 0.386]	word-word	header-header	0.1127	0.0	0.0531	-0.001	0.0027	0.014	6
Deliver	as	[0.3793103448275862, 0.372, 0.4389920424403183, 0.386]	[0.44297082228116713, 0.374, 0.46021220159151194, 0.385]	word-word	header-header	0.0809	0.002	0.0637	-0.001	0.004	0.013	6
Deliver	FAX	[0.3793103448275862, 0.372, 0.4389920424403183, 0.386]	[0.5278514588859416, 0.404, 0.5636604774535809, 0.418]	no-link	header-question	-0.0889	-0.1485	-0.1844	-0.032	-0.032	-0.018	6
soon		[0.46286472148541113, 0.373, 0.5039787798408488, 0.386]	[0.5079575596816976, 0.374, 0.5251989389920424, 0.385]	word-word	header-header	0.0623	0.001	0.0451	-0.001	0.004	0.012	5
soon	as	[0.46286472148541113, 0.373, 0.5039787798408488, 0.386]	[0.44297082228116713, 0.374, 0.46021220159151194, 0.385]	no-link	header-header	0.061	0.0199	0.0027	-0.001	0.001	0.012	5
soon	COMPANY	[0.46286472148541113, 0.373, 0.5039787798408488, 0.386]	[0.3116710875331565, 0.402, 0.3952254641909814, 0.419]	no-link	header-question	0.1923	0.1512	0.0676	-0.029	-0.033	-0.016	5
soon	PHONE	[0.46286472148541113, 0.373, 0.5039787798408488, 0.386]	[0.6816976127320955, 0.404, 0.7413793103448276, 0.419]	no-link	header-question	-0.1777	-0.2188	-0.2785	-0.031	-0.033	-0.018	5
soon	RECIPIENT	[0.46286472148541113, 0.373, 0.5039787798408488, 0.386]	[0.14058355437665782, 0.404, 0.23342175066312998, 0.418]	no-link	header-question	0.3634	0.3223	0.2294	-0.031	-0.032	-0.018	5
soon	FAX	[0.46286472148541113, 0.373, 0.5039787798408488, 0.386]	[0.5278514588859416, 0.404, 0.5636604774535809, 0.418]	no-link	header-question	-0.0239	-0.065	-0.1008	-0.031	-0.032	-0.018	5
soon		[0.46286472148541113, 0.373, 0.5039787798408488, 0.386]	[0.5079575596816976, 0.374, 0.5251989389920424, 0.385]	word-word	header-header	0.0623	0.001	0.0451	-0.001	0.004	0.012	6
as	soon	[0.44297082228116713, 0.374, 0.46021220159151194, 0.385]	[0.46286472148541113, 0.373, 0.5039787798408488, 0.386]	word-word	header-header	0.061	-0.001	0.0199	0.001	0.0027	0.012	5
as		[0.44297082228116713, 0.374, 0.46021220159151194, 0.385]	[0.5079575596816976, 0.374, 0.5251989389920424, 0.385]	no-link	header-header	-0.0477	-0.065	-0.0822	0.0	0.0	0.011	5
as	COMPANY	[0.44297082228116713, 0.374, 0.46021220159151194, 0.385]	[0.3116710875331565, 0.402, 0.3952254641909814, 0.419]	no-link	header-question	0.1485	0.1313	0.0477	-0.028	-0.034	-0.017	5
as	PHONE	[0.44297082228116713, 0.374, 0.46021220159151194, 0.385]	[0.6816976127320955, 0.404, 0.7413793103448276, 0.419]	no-link	header-question	-0.2215	-0.2387	-0.2984	-0.03	-0.034	-0.019	5
as	RECIPIENT	[0.44297082228116713, 0.374, 0.46021220159151194, 0.385]	[0.14058355437665782, 0.404, 0.23342175066312998, 0.418]	no-link	header-question	0.3196	0.3024	0.2095	-0.03	-0.033	-0.019	5
as	FAX	[0.44297082228116713, 0.374, 0.46021220159151194, 0.385]	[0.5278514588859416, 0.404, 0.5636604774535809, 0.418]	no-link	header-question	-0.0676	-0.0849	-0.1207	-0.03	-0.033	-0.019	5
as	No.	[0.44297082228116713, 0.374, 0.46021220159151194, 0.385]	[0.5649867374005305, 0.405, 0.5981432360742706, 0.418]	no-link	header-question	-0.1048	-0.122	-0.1552	-0.031	-0.033	-0.02	5
	Possible	[0.5079575596816976, 0.374, 0.5251989389920424, 0.385]	[0.5278514588859416, 0.37, 0.5941644562334217, 0.384]	word-word	header-header	0.0862	-0.004	0.0199	-0.001	0.0027	0.01	5
	COMPANY	[0.5079575596816976, 0.374, 0.5251989389920424, 0.385]	[0.3116710875331565, 0.402, 0.3952254641909814, 0.419]	no-link	header-question	0.2135	0.1963	0.1127	-0.028	-0.034	-0.017	5
	PHONE	[0.5079575596816976, 0.374, 0.5251989389920424, 0.385]	[0.6816976127320955, 0.404, 0.7413793103448276, 0.419]	no-link	header-question	-0.1565	-0.1737	-0.2334	-0.03	-0.034	-0.019	5
	RECIPIENT	[0.5079575596816976, 0.374, 0.5251989389920424, 0.385]	[0.14058355437665782, 0.404, 0.23342175066312998, 0.418]	no-link	header-question	0.3846	0.3674	0.2745	-0.03	-0.033	-0.019	5
	FAX	[0.5079575596816976, 0.374, 0.5251989389920424, 0.385]	[0.5278514588859416, 0.404, 0.5636604774535809, 0.418]	no-link	header-question	-0.0027	-0.0199	-0.0557	-0.03	-0.033	-0.019	5
	No.	[0.5079575596816976, 0.374, 0.5251989389920424, 0.385]	[0.5649867374005305, 0.405, 0.5981432360742706, 0.418]	no-link	header-question	-0.0398	-0.057	-0.0902	-0.031	-0.033	-0.02	5
as	soon	[0.44297082228116713, 0.374, 0.46021220159151194, 0.385]	[0.46286472148541113, 0.373, 0.5039787798408488, 0.386]	word-word	header-header	0.061	-0.001	0.0199	0.001	0.0027	0.012	6
	Possible	[0.5079575596816976, 0.374, 0.5251989389920424, 0.385]	[0.5278514588859416, 0.37, 0.5941644562334217, 0.384]	word-word	header-header	0.0862	-0.004	0.0199	-0.001	0.0027	0.01	6
COMPANY	FAX	[0.3116710875331565, 0.402, 0.3952254641909814, 0.419]	[0.5278514588859416, 0.404, 0.5636604774535809, 0.418]	question-question	question-question	0.252	0.002	0.2162	-0.001	0.1326	0.016	6
COMPANY	PHONE	[0.3116710875331565, 0.402, 0.3952254641909814, 0.419]	[0.6816976127320955, 0.404, 0.7413793103448276, 0.419]	no-link	question-question	-0.2865	-0.37	-0.4297	-0.002	0.0	0.015	6
COMPANY	RECIPIENT	[0.3116710875331565, 0.402, 0.3952254641909814, 0.419]	[0.14058355437665782, 0.404, 0.23342175066312998, 0.418]	no-link	question-question	0.2546	0.1711	0.0782	-0.002	0.001	0.015	6
COMPANY	No.	[0.3116710875331565, 0.402, 0.3952254641909814, 0.419]	[0.5649867374005305, 0.405, 0.5981432360742706, 0.418]	no-link	question-question	-0.1698	-0.2533	-0.2865	-0.003	0.001	0.014	6
COMPANY	John	[0.3116710875331565, 0.402, 0.3952254641909814, 0.419]	[0.14323607427055704, 0.43, 0.1816976127320955, 0.447]	no-link	question-answer	0.252	0.1684	0.13	-0.028	-0.028	-0.011	6
COMPANY	Philip	[0.3116710875331565, 0.402, 0.3952254641909814, 0.419]	[0.3116710875331565, 0.43, 0.3620689655172414, 0.45]	question-answer	question-answer	0.0504	0.028	0.0	0.031	-0.0836	0.048	6
COMPANY	Philip	[0.3116710875331565, 0.402, 0.3952254641909814, 0.419]	[0.3129973474801061, 0.459, 0.3594164456233422, 0.479]	question-answer	question-answer	0.0477	0.057	0.0013	0.06	-0.0822	0.077	6
COMPANY	917	[0.3116710875331565, 0.402, 0.3952254641909814, 0.419]	[0.5291777188328912, 0.432, 0.5570291777188329, 0.449]	no-link	question-answer	-0.134	-0.2175	-0.2454	-0.03	-0.03	-0.013	6
COMPANY	Please	[0.3116710875331565, 0.402, 0.3952254641909814, 0.419]	[0.32625994694960214, 0.372, 0.376657824933687, 0.387]	question-header	question-header	0.065	-0.03	0.0146	-0.032	-0.069	-0.015	6
COMPANY	917-	[0.3116710875331565, 0.402, 0.3952254641909814, 0.419]	[0.6816976127320955, 0.432, 0.7175066312997348, 0.447]	no-link	question-answer	-0.2865	-0.37	-0.4058	-0.03	-0.028	-0.013	6
PHONE	No.	[0.6816976127320955, 0.404, 0.7413793103448276, 0.419]	[0.7440318302387268, 0.405, 0.7798408488063661, 0.42]	word-word	question-question	0.0981	0.001	0.0623	0.001	0.0027	0.016	5
PHONE	RECIPIENT	[0.6816976127320955, 0.404, 0.7413793103448276, 0.419]	[0.14058355437665782, 0.404, 0.23342175066312998, 0.418]	no-link	question-question	0.6008	0.5411	0.4483	0.0	0.001	0.015	5
PHONE	FAX	[0.6816976127320955, 0.404, 0.7413793103448276, 0.419]	[0.5278514588859416, 0.404, 0.5636604774535809, 0.418]	no-link	question-question	0.2135	0.1538	0.118	0.0	0.001	0.015	5
PHONE	John	[0.6816976127320955, 0.404, 0.7413793103448276, 0.419]	[0.14323607427055704, 0.43, 0.1816976127320955, 0.447]	no-link	question-answer	0.5981	0.5385	0.5	-0.026	-0.028	-0.011	5
PHONE	Philip	[0.6816976127320955, 0.404, 0.7413793103448276, 0.419]	[0.3116710875331565, 0.43, 0.3620689655172414, 0.45]	no-link	question-answer	0.4297	0.37	0.3196	-0.026	-0.031	-0.011	5
PHONE	917	[0.6816976127320955, 0.404, 0.7413793103448276, 0.419]	[0.5291777188328912, 0.432, 0.5570291777188329, 0.449]	no-link	question-answer	0.2122	0.1525	0.1247	-0.028	-0.03	-0.013	5
PHONE	917-	[0.6816976127320955, 0.404, 0.7413793103448276, 0.419]	[0.6816976127320955, 0.432, 0.7175066312997348, 0.447]	no-link	question-answer	0.0597	0.0	-0.0358	-0.028	-0.028	-0.013	5
PHONE	-663	[0.6816976127320955, 0.404, 0.7413793103448276, 0.419]	[0.5570291777188329, 0.433, 0.5901856763925729, 0.447]	no-link	question-answer	0.1844	0.1247	0.0915	-0.029	-0.028	-0.014	5
RECIPIENT	COMPANY	[0.14058355437665782, 0.404, 0.23342175066312998, 0.418]	[0.3116710875331565, 0.402, 0.3952254641909814, 0.419]	question-question	question-question	0.2546	-0.002	0.1711	0.001	0.0782	0.015	6
RECIPIENT	FAX	[0.14058355437665782, 0.404, 0.23342175066312998, 0.418]	[0.5278514588859416, 0.404, 0.5636604774535809, 0.418]	no-link	question-question	-0.2944	-0.3873	-0.4231	0.0	0.0	0.014	6
RECIPIENT	PHONE	[0.14058355437665782, 0.404, 0.23342175066312998, 0.418]	[0.6816976127320955, 0.404, 0.7413793103448276, 0.419]	no-link	question-question	-0.4483	-0.5411	-0.6008	0.0	-0.001	0.014	6
RECIPIENT	No.	[0.14058355437665782, 0.404, 0.23342175066312998, 0.418]	[0.5649867374005305, 0.405, 0.5981432360742706, 0.418]	no-link	question-question	-0.3316	-0.4244	-0.4576	-0.001	0.0	0.013	6
RECIPIENT	John	[0.14058355437665782, 0.404, 0.23342175066312998, 0.418]	[0.14323607427055704, 0.43, 0.1816976127320955, 0.447]	no-link	question-answer	0.0902	-0.0027	-0.0411	-0.026	-0.029	-0.012	6
RECIPIENT	Philip	[0.14058355437665782, 0.404, 0.23342175066312998, 0.418]	[0.3116710875331565, 0.43, 0.3620689655172414, 0.45]	no-link	question-answer	-0.0782	-0.1711	-0.2215	-0.026	-0.032	-0.012	6
RECIPIENT	917	[0.14058355437665782, 0.404, 0.23342175066312998, 0.418]	[0.5291777188328912, 0.432, 0.5570291777188329, 0.449]	no-link	question-answer	-0.2958	-0.3886	-0.4164	-0.028	-0.031	-0.014	6
RECIPIENT	917-	[0.14058355437665782, 0.404, 0.23342175066312998, 0.418]	[0.6816976127320955, 0.432, 0.7175066312997348, 0.447]	no-link	question-answer	-0.4483	-0.5411	-0.5769	-0.028	-0.029	-0.014	6
RECIPIENT	-663	[0.14058355437665782, 0.404, 0.23342175066312998, 0.418]	[0.5570291777188329, 0.433, 0.5901856763925729, 0.447]	no-link	question-answer	-0.3236	-0.4164	-0.4496	-0.029	-0.029	-0.015	6
RECIPIENT	663	[0.14058355437665782, 0.404, 0.23342175066312998, 0.418]	[0.7188328912466844, 0.433, 0.7506631299734748, 0.447]	no-link	question-answer	-0.4854	-0.5782	-0.6101	-0.029	-0.029	-0.015	6
RECIPIENT	Total	[0.14058355437665782, 0.404, 0.23342175066312998, 0.418]	[0.3169761273209549, 0.497, 0.35809018567639256, 0.511]	line-line	question-question	0.2175	0.093	0.1764	0.093	0.0836	0.107	6
RECIPIENT	Gregory	[0.14058355437665782, 0.404, 0.23342175066312998, 0.418]	[0.14456233421750664, 0.458, 0.20954907161803712, 0.476]	no-link	question-answer	0.0889	-0.004	-0.069	-0.054	-0.058	-0.04	6
RECIPIENT	John	[0.14058355437665782, 0.404, 0.23342175066312998, 0.418]	[0.14323607427055704, 0.43, 0.1816976127320955, 0.447]	question-answer	question-answer	0.0411	0.026	0.0027	0.029	-0.0902	0.043	6
RECIPIENT	Gregory	[0.14058355437665782, 0.404, 0.23342175066312998, 0.418]	[0.14456233421750664, 0.458, 0.20954907161803712, 0.476]	question-answer	question-answer	0.069	0.054	0.004	0.058	-0.0889	0.072	6
RECIPIENT	Please	[0.14058355437665782, 0.404, 0.23342175066312998, 0.418]	[0.32625994694960214, 0.372, 0.376657824933687, 0.387]	question-header	question-header	0.2361	-0.032	0.1857	-0.031	0.0928	-0.017	6
FAX	No.	[0.5278514588859416, 0.404, 0.5636604774535809, 0.418]	[0.5649867374005305, 0.405, 0.5981432360742706, 0.418]	question-question	question-question	0.0703	0.001	0.0371	0.0	0.0013	0.014	6
FAX	PHONE	[0.5278514588859416, 0.404, 0.5636604774535809, 0.418]	[0.6816976127320955, 0.404, 0.7413793103448276, 0.419]	no-link	question-question	-0.118	-0.1538	-0.2135	0.0	-0.001	0.014	6
FAX	John	[0.5278514588859416, 0.404, 0.5636604774535809, 0.418]	[0.14323607427055704, 0.43, 0.1816976127320955, 0.447]	no-link	question-answer	0.4204	0.3846	0.3462	-0.026	-0.029	-0.012	6
FAX	Philip	[0.5278514588859416, 0.404, 0.5636604774535809, 0.418]	[0.3116710875331565, 0.43, 0.3620689655172414, 0.45]	no-link	question-answer	0.252	0.2162	0.1658	-0.026	-0.032	-0.012	6
FAX	917	[0.5278514588859416, 0.404, 0.5636604774535809, 0.418]	[0.5291777188328912, 0.432, 0.5570291777188329, 0.449]	no-link	question-answer	0.0345	-0.0013	-0.0292	-0.028	-0.031	-0.014	6
FAX	917-	[0.5278514588859416, 0.404, 0.5636604774535809, 0.418]	[0.6816976127320955, 0.432, 0.7175066312997348, 0.447]	no-link	question-answer	-0.118	-0.1538	-0.1897	-0.028	-0.029	-0.014	6
FAX	-663	[0.5278514588859416, 0.404, 0.5636604774535809, 0.418]	[0.5570291777188329, 0.433, 0.5901856763925729, 0.447]	no-link	question-answer	0.0066	-0.0292	-0.0623	-0.029	-0.029	-0.015	6
FAX	663	[0.5278514588859416, 0.404, 0.5636604774535809, 0.418]	[0.7188328912466844, 0.433, 0.7506631299734748, 0.447]	no-link	question-answer	-0.1552	-0.191	-0.2228	-0.029	-0.029	-0.015	6
FAX	Gregory	[0.5278514588859416, 0.404, 0.5636604774535809, 0.418]	[0.14456233421750664, 0.458, 0.20954907161803712, 0.476]	no-link	question-answer	0.4191	0.3833	0.3183	-0.054	-0.058	-0.04	6
FAX	Total	[0.5278514588859416, 0.404, 0.5636604774535809, 0.418]	[0.3169761273209549, 0.497, 0.35809018567639256, 0.511]	no-link	question-question	0.2467	0.2109	0.1698	-0.093	-0.093	-0.079	6
FAX	917	[0.5278514588859416, 0.404, 0.5636604774535809, 0.418]	[0.5291777188328912, 0.432, 0.5570291777188329, 0.449]	question-answer	question-answer	0.0292	0.028	0.0013	0.031	-0.0345	0.045	6
FAX	917-	[0.5278514588859416, 0.404, 0.5636604774535809, 0.418]	[0.5265251989389921, 0.462, 0.5623342175066313, 0.476]	question-answer	question-answer	0.0345	0.058	-0.0013	0.058	-0.0371	0.072	6
FAX	of	[0.5278514588859416, 0.404, 0.5636604774535809, 0.418]	[0.4217506631299735, 0.497, 0.4403183023872679, 0.511]	no-link	question-question	0.1419	0.1061	0.0875	-0.093	-0.093	-0.079	6
FAX	Please	[0.5278514588859416, 0.404, 0.5636604774535809, 0.418]	[0.32625994694960214, 0.372, 0.376657824933687, 0.387]	question-header	question-header	-0.1512	-0.032	-0.2016	-0.031	-0.2374	-0.017	6
FAX	including	[0.5278514588859416, 0.404, 0.5636604774535809, 0.418]	[0.48673740053050396, 0.497, 0.5583554376657824, 0.514]	no-link	question-question	0.0769	0.0411	-0.0305	-0.093	-0.096	-0.079	6
PHONE	No.	[0.6816976127320955, 0.404, 0.7413793103448276, 0.419]	[0.7440318302387268, 0.405, 0.7798408488063661, 0.42]	word-word	question-question	0.0981	0.001	0.0623	0.001	0.0027	0.016	6
PHONE	663	[0.6816976127320955, 0.404, 0.7413793103448276, 0.419]	[0.7188328912466844, 0.433, 0.7506631299734748, 0.447]	no-link	question-answer	0.0225	-0.0371	-0.069	-0.029	-0.028	-0.014	6
PHONE	Gregory	[0.6816976127320955, 0.404, 0.7413793103448276, 0.419]	[0.14456233421750664, 0.458, 0.20954907161803712, 0.476]	no-link	question-answer	0.5968	0.5371	0.4721	-0.054	-0.057	-0.039	6
PHONE	Total	[0.6816976127320955, 0.404, 0.7413793103448276, 0.419]	[0.3169761273209549, 0.497, 0.35809018567639256, 0.511]	no-link	question-question	0.4244	0.3647	0.3236	-0.093	-0.092	-0.078	6
PHONE	of	[0.6816976127320955, 0.404, 0.7413793103448276, 0.419]	[0.4217506631299735, 0.497, 0.4403183023872679, 0.511]	no-link	question-question	0.3196	0.2599	0.2414	-0.093	-0.092	-0.078	6
PHONE	including	[0.6816976127320955, 0.404, 0.7413793103448276, 0.419]	[0.48673740053050396, 0.497, 0.5583554376657824, 0.514]	no-link	question-question	0.2546	0.195	0.1233	-0.093	-0.095	-0.078	6
PHONE	this	[0.6816976127320955, 0.404, 0.7413793103448276, 0.419]	[0.5636604774535809, 0.497, 0.5915119363395226, 0.511]	no-link	question-question	0.1777	0.118	0.0902	-0.093	-0.092	-0.078	6
PHONE	917-	[0.6816976127320955, 0.404, 0.7413793103448276, 0.419]	[0.6816976127320955, 0.432, 0.7175066312997348, 0.447]	question-answer	question-answer	0.0358	0.028	0.0	0.028	-0.0597	0.043	6
PHONE	number	[0.6816976127320955, 0.404, 0.7413793103448276, 0.419]	[0.3594164456233422, 0.499, 0.41909814323607425, 0.512]	no-link	question-question	0.382	0.3223	0.2626	-0.095	-0.093	-0.08	6
PHONE	Please	[0.6816976127320955, 0.404, 0.7413793103448276, 0.419]	[0.32625994694960214, 0.372, 0.376657824933687, 0.387]	question-header	question-header	-0.305	-0.032	-0.3554	-0.032	-0.4151	-0.017	6
PHONE	pages	[0.6816976127320955, 0.404, 0.7413793103448276, 0.419]	[0.44297082228116713, 0.499, 0.4854111405835544, 0.516]	no-link	question-question	0.2984	0.2387	0.1963	-0.095	-0.097	-0.08	6
No.	PHONE	[0.5649867374005305, 0.405, 0.5981432360742706, 0.418]	[0.6816976127320955, 0.404, 0.7413793103448276, 0.419]	question-question	question-question	0.1764	-0.001	0.1167	0.001	0.0836	0.014	6
No.	John	[0.5649867374005305, 0.405, 0.5981432360742706, 0.418]	[0.14323607427055704, 0.43, 0.1816976127320955, 0.447]	no-link	question-answer	0.4549	0.4218	0.3833	-0.025	-0.029	-0.012	6
No.	Philip	[0.5649867374005305, 0.405, 0.5981432360742706, 0.418]	[0.3116710875331565, 0.43, 0.3620689655172414, 0.45]	no-link	question-answer	0.2865	0.2533	0.2029	-0.025	-0.032	-0.012	6
No.	917	[0.5649867374005305, 0.405, 0.5981432360742706, 0.418]	[0.5291777188328912, 0.432, 0.5570291777188329, 0.449]	no-link	question-answer	0.069	0.0358	0.008	-0.027	-0.031	-0.014	6
No.	917-	[0.5649867374005305, 0.405, 0.5981432360742706, 0.418]	[0.6816976127320955, 0.432, 0.7175066312997348, 0.447]	no-link	question-answer	-0.0836	-0.1167	-0.1525	-0.027	-0.029	-0.014	6
No.	-663	[0.5649867374005305, 0.405, 0.5981432360742706, 0.418]	[0.5570291777188329, 0.433, 0.5901856763925729, 0.447]	no-link	question-answer	0.0411	0.008	-0.0252	-0.028	-0.029	-0.015	6
No.	663	[0.5649867374005305, 0.405, 0.5981432360742706, 0.418]	[0.7188328912466844, 0.433, 0.7506631299734748, 0.447]	no-link	question-answer	-0.1207	-0.1538	-0.1857	-0.028	-0.029	-0.015	6
No.	Gregory	[0.5649867374005305, 0.405, 0.5981432360742706, 0.418]	[0.14456233421750664, 0.458, 0.20954907161803712, 0.476]	no-link	question-answer	0.4536	0.4204	0.3554	-0.053	-0.058	-0.04	6
No.	Total	[0.5649867374005305, 0.405, 0.5981432360742706, 0.418]	[0.3169761273209549, 0.497, 0.35809018567639256, 0.511]	no-link	question-question	0.2812	0.248	0.2069	-0.092	-0.093	-0.079	6
No.	of	[0.5649867374005305, 0.405, 0.5981432360742706, 0.418]	[0.4217506631299735, 0.497, 0.4403183023872679, 0.511]	no-link	question-question	0.1764	0.1432	0.1247	-0.092	-0.093	-0.079	6
No.	including	[0.5649867374005305, 0.405, 0.5981432360742706, 0.418]	[0.48673740053050396, 0.497, 0.5583554376657824, 0.514]	no-link	question-question	0.1114	0.0782	0.0066	-0.092	-0.096	-0.079	6
No.	this	[0.5649867374005305, 0.405, 0.5981432360742706, 0.418]	[0.5636604774535809, 0.497, 0.5915119363395226, 0.511]	no-link	question-question	0.0345	0.0013	-0.0265	-0.092	-0.093	-0.079	6
No.	number	[0.5649867374005305, 0.405, 0.5981432360742706, 0.418]	[0.3594164456233422, 0.499, 0.41909814323607425, 0.512]	no-link	question-question	0.2387	0.2056	0.1459	-0.094	-0.094	-0.081	6
No.	pages	[0.5649867374005305, 0.405, 0.5981432360742706, 0.418]	[0.44297082228116713, 0.499, 0.4854111405835544, 0.516]	no-link	question-question	0.1552	0.122	0.0796	-0.094	-0.098	-0.081	6
No.	COMMENTS	[0.5649867374005305, 0.405, 0.5981432360742706, 0.418]	[0.10212201591511937, 0.532, 0.19496021220159152, 0.546]	no-link	question-question	0.496	0.4629	0.37	-0.127	-0.128	-0.114	6
No.	917	[0.5649867374005305, 0.405, 0.5981432360742706, 0.418]	[0.5291777188328912, 0.432, 0.5570291777188329, 0.449]	question-answer	question-answer	-0.008	0.027	-0.0358	0.031	-0.069	0.044	6
No.	Operator	[0.5649867374005305, 0.405, 0.5981432360742706, 0.418]	[0.13925729442970822, 0.92, 0.20822281167108753, 0.935]	no-link	question-question	0.4589	0.4257	0.3568	-0.515	-0.517	-0.502	6
No.	917-	[0.5649867374005305, 0.405, 0.5981432360742706, 0.418]	[0.5265251989389921, 0.462, 0.5623342175066313, 0.476]	question-answer	question-answer	-0.0027	0.057	-0.0385	0.058	-0.0716	0.071	6
No.	Please	[0.5649867374005305, 0.405, 0.5981432360742706, 0.418]	[0.32625994694960214, 0.372, 0.376657824933687, 0.387]	question-header	question-header	-0.1883	-0.033	-0.2387	-0.031	-0.2719	-0.018	6
John	Mulderig	[0.14323607427055704, 0.43, 0.1816976127320955, 0.447]	[0.1856763925729443, 0.432, 0.25596816976127323, 0.449]	word-word	answer-answer	0.1127	0.002	0.0424	0.002	0.004	0.019	6
John	917	[0.14323607427055704, 0.43, 0.1816976127320955, 0.447]	[0.5291777188328912, 0.432, 0.5570291777188329, 0.449]	no-link	answer-answer	-0.3475	-0.3859	-0.4138	-0.002	-0.002	0.015	6
John	917-	[0.14323607427055704, 0.43, 0.1816976127320955, 0.447]	[0.6816976127320955, 0.432, 0.7175066312997348, 0.447]	no-link	answer-answer	-0.5	-0.5385	-0.5743	-0.002	0.0	0.015	6
John	-663	[0.14323607427055704, 0.43, 0.1816976127320955, 0.447]	[0.5570291777188329, 0.433, 0.5901856763925729, 0.447]	no-link	answer-answer	-0.3753	-0.4138	-0.4469	-0.003	0.0	0.014	6
John	663	[0.14323607427055704, 0.43, 0.1816976127320955, 0.447]	[0.7188328912466844, 0.433, 0.7506631299734748, 0.447]	no-link	answer-answer	-0.5371	-0.5756	-0.6074	-0.003	0.0	0.014	6
John	Gregory	[0.14323607427055704, 0.43, 0.1816976127320955, 0.447]	[0.14456233421750664, 0.458, 0.20954907161803712, 0.476]	no-link	answer-answer	0.0371	-0.0013	-0.0663	-0.028	-0.029	-0.011	6
John	Philip	[0.14323607427055704, 0.43, 0.1816976127320955, 0.447]	[0.3129973474801061, 0.459, 0.3594164456233422, 0.479]	no-link	answer-answer	-0.1313	-0.1698	-0.2162	-0.029	-0.032	-0.012	6
John	Total	[0.14323607427055704, 0.43, 0.1816976127320955, 0.447]	[0.3169761273209549, 0.497, 0.35809018567639256, 0.511]	no-link	answer-question	-0.1353	-0.1737	-0.2149	-0.067	-0.064	-0.05	6
John	of	[0.14323607427055704, 0.43, 0.1816976127320955, 0.447]	[0.4217506631299735, 0.497, 0.4403183023872679, 0.511]	no-link	answer-question	-0.2401	-0.2785	-0.2971	-0.067	-0.064	-0.05	6
John	including	[0.14323607427055704, 0.43, 0.1816976127320955, 0.447]	[0.48673740053050396, 0.497, 0.5583554376657824, 0.514]	no-link	answer-question	-0.305	-0.3435	-0.4151	-0.067	-0.067	-0.05	6
John	this	[0.14323607427055704, 0.43, 0.1816976127320955, 0.447]	[0.5636604774535809, 0.497, 0.5915119363395226, 0.511]	no-link	answer-question	-0.382	-0.4204	-0.4483	-0.067	-0.064	-0.05	6
John	number	[0.14323607427055704, 0.43, 0.1816976127320955, 0.447]	[0.3594164456233422, 0.499, 0.41909814323607425, 0.512]	no-link	answer-question	-0.1777	-0.2162	-0.2759	-0.069	-0.065	-0.052	6
John	pages	[0.14323607427055704, 0.43, 0.1816976127320955, 0.447]	[0.44297082228116713, 0.499, 0.4854111405835544, 0.516]	no-link	answer-question	-0.2613	-0.2997	-0.3422	-0.069	-0.069	-0.052	6
John	COMMENTS	[0.14323607427055704, 0.43, 0.1816976127320955, 0.447]	[0.10212201591511937, 0.532, 0.19496021220159152, 0.546]	no-link	answer-question	0.0796	0.0411	-0.0517	-0.102	-0.099	-0.085	6
John	Operator	[0.14323607427055704, 0.43, 0.1816976127320955, 0.447]	[0.13925729442970822, 0.92, 0.20822281167108753, 0.935]	no-link	answer-question	0.0424	0.004	-0.065	-0.49	-0.488	-0.473	6
Philip	Morris	[0.3116710875331565, 0.43, 0.3620689655172414, 0.45]	[0.363395225464191, 0.432, 0.4177718832891247, 0.449]	word-word	answer-answer	0.1061	0.002	0.0517	-0.001	0.0013	0.019	6
Philip	917-	[0.3116710875331565, 0.43, 0.3620689655172414, 0.45]	[0.6816976127320955, 0.432, 0.7175066312997348, 0.447]	no-link	answer-answer	-0.3196	-0.37	-0.4058	-0.002	0.003	0.018	6
Philip	-663	[0.3116710875331565, 0.43, 0.3620689655172414, 0.45]	[0.5570291777188329, 0.433, 0.5901856763925729, 0.447]	no-link	answer-answer	-0.195	-0.2454	-0.2785	-0.003	0.003	0.017	6
Philip	663	[0.3116710875331565, 0.43, 0.3620689655172414, 0.45]	[0.7188328912466844, 0.433, 0.7506631299734748, 0.447]	no-link	answer-answer	-0.3568	-0.4072	-0.439	-0.003	0.003	0.017	6
Philip	Gregory	[0.3116710875331565, 0.43, 0.3620689655172414, 0.45]	[0.14456233421750664, 0.458, 0.20954907161803712, 0.476]	no-link	answer-answer	0.2175	0.1671	0.1021	-0.028	-0.026	-0.008	6
Philip	Total	[0.3116710875331565, 0.43, 0.3620689655172414, 0.45]	[0.3169761273209549, 0.497, 0.35809018567639256, 0.511]	no-link	answer-question	0.0451	-0.0053	-0.0464	-0.067	-0.061	-0.047	6
Philip	of	[0.3116710875331565, 0.43, 0.3620689655172414, 0.45]	[0.4217506631299735, 0.497, 0.4403183023872679, 0.511]	no-link	answer-question	-0.0597	-0.1101	-0.1286	-0.067	-0.061	-0.047	6
Philip	including	[0.3116710875331565, 0.43, 0.3620689655172414, 0.45]	[0.48673740053050396, 0.497, 0.5583554376657824, 0.514]	no-link	answer-question	-0.1247	-0.1751	-0.2467	-0.067	-0.064	-0.047	6
Philip	this	[0.3116710875331565, 0.43, 0.3620689655172414, 0.45]	[0.5636604774535809, 0.497, 0.5915119363395226, 0.511]	no-link	answer-question	-0.2016	-0.252	-0.2798	-0.067	-0.061	-0.047	6
Philip	number	[0.3116710875331565, 0.43, 0.3620689655172414, 0.45]	[0.3594164456233422, 0.499, 0.41909814323607425, 0.512]	no-link	answer-question	0.0027	-0.0477	-0.1074	-0.069	-0.062	-0.049	6
Philip	pages	[0.3116710875331565, 0.43, 0.3620689655172414, 0.45]	[0.44297082228116713, 0.499, 0.4854111405835544, 0.516]	no-link	answer-question	-0.0809	-0.1313	-0.1737	-0.069	-0.066	-0.049	6
Philip	COMMENTS	[0.3116710875331565, 0.43, 0.3620689655172414, 0.45]	[0.10212201591511937, 0.532, 0.19496021220159152, 0.546]	no-link	answer-question	0.2599	0.2095	0.1167	-0.102	-0.096	-0.082	6
Philip	Operator	[0.3116710875331565, 0.43, 0.3620689655172414, 0.45]	[0.13925729442970822, 0.92, 0.20822281167108753, 0.935]	no-link	answer-question	0.2228	0.1724	0.1034	-0.49	-0.485	-0.47	6
917	-663	[0.5291777188328912, 0.432, 0.5570291777188329, 0.449]	[0.5570291777188329, 0.433, 0.5901856763925729, 0.447]	word-word	answer-answer	0.061	0.001	0.0279	-0.002	0.0	0.015	6
917	663	[0.5291777188328912, 0.432, 0.5570291777188329, 0.449]	[0.7188328912466844, 0.433, 0.7506631299734748, 0.447]	no-link	answer-answer	-0.1618	-0.1897	-0.2215	-0.001	0.002	0.016	6
917	Gregory	[0.5291777188328912, 0.432, 0.5570291777188329, 0.449]	[0.14456233421750664, 0.458, 0.20954907161803712, 0.476]	no-link	answer-answer	0.4125	0.3846	0.3196	-0.026	-0.027	-0.009	6
917	Philip	[0.5291777188328912, 0.432, 0.5570291777188329, 0.449]	[0.3129973474801061, 0.459, 0.3594164456233422, 0.479]	no-link	answer-answer	0.244	0.2162	0.1698	-0.027	-0.03	-0.01	6
917	917-	[0.5291777188328912, 0.432, 0.5570291777188329, 0.449]	[0.5265251989389921, 0.462, 0.5623342175066313, 0.476]	no-link	answer-answer	0.0305	0.0027	-0.0332	-0.03	-0.027	-0.013	6
917	Total	[0.5291777188328912, 0.432, 0.5570291777188329, 0.449]	[0.3169761273209549, 0.497, 0.35809018567639256, 0.511]	no-link	answer-question	0.2401	0.2122	0.1711	-0.065	-0.062	-0.048	6
917	of	[0.5291777188328912, 0.432, 0.5570291777188329, 0.449]	[0.4217506631299735, 0.497, 0.4403183023872679, 0.511]	no-link	answer-question	0.1353	0.1074	0.0889	-0.065	-0.062	-0.048	6
917	including	[0.5291777188328912, 0.432, 0.5570291777188329, 0.449]	[0.48673740053050396, 0.497, 0.5583554376657824, 0.514]	no-link	answer-question	0.0703	0.0424	-0.0292	-0.065	-0.065	-0.048	6
917	this	[0.5291777188328912, 0.432, 0.5570291777188329, 0.449]	[0.5636604774535809, 0.497, 0.5915119363395226, 0.511]	no-link	answer-question	-0.0066	-0.0345	-0.0623	-0.065	-0.062	-0.048	6
917	number	[0.5291777188328912, 0.432, 0.5570291777188329, 0.449]	[0.3594164456233422, 0.499, 0.41909814323607425, 0.512]	no-link	answer-question	0.1976	0.1698	0.1101	-0.067	-0.063	-0.05	6
917	pages	[0.5291777188328912, 0.432, 0.5570291777188329, 0.449]	[0.44297082228116713, 0.499, 0.4854111405835544, 0.516]	no-link	answer-question	0.1141	0.0862	0.0438	-0.067	-0.067	-0.05	6
917	COMMENTS	[0.5291777188328912, 0.432, 0.5570291777188329, 0.449]	[0.10212201591511937, 0.532, 0.19496021220159152, 0.546]	no-link	answer-question	0.4549	0.4271	0.3342	-0.1	-0.097	-0.083	6
917	Operator	[0.5291777188328912, 0.432, 0.5570291777188329, 0.449]	[0.13925729442970822, 0.92, 0.20822281167108753, 0.935]	no-link	answer-question	0.4178	0.3899	0.321	-0.488	-0.486	-0.471	6
917-	663	[0.6816976127320955, 0.432, 0.7175066312997348, 0.447]	[0.7188328912466844, 0.433, 0.7506631299734748, 0.447]	word-word	answer-answer	0.069	0.001	0.0371	0.0	0.0013	0.015	6
917-	Gregory	[0.6816976127320955, 0.432, 0.7175066312997348, 0.447]	[0.14456233421750664, 0.458, 0.20954907161803712, 0.476]	no-link	answer-answer	0.5729	0.5371	0.4721	-0.026	-0.029	-0.011	6
917-	Philip	[0.6816976127320955, 0.432, 0.7175066312997348, 0.447]	[0.3129973474801061, 0.459, 0.3594164456233422, 0.479]	no-link	answer-answer	0.4045	0.3687	0.3223	-0.027	-0.032	-0.012	6
917-	Total	[0.6816976127320955, 0.432, 0.7175066312997348, 0.447]	[0.3169761273209549, 0.497, 0.35809018567639256, 0.511]	no-link	answer-question	0.4005	0.3647	0.3236	-0.065	-0.064	-0.05	6
917-	of	[0.6816976127320955, 0.432, 0.7175066312997348, 0.447]	[0.4217506631299735, 0.497, 0.4403183023872679, 0.511]	no-link	answer-question	0.2958	0.2599	0.2414	-0.065	-0.064	-0.05	6
917-	including	[0.6816976127320955, 0.432, 0.7175066312997348, 0.447]	[0.48673740053050396, 0.497, 0.5583554376657824, 0.514]	no-link	answer-question	0.2308	0.195	0.1233	-0.065	-0.067	-0.05	6
917-	this	[0.6816976127320955, 0.432, 0.7175066312997348, 0.447]	[0.5636604774535809, 0.497, 0.5915119363395226, 0.511]	no-link	answer-question	0.1538	0.118	0.0902	-0.065	-0.064	-0.05	6
917-	number	[0.6816976127320955, 0.432, 0.7175066312997348, 0.447]	[0.3594164456233422, 0.499, 0.41909814323607425, 0.512]	no-link	answer-question	0.3581	0.3223	0.2626	-0.067	-0.065	-0.052	6
917-	pages	[0.6816976127320955, 0.432, 0.7175066312997348, 0.447]	[0.44297082228116713, 0.499, 0.4854111405835544, 0.516]	no-link	answer-question	0.2745	0.2387	0.1963	-0.067	-0.069	-0.052	6
917-	COMMENTS	[0.6816976127320955, 0.432, 0.7175066312997348, 0.447]	[0.10212201591511937, 0.532, 0.19496021220159152, 0.546]	no-link	answer-question	0.6154	0.5796	0.4867	-0.1	-0.099	-0.085	6
917-	Operator	[0.6816976127320955, 0.432, 0.7175066312997348, 0.447]	[0.13925729442970822, 0.92, 0.20822281167108753, 0.935]	no-link	answer-question	0.5782	0.5424	0.4735	-0.488	-0.488	-0.473	6
-663	-5796	[0.5570291777188329, 0.433, 0.5901856763925729, 0.447]	[0.5928381962864722, 0.433, 0.6392572944297082, 0.447]	word-word	answer-answer	0.0822	0.0	0.0358	0.0	0.0027	0.014	6
-663	Gregory	[0.5570291777188329, 0.433, 0.5901856763925729, 0.447]	[0.14456233421750664, 0.458, 0.20954907161803712, 0.476]	no-link	answer-answer	0.4456	0.4125	0.3475	-0.025	-0.029	-0.011	6
-663	Philip	[0.5570291777188329, 0.433, 0.5901856763925729, 0.447]	[0.3129973474801061, 0.459, 0.3594164456233422, 0.479]	no-link	answer-answer	0.2772	0.244	0.1976	-0.026	-0.032	-0.012	6
-663	663	[0.5570291777188329, 0.433, 0.5901856763925729, 0.447]	[0.5596816976127321, 0.461, 0.5928381962864722, 0.476]	no-link	answer-answer	0.0305	-0.0027	-0.0358	-0.028	-0.029	-0.014	6
-663	917-	[0.5570291777188329, 0.433, 0.5901856763925729, 0.447]	[0.5265251989389921, 0.462, 0.5623342175066313, 0.476]	no-link	answer-answer	0.0637	0.0305	-0.0053	-0.029	-0.029	-0.015	6
-663	Total	[0.5570291777188329, 0.433, 0.5901856763925729, 0.447]	[0.3169761273209549, 0.497, 0.35809018567639256, 0.511]	no-link	answer-question	0.2732	0.2401	0.1989	-0.064	-0.064	-0.05	6
-663	of	[0.5570291777188329, 0.433, 0.5901856763925729, 0.447]	[0.4217506631299735, 0.497, 0.4403183023872679, 0.511]	no-link	answer-question	0.1684	0.1353	0.1167	-0.064	-0.064	-0.05	6
-663	including	[0.5570291777188329, 0.433, 0.5901856763925729, 0.447]	[0.48673740053050396, 0.497, 0.5583554376657824, 0.514]	no-link	answer-question	0.1034	0.0703	-0.0013	-0.064	-0.067	-0.05	6
-663	this	[0.5570291777188329, 0.433, 0.5901856763925729, 0.447]	[0.5636604774535809, 0.497, 0.5915119363395226, 0.511]	no-link	answer-question	0.0265	-0.0066	-0.0345	-0.064	-0.064	-0.05	6
-663	number	[0.5570291777188329, 0.433, 0.5901856763925729, 0.447]	[0.3594164456233422, 0.499, 0.41909814323607425, 0.512]	no-link	answer-question	0.2308	0.1976	0.1379	-0.066	-0.065	-0.052	6
-663	pages	[0.5570291777188329, 0.433, 0.5901856763925729, 0.447]	[0.44297082228116713, 0.499, 0.4854111405835544, 0.516]	no-link	answer-question	0.1472	0.1141	0.0716	-0.066	-0.069	-0.052	6
-663	COMMENTS	[0.5570291777188329, 0.433, 0.5901856763925729, 0.447]	[0.10212201591511937, 0.532, 0.19496021220159152, 0.546]	no-link	answer-question	0.4881	0.4549	0.3621	-0.099	-0.099	-0.085	6
-663	Operator	[0.5570291777188329, 0.433, 0.5901856763925729, 0.447]	[0.13925729442970822, 0.92, 0.20822281167108753, 0.935]	no-link	answer-question	0.4509	0.4178	0.3488	-0.487	-0.488	-0.473	6
663	3056	[0.7188328912466844, 0.433, 0.7506631299734748, 0.447]	[0.7519893899204244, 0.433, 0.7904509283819628, 0.447]	word-word	answer-answer	0.0716	0.0	0.0332	0.0	0.0013	0.014	6
663	Philip	[0.7188328912466844, 0.433, 0.7506631299734748, 0.447]	[0.3129973474801061, 0.459, 0.3594164456233422, 0.479]	no-link	answer-answer	0.4377	0.4058	0.3594	-0.026	-0.032	-0.012	6
663	917-	[0.7188328912466844, 0.433, 0.7506631299734748, 0.447]	[0.5265251989389921, 0.462, 0.5623342175066313, 0.476]	no-link	answer-answer	0.2241	0.1923	0.1565	-0.029	-0.029	-0.015	6
663	Total	[0.7188328912466844, 0.433, 0.7506631299734748, 0.447]	[0.3169761273209549, 0.497, 0.35809018567639256, 0.511]	no-link	answer-question	0.4337	0.4019	0.3607	-0.064	-0.064	-0.05	6
663	of	[0.7188328912466844, 0.433, 0.7506631299734748, 0.447]	[0.4217506631299735, 0.497, 0.4403183023872679, 0.511]	no-link	answer-question	0.3289	0.2971	0.2785	-0.064	-0.064	-0.05	6
663	including	[0.7188328912466844, 0.433, 0.7506631299734748, 0.447]	[0.48673740053050396, 0.497, 0.5583554376657824, 0.514]	no-link	answer-question	0.2639	0.2321	0.1605	-0.064	-0.067	-0.05	6
663	this	[0.7188328912466844, 0.433, 0.7506631299734748, 0.447]	[0.5636604774535809, 0.497, 0.5915119363395226, 0.511]	no-link	answer-question	0.187	0.1552	0.1273	-0.064	-0.064	-0.05	6
663	number	[0.7188328912466844, 0.433, 0.7506631299734748, 0.447]	[0.3594164456233422, 0.499, 0.41909814323607425, 0.512]	no-link	answer-question	0.3912	0.3594	0.2997	-0.066	-0.065	-0.052	6
663	pages	[0.7188328912466844, 0.433, 0.7506631299734748, 0.447]	[0.44297082228116713, 0.499, 0.4854111405835544, 0.516]	no-link	answer-question	0.3077	0.2759	0.2334	-0.066	-0.069	-0.052	6
663	COMMENTS	[0.7188328912466844, 0.433, 0.7506631299734748, 0.447]	[0.10212201591511937, 0.532, 0.19496021220159152, 0.546]	no-link	answer-question	0.6485	0.6167	0.5239	-0.099	-0.099	-0.085	6
663	Operator	[0.7188328912466844, 0.433, 0.7506631299734748, 0.447]	[0.13925729442970822, 0.92, 0.20822281167108753, 0.935]	no-link	answer-question	0.6114	0.5796	0.5106	-0.487	-0.488	-0.473	6
Gregory	Little	[0.14456233421750664, 0.458, 0.20954907161803712, 0.476]	[0.20954907161803712, 0.459, 0.2546419098143236, 0.476]	word-word	answer-answer	0.1101	0.001	0.065	0.0	0.0	0.018	6
Gregory	663	[0.14456233421750664, 0.458, 0.20954907161803712, 0.476]	[0.5596816976127321, 0.461, 0.5928381962864722, 0.476]	no-link	answer-answer	-0.3501	-0.4151	-0.4483	-0.003	0.0	0.015	6
Gregory	917-	[0.14456233421750664, 0.458, 0.20954907161803712, 0.476]	[0.5265251989389921, 0.462, 0.5623342175066313, 0.476]	no-link	answer-answer	-0.317	-0.382	-0.4178	-0.004	0.0	0.014	6
Gregory	Total	[0.14456233421750664, 0.458, 0.20954907161803712, 0.476]	[0.3169761273209549, 0.497, 0.35809018567639256, 0.511]	no-link	answer-question	-0.1074	-0.1724	-0.2135	-0.039	-0.035	-0.021	6
Gregory	of	[0.14456233421750664, 0.458, 0.20954907161803712, 0.476]	[0.4217506631299735, 0.497, 0.4403183023872679, 0.511]	no-link	answer-question	-0.2122	-0.2772	-0.2958	-0.039	-0.035	-0.021	6
Gregory	including	[0.14456233421750664, 0.458, 0.20954907161803712, 0.476]	[0.48673740053050396, 0.497, 0.5583554376657824, 0.514]	no-link	answer-question	-0.2772	-0.3422	-0.4138	-0.039	-0.038	-0.021	6
Gregory	this	[0.14456233421750664, 0.458, 0.20954907161803712, 0.476]	[0.5636604774535809, 0.497, 0.5915119363395226, 0.511]	no-link	answer-question	-0.3541	-0.4191	-0.4469	-0.039	-0.035	-0.021	6
Gregory	number	[0.14456233421750664, 0.458, 0.20954907161803712, 0.476]	[0.3594164456233422, 0.499, 0.41909814323607425, 0.512]	no-link	answer-question	-0.1499	-0.2149	-0.2745	-0.041	-0.036	-0.023	6
Gregory	pages	[0.14456233421750664, 0.458, 0.20954907161803712, 0.476]	[0.44297082228116713, 0.499, 0.4854111405835544, 0.516]	no-link	answer-question	-0.2334	-0.2984	-0.3408	-0.041	-0.04	-0.023	6
Gregory	COMMENTS	[0.14456233421750664, 0.458, 0.20954907161803712, 0.476]	[0.10212201591511937, 0.532, 0.19496021220159152, 0.546]	no-link	answer-question	0.1074	0.0424	-0.0504	-0.074	-0.07	-0.056	6
Gregory	Operator	[0.14456233421750664, 0.458, 0.20954907161803712, 0.476]	[0.13925729442970822, 0.92, 0.20822281167108753, 0.935]	no-link	answer-question	0.0703	0.0053	-0.0637	-0.462	-0.459	-0.444	6
Philip	Morris	[0.3129973474801061, 0.459, 0.3594164456233422, 0.479]	[0.363395225464191, 0.461, 0.4151193633952255, 0.476]	word-word	answer-answer	0.1021	0.002	0.0504	-0.003	0.004	0.017	6
663	5979	[0.5596816976127321, 0.461, 0.5928381962864722, 0.476]	[0.5915119363395226, 0.462, 0.6379310344827587, 0.476]	word-word	answer-answer	0.0782	0.001	0.0318	0.0	-0.0013	0.015	6
917-	663	[0.5265251989389921, 0.462, 0.5623342175066313, 0.476]	[0.5596816976127321, 0.461, 0.5928381962864722, 0.476]	word-word	answer-answer	0.0663	-0.001	0.0332	0.0	-0.0027	0.014	6
Total	COMMENTS	[0.3169761273209549, 0.497, 0.35809018567639256, 0.511]	[0.10212201591511937, 0.532, 0.19496021220159152, 0.546]	line-line	question-question	-0.122	0.035	-0.2149	0.035	-0.256	0.049	7
Total	of	[0.3169761273209549, 0.497, 0.35809018567639256, 0.511]	[0.4217506631299735, 0.497, 0.4403183023872679, 0.511]	no-link	question-question	-0.0637	-0.1048	-0.1233	0.0	0.0	0.014	7
Total	including	[0.3169761273209549, 0.497, 0.35809018567639256, 0.511]	[0.48673740053050396, 0.497, 0.5583554376657824, 0.514]	no-link	question-question	-0.1286	-0.1698	-0.2414	0.0	-0.003	0.014	7
Total	this	[0.3169761273209549, 0.497, 0.35809018567639256, 0.511]	[0.5636604774535809, 0.497, 0.5915119363395226, 0.511]	no-link	question-question	-0.2056	-0.2467	-0.2745	0.0	0.0	0.014	7
Total	number	[0.3169761273209549, 0.497, 0.35809018567639256, 0.511]	[0.3594164456233422, 0.499, 0.41909814323607425, 0.512]	no-link	question-question	-0.0013	-0.0424	-0.1021	-0.002	-0.001	0.012	7
Total	pages	[0.3169761273209549, 0.497, 0.35809018567639256, 0.511]	[0.44297082228116713, 0.499, 0.4854111405835544, 0.516]	no-link	question-question	-0.0849	-0.126	-0.1684	-0.002	-0.005	0.012	7
Total	Operator	[0.3169761273209549, 0.497, 0.35809018567639256, 0.511]	[0.13925729442970822, 0.92, 0.20822281167108753, 0.935]	no-link	question-question	0.2188	0.1777	0.1088	-0.423	-0.424	-0.409	7
Total	number	[0.3169761273209549, 0.497, 0.35809018567639256, 0.511]	[0.3594164456233422, 0.499, 0.41909814323607425, 0.512]	word-word	question-question	0.1021	0.002	0.0424	0.001	0.0013	0.015	7
of	pages	[0.4217506631299735, 0.497, 0.4403183023872679, 0.511]	[0.44297082228116713, 0.499, 0.4854111405835544, 0.516]	word-word	question-question	0.0637	0.002	0.0212	0.005	0.0027	0.019	7
of	this	[0.4217506631299735, 0.497, 0.4403183023872679, 0.511]	[0.5636604774535809, 0.497, 0.5915119363395226, 0.511]	no-link	question-question	-0.1233	-0.1419	-0.1698	0.0	0.0	0.014	7
of	number	[0.4217506631299735, 0.497, 0.4403183023872679, 0.511]	[0.3594164456233422, 0.499, 0.41909814323607425, 0.512]	no-link	question-question	0.0809	0.0623	0.0027	-0.002	-0.001	0.012	7
of	COMMENTS	[0.4217506631299735, 0.497, 0.4403183023872679, 0.511]	[0.10212201591511937, 0.532, 0.19496021220159152, 0.546]	no-link	question-question	0.3382	0.3196	0.2268	-0.035	-0.035	-0.021	7
of	Operator	[0.4217506631299735, 0.497, 0.4403183023872679, 0.511]	[0.13925729442970822, 0.92, 0.20822281167108753, 0.935]	no-link	question-question	0.3011	0.2825	0.2135	-0.423	-0.424	-0.409	7
including	this	[0.48673740053050396, 0.497, 0.5583554376657824, 0.514]	[0.5636604774535809, 0.497, 0.5915119363395226, 0.511]	word-word	question-question	0.1048	0.0	0.0769	-0.003	0.0053	0.014	7
including	number	[0.48673740053050396, 0.497, 0.5583554376657824, 0.514]	[0.3594164456233422, 0.499, 0.41909814323607425, 0.512]	no-link	question-question	0.1989	0.1273	0.0676	-0.002	0.002	0.015	7
including	pages	[0.48673740053050396, 0.497, 0.5583554376657824, 0.514]	[0.44297082228116713, 0.499, 0.4854111405835544, 0.516]	no-link	question-question	0.1154	0.0438	0.0013	-0.002	-0.002	0.015	7
including	COMMENTS	[0.48673740053050396, 0.497, 0.5583554376657824, 0.514]	[0.10212201591511937, 0.532, 0.19496021220159152, 0.546]	no-link	question-question	0.4562	0.3846	0.2918	-0.035	-0.032	-0.018	7
including	Operator	[0.48673740053050396, 0.497, 0.5583554376657824, 0.514]	[0.13925729442970822, 0.92, 0.20822281167108753, 0.935]	no-link	question-question	0.4191	0.3475	0.2785	-0.423	-0.421	-0.406	7
this	page:	[0.5636604774535809, 0.497, 0.5915119363395226, 0.511]	[0.5941644562334217, 0.501, 0.6352785145888594, 0.515]	word-word	question-question	0.0716	0.004	0.0305	0.004	0.0027	0.018	7
this	pages	[0.5636604774535809, 0.497, 0.5915119363395226, 0.511]	[0.44297082228116713, 0.499, 0.4854111405835544, 0.516]	no-link	question-question	0.1485	0.1207	0.0782	-0.002	-0.005	0.012	7
this	COMMENTS	[0.5636604774535809, 0.497, 0.5915119363395226, 0.511]	[0.10212201591511937, 0.532, 0.19496021220159152, 0.546]	no-link	question-question	0.4894	0.4615	0.3687	-0.035	-0.035	-0.021	7
this	Operator	[0.5636604774535809, 0.497, 0.5915119363395226, 0.511]	[0.13925729442970822, 0.92, 0.20822281167108753, 0.935]	no-link	question-question	0.4523	0.4244	0.3554	-0.423	-0.424	-0.409	7
number	of	[0.3594164456233422, 0.499, 0.41909814323607425, 0.512]	[0.4217506631299735, 0.497, 0.4403183023872679, 0.511]	word-word	question-question	0.0809	-0.002	0.0623	-0.001	0.0027	0.012	7
number	COMMENTS	[0.3594164456233422, 0.499, 0.41909814323607425, 0.512]	[0.10212201591511937, 0.532, 0.19496021220159152, 0.546]	no-link	question-question	0.317	0.2573	0.1645	-0.033	-0.034	-0.02	7
number	Operator	[0.3594164456233422, 0.499, 0.41909814323607425, 0.512]	[0.13925729442970822, 0.92, 0.20822281167108753, 0.935]	no-link	question-question	0.2798	0.2202	0.1512	-0.421	-0.423	-0.408	7
pages	including	[0.44297082228116713, 0.499, 0.4854111405835544, 0.516]	[0.48673740053050396, 0.497, 0.5583554376657824, 0.514]	word-word	question-question	0.1154	-0.002	0.0438	-0.002	0.0013	0.015	7
pages	Operator	[0.44297082228116713, 0.499, 0.4854111405835544, 0.516]	[0.13925729442970822, 0.92, 0.20822281167108753, 0.935]	no-link	question-question	0.3462	0.3037	0.2347	-0.421	-0.419	-0.404	7
COMMENTS	Operator	[0.10212201591511937, 0.532, 0.19496021220159152, 0.546]	[0.13925729442970822, 0.92, 0.20822281167108753, 0.935]	line-line	question-question	0.1061	0.388	0.0371	0.389	-0.0557	0.403	8
Operator	Initials:	[0.13925729442970822, 0.92, 0.20822281167108753, 0.935]	[0.21087533156498675, 0.919, 0.27055702917771884, 0.934]	word-word	question-question	0.1313	-0.001	0.0716	-0.001	0.0027	0.014	9
