TOBACCO	Registration	[0.4360313315926893, 0.126, 0.5182767624020888, 0.143]	[0.1227154046997389, 0.169, 0.2193211488250653, 0.186]	line-line	header-question	-0.2167	0.043	-0.3133	0.043	-0.3956	0.06	0
TOBACCO	Date	[0.4360313315926893, 0.126, 0.5182767624020888, 0.143]	[0.6631853785900783, 0.172, 0.7010443864229765, 0.186]	no-link	header-answer	-0.1449	-0.2272	-0.265	-0.046	-0.043	-0.029	0
TOBACCO	March	[0.4360313315926893, 0.126, 0.5182767624020888, 0.143]	[0.7088772845953003, 0.173, 0.762402088772846, 0.186]	no-link	header-answer	-0.1906	-0.2728	-0.3264	-0.047	-0.043	-0.03	0
TOBACCO	18,	[0.4360313315926893, 0.126, 0.5182767624020888, 0.143]	[0.7689295039164491, 0.173, 0.7976501305483029, 0.188]	no-link	header-answer	-0.2507	-0.3329	-0.3616	-0.047	-0.045	-0.03	0
TOBACCO	AUTHORS	[0.4360313315926893, 0.126, 0.5182767624020888, 0.143]	[0.12010443864229765, 0.197, 0.21148825065274152, 0.215]	no-link	header-question	0.3982	0.3159	0.2245	-0.071	-0.072	-0.054	0
TOBACCO	Andrew	[0.4360313315926893, 0.126, 0.5182767624020888, 0.143]	[0.27154046997389036, 0.197, 0.3328981723237598, 0.212]	no-link	header-answer	0.2467	0.1645	0.1031	-0.071	-0.069	-0.054	0
TOBACCO	Kallianos,	[0.4360313315926893, 0.126, 0.5182767624020888, 0.143]	[0.3681462140992167, 0.197, 0.4660574412532637, 0.214]	no-link	header-answer	0.1501	0.0679	-0.03	-0.071	-0.071	-0.054	0
TOBACCO	G.	[0.4360313315926893, 0.126, 0.5182767624020888, 0.143]	[0.3394255874673629, 0.198, 0.36161879895561355, 0.211]	no-link	header-answer	0.1789	0.0966	0.0744	-0.072	-0.068	-0.055	0
TOBACCO	Richard	[0.4360313315926893, 0.126, 0.5182767624020888, 0.143]	[0.4765013054830287, 0.198, 0.5469973890339426, 0.212]	no-link	header-answer	0.0418	-0.0405	-0.111	-0.072	-0.069	-0.055	0
TOBACCO	K.	[0.4360313315926893, 0.126, 0.5182767624020888, 0.143]	[0.5548302872062664, 0.2, 0.577023498694517, 0.213]	no-link	header-answer	-0.0366	-0.1188	-0.141	-0.074	-0.07	-0.057	0
TOBACCO	Means,	[0.4360313315926893, 0.126, 0.5182767624020888, 0.143]	[0.5835509138381201, 0.201, 0.639686684073107, 0.215]	no-link	header-answer	-0.0653	-0.1475	-0.2037	-0.075	-0.072	-0.058	0
TOBACCO	James	[0.4360313315926893, 0.126, 0.5182767624020888, 0.143]	[0.6527415143603134, 0.201, 0.7036553524804178, 0.214]	no-link	header-answer	-0.1345	-0.2167	-0.2676	-0.075	-0.071	-0.058	0
TOBACCO	D.	[0.4360313315926893, 0.126, 0.5182767624020888, 0.143]	[0.7075718015665796, 0.201, 0.7297650130548303, 0.214]	no-link	header-answer	-0.1893	-0.2715	-0.2937	-0.075	-0.071	-0.058	0
TOBACCO	"Effect	[0.4360313315926893, 0.126, 0.5182767624020888, 0.143]	[0.27284595300261094, 0.223, 0.34203655352480417, 0.238]	no-link	header-answer	0.2454	0.1632	0.094	-0.097	-0.095	-0.08	0
TOBACCO	of	[0.4360313315926893, 0.126, 0.5182767624020888, 0.143]	[0.34986945169712796, 0.223, 0.3720626631853786, 0.238]	no-link	header-answer	0.1684	0.0862	0.064	-0.097	-0.095	-0.08	0
TOBACCO	TITLE	[0.4360313315926893, 0.126, 0.5182767624020888, 0.143]	[0.12010443864229765, 0.225, 0.17885117493472585, 0.239]	no-link	header-question	0.3982	0.3159	0.2572	-0.099	-0.096	-0.082	0
TOBACCO	SCIENCE	[0.4360313315926893, 0.126, 0.5182767624020888, 0.143]	[0.5274151436031331, 0.127, 0.597911227154047, 0.144]	word-word	header-header	0.1619	0.001	0.0914	0.001	0.0091	0.018	0
Registration	Date	[0.1227154046997389, 0.169, 0.2193211488250653, 0.186]	[0.6631853785900783, 0.172, 0.7010443864229765, 0.186]	question-question	question-question	0.5783	0.003	0.5405	0.0	0.4439	0.017	1
Registration	March	[0.1227154046997389, 0.169, 0.2193211488250653, 0.186]	[0.7088772845953003, 0.173, 0.762402088772846, 0.186]	no-link	question-answer	-0.4896	-0.5862	-0.6397	-0.004	0.0	0.013	1
Registration	18,	[0.1227154046997389, 0.169, 0.2193211488250653, 0.186]	[0.7689295039164491, 0.173, 0.7976501305483029, 0.188]	no-link	question-answer	-0.5496	-0.6462	-0.6749	-0.004	-0.002	0.013	1
Registration	AUTHORS	[0.1227154046997389, 0.169, 0.2193211488250653, 0.186]	[0.12010443864229765, 0.197, 0.21148825065274152, 0.215]	no-link	question-question	0.0992	0.0026	-0.0888	-0.028	-0.029	-0.011	1
Registration	Andrew	[0.1227154046997389, 0.169, 0.2193211488250653, 0.186]	[0.27154046997389036, 0.197, 0.3328981723237598, 0.212]	no-link	question-answer	-0.0522	-0.1488	-0.2102	-0.028	-0.026	-0.011	1
Registration	Kallianos,	[0.1227154046997389, 0.169, 0.2193211488250653, 0.186]	[0.3681462140992167, 0.197, 0.4660574412532637, 0.214]	no-link	question-answer	-0.1488	-0.2454	-0.3433	-0.028	-0.028	-0.011	1
Registration	G.	[0.1227154046997389, 0.169, 0.2193211488250653, 0.186]	[0.3394255874673629, 0.198, 0.36161879895561355, 0.211]	no-link	question-answer	-0.1201	-0.2167	-0.2389	-0.029	-0.025	-0.012	1
Registration	Richard	[0.1227154046997389, 0.169, 0.2193211488250653, 0.186]	[0.4765013054830287, 0.198, 0.5469973890339426, 0.212]	no-link	question-answer	-0.2572	-0.3538	-0.4243	-0.029	-0.026	-0.012	1
Registration	K.	[0.1227154046997389, 0.169, 0.2193211488250653, 0.186]	[0.5548302872062664, 0.2, 0.577023498694517, 0.213]	no-link	question-answer	-0.3355	-0.4321	-0.4543	-0.031	-0.027	-0.014	1
Registration	Means,	[0.1227154046997389, 0.169, 0.2193211488250653, 0.186]	[0.5835509138381201, 0.201, 0.639686684073107, 0.215]	no-link	question-answer	-0.3642	-0.4608	-0.517	-0.032	-0.029	-0.015	1
Registration	James	[0.1227154046997389, 0.169, 0.2193211488250653, 0.186]	[0.6527415143603134, 0.201, 0.7036553524804178, 0.214]	no-link	question-answer	-0.4334	-0.53	-0.5809	-0.032	-0.028	-0.015	1
Registration	D.	[0.1227154046997389, 0.169, 0.2193211488250653, 0.186]	[0.7075718015665796, 0.201, 0.7297650130548303, 0.214]	no-link	question-answer	-0.4883	-0.5849	-0.607	-0.032	-0.028	-0.015	1
Registration	"Effect	[0.1227154046997389, 0.169, 0.2193211488250653, 0.186]	[0.27284595300261094, 0.223, 0.34203655352480417, 0.238]	no-link	question-answer	-0.0535	-0.1501	-0.2193	-0.054	-0.052	-0.037	1
Registration	of	[0.1227154046997389, 0.169, 0.2193211488250653, 0.186]	[0.34986945169712796, 0.223, 0.3720626631853786, 0.238]	no-link	question-answer	-0.1305	-0.2272	-0.2493	-0.054	-0.052	-0.037	1
Registration	TITLE	[0.1227154046997389, 0.169, 0.2193211488250653, 0.186]	[0.12010443864229765, 0.225, 0.17885117493472585, 0.239]	no-link	question-question	0.0992	0.0026	-0.0561	-0.056	-0.053	-0.039	1
Registration	Nitrates	[0.1227154046997389, 0.169, 0.2193211488250653, 0.186]	[0.37989556135770236, 0.225, 0.45822454308093996, 0.24]	no-link	question-answer	-0.1606	-0.2572	-0.3355	-0.056	-0.054	-0.039	1
Registration	AUTHORS	[0.1227154046997389, 0.169, 0.2193211488250653, 0.186]	[0.12010443864229765, 0.197, 0.21148825065274152, 0.215]	line-line	question-question	0.0888	0.028	-0.0026	0.029	-0.0992	0.046	1
Registration	in	[0.1227154046997389, 0.169, 0.2193211488250653, 0.186]	[0.46736292428198434, 0.225, 0.4908616187989556, 0.239]	no-link	question-answer	-0.248	-0.3446	-0.3681	-0.056	-0.053	-0.039	1
Registration	No	[0.1227154046997389, 0.169, 0.2193211488250653, 0.186]	[0.22193211488250653, 0.169, 0.24934725848563968, 0.183]	word-word	question-question	0.1266	0.0	0.0992	-0.003	0.0026	0.014	1
Registration	Catechol	[0.1227154046997389, 0.169, 0.2193211488250653, 0.186]	[0.6422976501305483, 0.225, 0.720626631853786, 0.242]	no-link	question-answer	-0.423	-0.5196	-0.5979	-0.056	-0.056	-0.039	1
Registration	533	[0.1227154046997389, 0.169, 0.2193211488250653, 0.186]	[0.27284595300261094, 0.169, 0.30809399477806787, 0.182]	question-answer	question-answer	0.1854	0.0	0.1501	-0.004	0.0535	0.013	1
Registration	Tobacco	[0.1227154046997389, 0.169, 0.2193211488250653, 0.186]	[0.4960835509138381, 0.226, 0.5652741514360313, 0.24]	no-link	question-answer	-0.2768	-0.3734	-0.4426	-0.057	-0.054	-0.04	1
Date	March	[0.6631853785900783, 0.172, 0.7010443864229765, 0.186]	[0.7088772845953003, 0.173, 0.762402088772846, 0.186]	question-answer	question-answer	0.0992	0.001	0.0457	0.0	0.0078	0.014	1
Date	18,	[0.6631853785900783, 0.172, 0.7010443864229765, 0.186]	[0.7689295039164491, 0.173, 0.7976501305483029, 0.188]	no-link	question-answer	-0.0679	-0.1057	-0.1345	-0.001	-0.002	0.013	1
Date	AUTHORS	[0.6631853785900783, 0.172, 0.7010443864229765, 0.186]	[0.12010443864229765, 0.197, 0.21148825065274152, 0.215]	no-link	question-question	0.5809	0.5431	0.4517	-0.025	-0.029	-0.011	1
Date	Andrew	[0.6631853785900783, 0.172, 0.7010443864229765, 0.186]	[0.27154046997389036, 0.197, 0.3328981723237598, 0.212]	no-link	question-answer	0.4295	0.3916	0.3303	-0.025	-0.026	-0.011	1
Date	Kallianos,	[0.6631853785900783, 0.172, 0.7010443864229765, 0.186]	[0.3681462140992167, 0.197, 0.4660574412532637, 0.214]	no-link	question-answer	0.3329	0.295	0.1971	-0.025	-0.028	-0.011	1
Date	G.	[0.6631853785900783, 0.172, 0.7010443864229765, 0.186]	[0.3394255874673629, 0.198, 0.36161879895561355, 0.211]	no-link	question-answer	0.3616	0.3238	0.3016	-0.026	-0.025	-0.012	1
Date	Richard	[0.6631853785900783, 0.172, 0.7010443864229765, 0.186]	[0.4765013054830287, 0.198, 0.5469973890339426, 0.212]	no-link	question-answer	0.2245	0.1867	0.1162	-0.026	-0.026	-0.012	1
Date	K.	[0.6631853785900783, 0.172, 0.7010443864229765, 0.186]	[0.5548302872062664, 0.2, 0.577023498694517, 0.213]	no-link	question-answer	0.1462	0.1084	0.0862	-0.028	-0.027	-0.014	1
Date	Means,	[0.6631853785900783, 0.172, 0.7010443864229765, 0.186]	[0.5835509138381201, 0.201, 0.639686684073107, 0.215]	no-link	question-answer	0.1175	0.0796	0.0235	-0.029	-0.029	-0.015	1
Date	James	[0.6631853785900783, 0.172, 0.7010443864229765, 0.186]	[0.6527415143603134, 0.201, 0.7036553524804178, 0.214]	no-link	question-answer	0.0483	0.0104	-0.0405	-0.029	-0.028	-0.015	1
Date	D.	[0.6631853785900783, 0.172, 0.7010443864229765, 0.186]	[0.7075718015665796, 0.201, 0.7297650130548303, 0.214]	no-link	question-answer	-0.0065	-0.0444	-0.0666	-0.029	-0.028	-0.015	1
Date	"Effect	[0.6631853785900783, 0.172, 0.7010443864229765, 0.186]	[0.27284595300261094, 0.223, 0.34203655352480417, 0.238]	no-link	question-answer	0.4282	0.3903	0.3211	-0.051	-0.052	-0.037	1
Date	of	[0.6631853785900783, 0.172, 0.7010443864229765, 0.186]	[0.34986945169712796, 0.223, 0.3720626631853786, 0.238]	no-link	question-answer	0.3512	0.3133	0.2911	-0.051	-0.052	-0.037	1
Date	TITLE	[0.6631853785900783, 0.172, 0.7010443864229765, 0.186]	[0.12010443864229765, 0.225, 0.17885117493472585, 0.239]	no-link	question-question	0.5809	0.5431	0.4843	-0.053	-0.053	-0.039	1
Date	Nitrates	[0.6631853785900783, 0.172, 0.7010443864229765, 0.186]	[0.37989556135770236, 0.225, 0.45822454308093996, 0.24]	no-link	question-answer	0.3211	0.2833	0.205	-0.053	-0.054	-0.039	1
Date	in	[0.6631853785900783, 0.172, 0.7010443864229765, 0.186]	[0.46736292428198434, 0.225, 0.4908616187989556, 0.239]	no-link	question-answer	0.2337	0.1958	0.1723	-0.053	-0.053	-0.039	1
Date	Catechol	[0.6631853785900783, 0.172, 0.7010443864229765, 0.186]	[0.6422976501305483, 0.225, 0.720626631853786, 0.242]	no-link	question-answer	0.0587	0.0209	-0.0574	-0.053	-0.056	-0.039	1
Date	Tobacco	[0.6631853785900783, 0.172, 0.7010443864229765, 0.186]	[0.4960835509138381, 0.226, 0.5652741514360313, 0.24]	no-link	question-answer	0.205	0.1671	0.0979	-0.054	-0.054	-0.04	1
Date	on	[0.6631853785900783, 0.172, 0.7010443864229765, 0.186]	[0.5731070496083551, 0.226, 0.5926892950391645, 0.24]	no-link	question-answer	0.1279	0.0901	0.0705	-0.054	-0.054	-0.04	1
March	18,	[0.7088772845953003, 0.173, 0.762402088772846, 0.186]	[0.7689295039164491, 0.173, 0.7976501305483029, 0.188]	word-word	answer-answer	0.0888	0.0	0.0601	0.002	0.0065	0.015	1
March	AUTHORS	[0.7088772845953003, 0.173, 0.762402088772846, 0.186]	[0.12010443864229765, 0.197, 0.21148825065274152, 0.215]	no-link	answer-question	0.6423	0.5888	0.4974	-0.024	-0.029	-0.011	1
March	Andrew	[0.7088772845953003, 0.173, 0.762402088772846, 0.186]	[0.27154046997389036, 0.197, 0.3328981723237598, 0.212]	no-link	answer-answer	0.4909	0.4373	0.376	-0.024	-0.026	-0.011	1
March	Kallianos,	[0.7088772845953003, 0.173, 0.762402088772846, 0.186]	[0.3681462140992167, 0.197, 0.4660574412532637, 0.214]	no-link	answer-answer	0.3943	0.3407	0.2428	-0.024	-0.028	-0.011	1
March	G.	[0.7088772845953003, 0.173, 0.762402088772846, 0.186]	[0.3394255874673629, 0.198, 0.36161879895561355, 0.211]	no-link	answer-answer	0.423	0.3695	0.3473	-0.025	-0.025	-0.012	1
March	Richard	[0.7088772845953003, 0.173, 0.762402088772846, 0.186]	[0.4765013054830287, 0.198, 0.5469973890339426, 0.212]	no-link	answer-answer	0.2859	0.2324	0.1619	-0.025	-0.026	-0.012	1
March	K.	[0.7088772845953003, 0.173, 0.762402088772846, 0.186]	[0.5548302872062664, 0.2, 0.577023498694517, 0.213]	no-link	answer-answer	0.2076	0.154	0.1319	-0.027	-0.027	-0.014	1
March	Means,	[0.7088772845953003, 0.173, 0.762402088772846, 0.186]	[0.5835509138381201, 0.201, 0.639686684073107, 0.215]	no-link	answer-answer	0.1789	0.1253	0.0692	-0.028	-0.029	-0.015	1
March	James	[0.7088772845953003, 0.173, 0.762402088772846, 0.186]	[0.6527415143603134, 0.201, 0.7036553524804178, 0.214]	no-link	answer-answer	0.1097	0.0561	0.0052	-0.028	-0.028	-0.015	1
March	D.	[0.7088772845953003, 0.173, 0.762402088772846, 0.186]	[0.7075718015665796, 0.201, 0.7297650130548303, 0.214]	no-link	answer-answer	0.0548	0.0013	-0.0209	-0.028	-0.028	-0.015	1
March	"Effect	[0.7088772845953003, 0.173, 0.762402088772846, 0.186]	[0.27284595300261094, 0.223, 0.34203655352480417, 0.238]	no-link	answer-answer	0.4896	0.436	0.3668	-0.05	-0.052	-0.037	1
March	of	[0.7088772845953003, 0.173, 0.762402088772846, 0.186]	[0.34986945169712796, 0.223, 0.3720626631853786, 0.238]	no-link	answer-answer	0.4125	0.359	0.3368	-0.05	-0.052	-0.037	1
March	TITLE	[0.7088772845953003, 0.173, 0.762402088772846, 0.186]	[0.12010443864229765, 0.225, 0.17885117493472585, 0.239]	no-link	answer-question	0.6423	0.5888	0.53	-0.052	-0.053	-0.039	1
March	Nitrates	[0.7088772845953003, 0.173, 0.762402088772846, 0.186]	[0.37989556135770236, 0.225, 0.45822454308093996, 0.24]	no-link	answer-answer	0.3825	0.329	0.2507	-0.052	-0.054	-0.039	1
March	in	[0.7088772845953003, 0.173, 0.762402088772846, 0.186]	[0.46736292428198434, 0.225, 0.4908616187989556, 0.239]	no-link	answer-answer	0.295	0.2415	0.218	-0.052	-0.053	-0.039	1
March	Catechol	[0.7088772845953003, 0.173, 0.762402088772846, 0.186]	[0.6422976501305483, 0.225, 0.720626631853786, 0.242]	no-link	answer-answer	0.1201	0.0666	-0.0117	-0.052	-0.056	-0.039	1
March	Tobacco	[0.7088772845953003, 0.173, 0.762402088772846, 0.186]	[0.4960835509138381, 0.226, 0.5652741514360313, 0.24]	no-link	answer-answer	0.2663	0.2128	0.1436	-0.053	-0.054	-0.04	1
March	on	[0.7088772845953003, 0.173, 0.762402088772846, 0.186]	[0.5731070496083551, 0.226, 0.5926892950391645, 0.24]	no-link	answer-answer	0.1893	0.1358	0.1162	-0.053	-0.054	-0.04	1
March	the	[0.7088772845953003, 0.173, 0.762402088772846, 0.186]	[0.6018276762402088, 0.226, 0.6331592689295039, 0.24]	no-link	answer-answer	0.1606	0.107	0.0757	-0.053	-0.054	-0.04	1
18,	1968	[0.7689295039164491, 0.173, 0.7976501305483029, 0.188]	[0.8093994778067886, 0.173, 0.8472584856396866, 0.188]	word-word	answer-answer	0.0783	0.0	0.0405	0.0	0.0117	0.015	1
18,	AUTHORS	[0.7689295039164491, 0.173, 0.7976501305483029, 0.188]	[0.12010443864229765, 0.197, 0.21148825065274152, 0.215]	no-link	answer-answer	0.6775	0.6488	0.5574	-0.024	-0.027	-0.009	1
18,	Andrew	[0.7689295039164491, 0.173, 0.7976501305483029, 0.188]	[0.27154046997389036, 0.197, 0.3328981723237598, 0.212]	no-link	answer-answer	0.5261	0.4974	0.436	-0.024	-0.024	-0.009	1
18,	Kallianos,	[0.7689295039164491, 0.173, 0.7976501305483029, 0.188]	[0.3681462140992167, 0.197, 0.4660574412532637, 0.214]	no-link	answer-answer	0.4295	0.4008	0.3029	-0.024	-0.026	-0.009	1
18,	G.	[0.7689295039164491, 0.173, 0.7976501305483029, 0.188]	[0.3394255874673629, 0.198, 0.36161879895561355, 0.211]	no-link	answer-answer	0.4582	0.4295	0.4073	-0.025	-0.023	-0.01	1
18,	Richard	[0.7689295039164491, 0.173, 0.7976501305483029, 0.188]	[0.4765013054830287, 0.198, 0.5469973890339426, 0.212]	no-link	answer-answer	0.3211	0.2924	0.2219	-0.025	-0.024	-0.01	1
18,	K.	[0.7689295039164491, 0.173, 0.7976501305483029, 0.188]	[0.5548302872062664, 0.2, 0.577023498694517, 0.213]	no-link	answer-answer	0.2428	0.2141	0.1919	-0.027	-0.025	-0.012	1
18,	Means,	[0.7689295039164491, 0.173, 0.7976501305483029, 0.188]	[0.5835509138381201, 0.201, 0.639686684073107, 0.215]	no-link	answer-answer	0.2141	0.1854	0.1292	-0.028	-0.027	-0.013	1
18,	James	[0.7689295039164491, 0.173, 0.7976501305483029, 0.188]	[0.6527415143603134, 0.201, 0.7036553524804178, 0.214]	no-link	answer-answer	0.1449	0.1162	0.0653	-0.028	-0.026	-0.013	1
18,	D.	[0.7689295039164491, 0.173, 0.7976501305483029, 0.188]	[0.7075718015665796, 0.201, 0.7297650130548303, 0.214]	no-link	answer-answer	0.0901	0.0614	0.0392	-0.028	-0.026	-0.013	1
18,	"Effect	[0.7689295039164491, 0.173, 0.7976501305483029, 0.188]	[0.27284595300261094, 0.223, 0.34203655352480417, 0.238]	no-link	answer-answer	0.5248	0.4961	0.4269	-0.05	-0.05	-0.035	1
18,	of	[0.7689295039164491, 0.173, 0.7976501305483029, 0.188]	[0.34986945169712796, 0.223, 0.3720626631853786, 0.238]	no-link	answer-answer	0.4478	0.4191	0.3969	-0.05	-0.05	-0.035	1
18,	TITLE	[0.7689295039164491, 0.173, 0.7976501305483029, 0.188]	[0.12010443864229765, 0.225, 0.17885117493472585, 0.239]	no-link	answer-question	0.6775	0.6488	0.5901	-0.052	-0.051	-0.037	1
18,	Nitrates	[0.7689295039164491, 0.173, 0.7976501305483029, 0.188]	[0.37989556135770236, 0.225, 0.45822454308093996, 0.24]	no-link	answer-answer	0.4178	0.389	0.3107	-0.052	-0.052	-0.037	1
18,	in	[0.7689295039164491, 0.173, 0.7976501305483029, 0.188]	[0.46736292428198434, 0.225, 0.4908616187989556, 0.239]	no-link	answer-answer	0.3303	0.3016	0.2781	-0.052	-0.051	-0.037	1
18,	Catechol	[0.7689295039164491, 0.173, 0.7976501305483029, 0.188]	[0.6422976501305483, 0.225, 0.720626631853786, 0.242]	no-link	answer-answer	0.1554	0.1266	0.0483	-0.052	-0.054	-0.037	1
18,	Tobacco	[0.7689295039164491, 0.173, 0.7976501305483029, 0.188]	[0.4960835509138381, 0.226, 0.5652741514360313, 0.24]	no-link	answer-answer	0.3016	0.2728	0.2037	-0.053	-0.052	-0.038	1
18,	on	[0.7689295039164491, 0.173, 0.7976501305483029, 0.188]	[0.5731070496083551, 0.226, 0.5926892950391645, 0.24]	no-link	answer-answer	0.2245	0.1958	0.1762	-0.053	-0.052	-0.038	1
18,	the	[0.7689295039164491, 0.173, 0.7976501305483029, 0.188]	[0.6018276762402088, 0.226, 0.6331592689295039, 0.24]	no-link	answer-answer	0.1958	0.1671	0.1358	-0.053	-0.052	-0.038	1
18,	Yield	[0.7689295039164491, 0.173, 0.7976501305483029, 0.188]	[0.7271540469973891, 0.226, 0.7806788511749347, 0.241]	no-link	answer-answer	0.0705	0.0418	-0.0117	-0.053	-0.053	-0.038	1
AUTHORS	TITLE	[0.12010443864229765, 0.197, 0.21148825065274152, 0.215]	[0.12010443864229765, 0.225, 0.17885117493472585, 0.239]	line-line	question-question	0.0587	0.028	0.0	0.024	-0.0914	0.042	2
AUTHORS	Andrew	[0.12010443864229765, 0.197, 0.21148825065274152, 0.215]	[0.27154046997389036, 0.197, 0.3328981723237598, 0.212]	no-link	question-answer	-0.0601	-0.1514	-0.2128	0.0	0.003	0.018	2
AUTHORS	Kallianos,	[0.12010443864229765, 0.197, 0.21148825065274152, 0.215]	[0.3681462140992167, 0.197, 0.4660574412532637, 0.214]	no-link	question-answer	-0.1567	-0.248	-0.346	0.0	0.001	0.018	2
AUTHORS	G.	[0.12010443864229765, 0.197, 0.21148825065274152, 0.215]	[0.3394255874673629, 0.198, 0.36161879895561355, 0.211]	no-link	question-answer	-0.1279	-0.2193	-0.2415	-0.001	0.004	0.017	2
AUTHORS	Richard	[0.12010443864229765, 0.197, 0.21148825065274152, 0.215]	[0.4765013054830287, 0.198, 0.5469973890339426, 0.212]	no-link	question-answer	-0.265	-0.3564	-0.4269	-0.001	0.003	0.017	2
AUTHORS	K.	[0.12010443864229765, 0.197, 0.21148825065274152, 0.215]	[0.5548302872062664, 0.2, 0.577023498694517, 0.213]	no-link	question-answer	-0.3433	-0.4347	-0.4569	-0.003	0.002	0.015	2
AUTHORS	Means,	[0.12010443864229765, 0.197, 0.21148825065274152, 0.215]	[0.5835509138381201, 0.201, 0.639686684073107, 0.215]	no-link	question-answer	-0.3721	-0.4634	-0.5196	-0.004	0.0	0.014	2
AUTHORS	James	[0.12010443864229765, 0.197, 0.21148825065274152, 0.215]	[0.6527415143603134, 0.201, 0.7036553524804178, 0.214]	no-link	question-answer	-0.4413	-0.5326	-0.5836	-0.004	0.001	0.014	2
AUTHORS	D.	[0.12010443864229765, 0.197, 0.21148825065274152, 0.215]	[0.7075718015665796, 0.201, 0.7297650130548303, 0.214]	no-link	question-answer	-0.4961	-0.5875	-0.6097	-0.004	0.001	0.014	2
AUTHORS	"Effect	[0.12010443864229765, 0.197, 0.21148825065274152, 0.215]	[0.27284595300261094, 0.223, 0.34203655352480417, 0.238]	no-link	question-answer	-0.0614	-0.1527	-0.2219	-0.026	-0.023	-0.008	2
AUTHORS	of	[0.12010443864229765, 0.197, 0.21148825065274152, 0.215]	[0.34986945169712796, 0.223, 0.3720626631853786, 0.238]	no-link	question-answer	-0.1384	-0.2298	-0.252	-0.026	-0.023	-0.008	2
AUTHORS	Nitrates	[0.12010443864229765, 0.197, 0.21148825065274152, 0.215]	[0.37989556135770236, 0.225, 0.45822454308093996, 0.24]	no-link	question-answer	-0.1684	-0.2598	-0.3381	-0.028	-0.025	-0.01	2
AUTHORS	in	[0.12010443864229765, 0.197, 0.21148825065274152, 0.215]	[0.46736292428198434, 0.225, 0.4908616187989556, 0.239]	no-link	question-answer	-0.2559	-0.3473	-0.3708	-0.028	-0.024	-0.01	2
AUTHORS	Catechol	[0.12010443864229765, 0.197, 0.21148825065274152, 0.215]	[0.6422976501305483, 0.225, 0.720626631853786, 0.242]	no-link	question-answer	-0.4308	-0.5222	-0.6005	-0.028	-0.027	-0.01	2
AUTHORS	Tobacco	[0.12010443864229765, 0.197, 0.21148825065274152, 0.215]	[0.4960835509138381, 0.226, 0.5652741514360313, 0.24]	no-link	question-answer	-0.2846	-0.376	-0.4452	-0.029	-0.025	-0.011	2
AUTHORS	on	[0.12010443864229765, 0.197, 0.21148825065274152, 0.215]	[0.5731070496083551, 0.226, 0.5926892950391645, 0.24]	no-link	question-answer	-0.3616	-0.453	-0.4726	-0.029	-0.025	-0.011	2
AUTHORS	the	[0.12010443864229765, 0.197, 0.21148825065274152, 0.215]	[0.6018276762402088, 0.226, 0.6331592689295039, 0.24]	no-link	question-answer	-0.3903	-0.4817	-0.5131	-0.029	-0.025	-0.011	2
AUTHORS	Yield	[0.12010443864229765, 0.197, 0.21148825065274152, 0.215]	[0.7271540469973891, 0.226, 0.7806788511749347, 0.241]	no-link	question-answer	-0.5157	-0.607	-0.6606	-0.029	-0.026	-0.011	2
AUTHORS	Andrew	[0.12010443864229765, 0.197, 0.21148825065274152, 0.215]	[0.27154046997389036, 0.197, 0.3328981723237598, 0.212]	question-answer	question-answer	0.2128	0.0	0.1514	-0.003	0.0601	0.015	2
AUTHORS	Cigarette	[0.12010443864229765, 0.197, 0.21148825065274152, 0.215]	[0.2845953002610966, 0.253, 0.3733681462140992, 0.268]	no-link	question-answer	-0.0731	-0.1645	-0.2533	-0.056	-0.053	-0.038	2
Andrew	G.	[0.27154046997389036, 0.197, 0.3328981723237598, 0.212]	[0.3394255874673629, 0.198, 0.36161879895561355, 0.211]	word-word	answer-answer	0.0901	0.001	0.0679	-0.001	0.0065	0.014	2
Andrew	Richard	[0.27154046997389036, 0.197, 0.3328981723237598, 0.212]	[0.4765013054830287, 0.198, 0.5469973890339426, 0.212]	no-link	answer-answer	-0.1436	-0.205	-0.2755	-0.001	0.0	0.014	2
Andrew	K.	[0.27154046997389036, 0.197, 0.3328981723237598, 0.212]	[0.5548302872062664, 0.2, 0.577023498694517, 0.213]	no-link	answer-answer	-0.2219	-0.2833	-0.3055	-0.003	-0.001	0.012	2
Andrew	Means,	[0.27154046997389036, 0.197, 0.3328981723237598, 0.212]	[0.5835509138381201, 0.201, 0.639686684073107, 0.215]	no-link	answer-answer	-0.2507	-0.312	-0.3681	-0.004	-0.003	0.011	2
Andrew	James	[0.27154046997389036, 0.197, 0.3328981723237598, 0.212]	[0.6527415143603134, 0.201, 0.7036553524804178, 0.214]	no-link	answer-answer	-0.3198	-0.3812	-0.4321	-0.004	-0.002	0.011	2
Andrew	D.	[0.27154046997389036, 0.197, 0.3328981723237598, 0.212]	[0.7075718015665796, 0.201, 0.7297650130548303, 0.214]	no-link	answer-answer	-0.3747	-0.436	-0.4582	-0.004	-0.002	0.011	2
Andrew	"Effect	[0.27154046997389036, 0.197, 0.3328981723237598, 0.212]	[0.27284595300261094, 0.223, 0.34203655352480417, 0.238]	no-link	answer-answer	0.0601	-0.0013	-0.0705	-0.026	-0.026	-0.011	2
Andrew	of	[0.27154046997389036, 0.197, 0.3328981723237598, 0.212]	[0.34986945169712796, 0.223, 0.3720626631853786, 0.238]	no-link	answer-answer	-0.017	-0.0783	-0.1005	-0.026	-0.026	-0.011	2
Andrew	TITLE	[0.27154046997389036, 0.197, 0.3328981723237598, 0.212]	[0.12010443864229765, 0.225, 0.17885117493472585, 0.239]	no-link	answer-question	0.2128	0.1514	0.0927	-0.028	-0.027	-0.013	2
Andrew	Nitrates	[0.27154046997389036, 0.197, 0.3328981723237598, 0.212]	[0.37989556135770236, 0.225, 0.45822454308093996, 0.24]	no-link	answer-answer	-0.047	-0.1084	-0.1867	-0.028	-0.028	-0.013	2
Andrew	in	[0.27154046997389036, 0.197, 0.3328981723237598, 0.212]	[0.46736292428198434, 0.225, 0.4908616187989556, 0.239]	no-link	answer-answer	-0.1345	-0.1958	-0.2193	-0.028	-0.027	-0.013	2
Andrew	Catechol	[0.27154046997389036, 0.197, 0.3328981723237598, 0.212]	[0.6422976501305483, 0.225, 0.720626631853786, 0.242]	no-link	answer-answer	-0.3094	-0.3708	-0.4491	-0.028	-0.03	-0.013	2
Andrew	Tobacco	[0.27154046997389036, 0.197, 0.3328981723237598, 0.212]	[0.4960835509138381, 0.226, 0.5652741514360313, 0.24]	no-link	answer-answer	-0.1632	-0.2245	-0.2937	-0.029	-0.028	-0.014	2
Andrew	on	[0.27154046997389036, 0.197, 0.3328981723237598, 0.212]	[0.5731070496083551, 0.226, 0.5926892950391645, 0.24]	no-link	answer-answer	-0.2402	-0.3016	-0.3211	-0.029	-0.028	-0.014	2
Andrew	the	[0.27154046997389036, 0.197, 0.3328981723237598, 0.212]	[0.6018276762402088, 0.226, 0.6331592689295039, 0.24]	no-link	answer-answer	-0.2689	-0.3303	-0.3616	-0.029	-0.028	-0.014	2
Andrew	Yield	[0.27154046997389036, 0.197, 0.3328981723237598, 0.212]	[0.7271540469973891, 0.226, 0.7806788511749347, 0.241]	no-link	answer-answer	-0.3943	-0.4556	-0.5091	-0.029	-0.029	-0.014	2
Andrew	Cigarette	[0.27154046997389036, 0.197, 0.3328981723237598, 0.212]	[0.2845953002610966, 0.253, 0.3733681462140992, 0.268]	no-link	answer-answer	0.0483	-0.0131	-0.1018	-0.056	-0.056	-0.041	2
Andrew	3/	[0.27154046997389036, 0.197, 0.3328981723237598, 0.212]	[0.3577023498694517, 0.304, 0.3838120104438642, 0.318]	no-link	answer-answer	-0.0248	-0.0862	-0.1123	-0.107	-0.106	-0.092	2
Kallianos,	Richard	[0.3681462140992167, 0.197, 0.4660574412532637, 0.214]	[0.4765013054830287, 0.198, 0.5469973890339426, 0.212]	word-word	answer-answer	0.1789	0.001	0.1084	-0.002	0.0104	0.015	2
Kallianos,	K.	[0.3681462140992167, 0.197, 0.4660574412532637, 0.214]	[0.5548302872062664, 0.2, 0.577023498694517, 0.213]	no-link	answer-answer	-0.0888	-0.1867	-0.2089	-0.003	0.001	0.014	2
Kallianos,	Means,	[0.3681462140992167, 0.197, 0.4660574412532637, 0.214]	[0.5835509138381201, 0.201, 0.639686684073107, 0.215]	no-link	answer-answer	-0.1175	-0.2154	-0.2715	-0.004	-0.001	0.013	2
Kallianos,	James	[0.3681462140992167, 0.197, 0.4660574412532637, 0.214]	[0.6527415143603134, 0.201, 0.7036553524804178, 0.214]	no-link	answer-answer	-0.1867	-0.2846	-0.3355	-0.004	0.0	0.013	2
Kallianos,	D.	[0.3681462140992167, 0.197, 0.4660574412532637, 0.214]	[0.7075718015665796, 0.201, 0.7297650130548303, 0.214]	no-link	answer-answer	-0.2415	-0.3394	-0.3616	-0.004	0.0	0.013	2
Kallianos,	"Effect	[0.3681462140992167, 0.197, 0.4660574412532637, 0.214]	[0.27284595300261094, 0.223, 0.34203655352480417, 0.238]	no-link	answer-answer	0.1932	0.0953	0.0261	-0.026	-0.024	-0.009	2
Kallianos,	of	[0.3681462140992167, 0.197, 0.4660574412532637, 0.214]	[0.34986945169712796, 0.223, 0.3720626631853786, 0.238]	no-link	answer-answer	0.1162	0.0183	-0.0039	-0.026	-0.024	-0.009	2
Kallianos,	TITLE	[0.3681462140992167, 0.197, 0.4660574412532637, 0.214]	[0.12010443864229765, 0.225, 0.17885117493472585, 0.239]	no-link	answer-question	0.346	0.248	0.1893	-0.028	-0.025	-0.011	2
Kallianos,	Nitrates	[0.3681462140992167, 0.197, 0.4660574412532637, 0.214]	[0.37989556135770236, 0.225, 0.45822454308093996, 0.24]	no-link	answer-answer	0.0862	-0.0117	-0.0901	-0.028	-0.026	-0.011	2
Kallianos,	in	[0.3681462140992167, 0.197, 0.4660574412532637, 0.214]	[0.46736292428198434, 0.225, 0.4908616187989556, 0.239]	no-link	answer-answer	-0.0013	-0.0992	-0.1227	-0.028	-0.025	-0.011	2
Kallianos,	Catechol	[0.3681462140992167, 0.197, 0.4660574412532637, 0.214]	[0.6422976501305483, 0.225, 0.720626631853786, 0.242]	no-link	answer-answer	-0.1762	-0.2742	-0.3525	-0.028	-0.028	-0.011	2
Kallianos,	Tobacco	[0.3681462140992167, 0.197, 0.4660574412532637, 0.214]	[0.4960835509138381, 0.226, 0.5652741514360313, 0.24]	no-link	answer-answer	-0.03	-0.1279	-0.1971	-0.029	-0.026	-0.012	2
Kallianos,	on	[0.3681462140992167, 0.197, 0.4660574412532637, 0.214]	[0.5731070496083551, 0.226, 0.5926892950391645, 0.24]	no-link	answer-answer	-0.107	-0.205	-0.2245	-0.029	-0.026	-0.012	2
Kallianos,	the	[0.3681462140992167, 0.197, 0.4660574412532637, 0.214]	[0.6018276762402088, 0.226, 0.6331592689295039, 0.24]	no-link	answer-answer	-0.1358	-0.2337	-0.265	-0.029	-0.026	-0.012	2
Kallianos,	Yield	[0.3681462140992167, 0.197, 0.4660574412532637, 0.214]	[0.7271540469973891, 0.226, 0.7806788511749347, 0.241]	no-link	answer-answer	-0.2611	-0.359	-0.4125	-0.029	-0.027	-0.012	2
Kallianos,	Cigarette	[0.3681462140992167, 0.197, 0.4660574412532637, 0.214]	[0.2845953002610966, 0.253, 0.3733681462140992, 0.268]	no-link	answer-answer	0.1815	0.0836	-0.0052	-0.056	-0.054	-0.039	2
Kallianos,	3/	[0.3681462140992167, 0.197, 0.4660574412532637, 0.214]	[0.3577023498694517, 0.304, 0.3838120104438642, 0.318]	no-link	answer-answer	0.1084	0.0104	-0.0157	-0.107	-0.104	-0.09	2
Kallianos,	29/	[0.3681462140992167, 0.197, 0.4660574412532637, 0.214]	[0.3825065274151436, 0.306, 0.41906005221932113, 0.321]	no-link	answer-answer	0.0836	-0.0144	-0.0509	-0.109	-0.107	-0.092	2
G.	Kallianos,	[0.3394255874673629, 0.198, 0.36161879895561355, 0.211]	[0.3681462140992167, 0.197, 0.4660574412532637, 0.214]	word-word	answer-answer	0.1266	-0.001	0.0287	0.003	0.0065	0.016	2
G.	K.	[0.3394255874673629, 0.198, 0.36161879895561355, 0.211]	[0.5548302872062664, 0.2, 0.577023498694517, 0.213]	no-link	answer-answer	-0.1932	-0.2154	-0.2376	-0.002	-0.002	0.011	2
G.	Means,	[0.3394255874673629, 0.198, 0.36161879895561355, 0.211]	[0.5835509138381201, 0.201, 0.639686684073107, 0.215]	no-link	answer-answer	-0.2219	-0.2441	-0.3003	-0.003	-0.004	0.01	2
G.	James	[0.3394255874673629, 0.198, 0.36161879895561355, 0.211]	[0.6527415143603134, 0.201, 0.7036553524804178, 0.214]	no-link	answer-answer	-0.2911	-0.3133	-0.3642	-0.003	-0.003	0.01	2
G.	D.	[0.3394255874673629, 0.198, 0.36161879895561355, 0.211]	[0.7075718015665796, 0.201, 0.7297650130548303, 0.214]	no-link	answer-answer	-0.346	-0.3681	-0.3903	-0.003	-0.003	0.01	2
G.	"Effect	[0.3394255874673629, 0.198, 0.36161879895561355, 0.211]	[0.27284595300261094, 0.223, 0.34203655352480417, 0.238]	no-link	answer-answer	0.0888	0.0666	-0.0026	-0.025	-0.027	-0.012	2
G.	of	[0.3394255874673629, 0.198, 0.36161879895561355, 0.211]	[0.34986945169712796, 0.223, 0.3720626631853786, 0.238]	no-link	answer-answer	0.0117	-0.0104	-0.0326	-0.025	-0.027	-0.012	2
G.	TITLE	[0.3394255874673629, 0.198, 0.36161879895561355, 0.211]	[0.12010443864229765, 0.225, 0.17885117493472585, 0.239]	no-link	answer-question	0.2415	0.2193	0.1606	-0.027	-0.028	-0.014	2
G.	Nitrates	[0.3394255874673629, 0.198, 0.36161879895561355, 0.211]	[0.37989556135770236, 0.225, 0.45822454308093996, 0.24]	no-link	answer-answer	-0.0183	-0.0405	-0.1188	-0.027	-0.029	-0.014	2
G.	in	[0.3394255874673629, 0.198, 0.36161879895561355, 0.211]	[0.46736292428198434, 0.225, 0.4908616187989556, 0.239]	no-link	answer-answer	-0.1057	-0.1279	-0.1514	-0.027	-0.028	-0.014	2
G.	Catechol	[0.3394255874673629, 0.198, 0.36161879895561355, 0.211]	[0.6422976501305483, 0.225, 0.720626631853786, 0.242]	no-link	answer-answer	-0.2807	-0.3029	-0.3812	-0.027	-0.031	-0.014	2
G.	Tobacco	[0.3394255874673629, 0.198, 0.36161879895561355, 0.211]	[0.4960835509138381, 0.226, 0.5652741514360313, 0.24]	no-link	answer-answer	-0.1345	-0.1567	-0.2258	-0.028	-0.029	-0.015	2
G.	on	[0.3394255874673629, 0.198, 0.36161879895561355, 0.211]	[0.5731070496083551, 0.226, 0.5926892950391645, 0.24]	no-link	answer-answer	-0.2115	-0.2337	-0.2533	-0.028	-0.029	-0.015	2
G.	the	[0.3394255874673629, 0.198, 0.36161879895561355, 0.211]	[0.6018276762402088, 0.226, 0.6331592689295039, 0.24]	no-link	answer-answer	-0.2402	-0.2624	-0.2937	-0.028	-0.029	-0.015	2
G.	Yield	[0.3394255874673629, 0.198, 0.36161879895561355, 0.211]	[0.7271540469973891, 0.226, 0.7806788511749347, 0.241]	no-link	answer-answer	-0.3655	-0.3877	-0.4413	-0.028	-0.03	-0.015	2
G.	Cigarette	[0.3394255874673629, 0.198, 0.36161879895561355, 0.211]	[0.2845953002610966, 0.253, 0.3733681462140992, 0.268]	no-link	answer-answer	0.077	0.0548	-0.0339	-0.055	-0.057	-0.042	2
G.	3/	[0.3394255874673629, 0.198, 0.36161879895561355, 0.211]	[0.3577023498694517, 0.304, 0.3838120104438642, 0.318]	no-link	answer-answer	0.0039	-0.0183	-0.0444	-0.106	-0.107	-0.093	2
G.	29/	[0.3394255874673629, 0.198, 0.36161879895561355, 0.211]	[0.3825065274151436, 0.306, 0.41906005221932113, 0.321]	no-link	answer-answer	-0.0209	-0.0431	-0.0796	-0.108	-0.11	-0.095	2
G.	REVIEW	[0.3394255874673629, 0.198, 0.36161879895561355, 0.211]	[0.12010443864229765, 0.31, 0.19843342036553524, 0.324]	no-link	answer-question	0.2415	0.2193	0.141	-0.112	-0.113	-0.099	2
Richard	K.	[0.4765013054830287, 0.198, 0.5469973890339426, 0.212]	[0.5548302872062664, 0.2, 0.577023498694517, 0.213]	word-word	answer-answer	0.1005	0.002	0.0783	0.001	0.0078	0.015	2
Richard	Means,	[0.4765013054830287, 0.198, 0.5469973890339426, 0.212]	[0.5835509138381201, 0.201, 0.639686684073107, 0.215]	no-link	answer-answer	-0.0366	-0.107	-0.1632	-0.003	-0.003	0.011	2
Richard	James	[0.4765013054830287, 0.198, 0.5469973890339426, 0.212]	[0.6527415143603134, 0.201, 0.7036553524804178, 0.214]	no-link	answer-answer	-0.1057	-0.1762	-0.2272	-0.003	-0.002	0.011	2
Richard	D.	[0.4765013054830287, 0.198, 0.5469973890339426, 0.212]	[0.7075718015665796, 0.201, 0.7297650130548303, 0.214]	no-link	answer-answer	-0.1606	-0.2311	-0.2533	-0.003	-0.002	0.011	2
Richard	"Effect	[0.4765013054830287, 0.198, 0.5469973890339426, 0.212]	[0.27284595300261094, 0.223, 0.34203655352480417, 0.238]	no-link	answer-answer	0.2742	0.2037	0.1345	-0.025	-0.026	-0.011	2
Richard	of	[0.4765013054830287, 0.198, 0.5469973890339426, 0.212]	[0.34986945169712796, 0.223, 0.3720626631853786, 0.238]	no-link	answer-answer	0.1971	0.1266	0.1044	-0.025	-0.026	-0.011	2
Richard	TITLE	[0.4765013054830287, 0.198, 0.5469973890339426, 0.212]	[0.12010443864229765, 0.225, 0.17885117493472585, 0.239]	no-link	answer-question	0.4269	0.3564	0.2977	-0.027	-0.027	-0.013	2
Richard	Nitrates	[0.4765013054830287, 0.198, 0.5469973890339426, 0.212]	[0.37989556135770236, 0.225, 0.45822454308093996, 0.24]	no-link	answer-answer	0.1671	0.0966	0.0183	-0.027	-0.028	-0.013	2
Richard	in	[0.4765013054830287, 0.198, 0.5469973890339426, 0.212]	[0.46736292428198434, 0.225, 0.4908616187989556, 0.239]	no-link	answer-answer	0.0796	0.0091	-0.0144	-0.027	-0.027	-0.013	2
Richard	Catechol	[0.4765013054830287, 0.198, 0.5469973890339426, 0.212]	[0.6422976501305483, 0.225, 0.720626631853786, 0.242]	no-link	answer-answer	-0.0953	-0.1658	-0.2441	-0.027	-0.03	-0.013	2
Richard	Tobacco	[0.4765013054830287, 0.198, 0.5469973890339426, 0.212]	[0.4960835509138381, 0.226, 0.5652741514360313, 0.24]	no-link	answer-answer	0.0509	-0.0196	-0.0888	-0.028	-0.028	-0.014	2
Richard	on	[0.4765013054830287, 0.198, 0.5469973890339426, 0.212]	[0.5731070496083551, 0.226, 0.5926892950391645, 0.24]	no-link	answer-answer	-0.0261	-0.0966	-0.1162	-0.028	-0.028	-0.014	2
Richard	the	[0.4765013054830287, 0.198, 0.5469973890339426, 0.212]	[0.6018276762402088, 0.226, 0.6331592689295039, 0.24]	no-link	answer-answer	-0.0548	-0.1253	-0.1567	-0.028	-0.028	-0.014	2
Richard	Yield	[0.4765013054830287, 0.198, 0.5469973890339426, 0.212]	[0.7271540469973891, 0.226, 0.7806788511749347, 0.241]	no-link	answer-answer	-0.1802	-0.2507	-0.3042	-0.028	-0.029	-0.014	2
Richard	Cigarette	[0.4765013054830287, 0.198, 0.5469973890339426, 0.212]	[0.2845953002610966, 0.253, 0.3733681462140992, 0.268]	no-link	answer-answer	0.2624	0.1919	0.1031	-0.055	-0.056	-0.041	2
Richard	3/	[0.4765013054830287, 0.198, 0.5469973890339426, 0.212]	[0.3577023498694517, 0.304, 0.3838120104438642, 0.318]	no-link	answer-answer	0.1893	0.1188	0.0927	-0.106	-0.106	-0.092	2
Richard	29/	[0.4765013054830287, 0.198, 0.5469973890339426, 0.212]	[0.3825065274151436, 0.306, 0.41906005221932113, 0.321]	no-link	answer-answer	0.1645	0.094	0.0574	-0.108	-0.109	-0.094	2
Richard	REVIEW	[0.4765013054830287, 0.198, 0.5469973890339426, 0.212]	[0.12010443864229765, 0.31, 0.19843342036553524, 0.324]	no-link	answer-question	0.4269	0.3564	0.2781	-0.112	-0.112	-0.098	2
K.	Means,	[0.5548302872062664, 0.2, 0.577023498694517, 0.213]	[0.5835509138381201, 0.201, 0.639686684073107, 0.215]	word-word	answer-answer	0.0849	0.001	0.0287	0.002	0.0065	0.015	2
K.	James	[0.5548302872062664, 0.2, 0.577023498694517, 0.213]	[0.6527415143603134, 0.201, 0.7036553524804178, 0.214]	no-link	answer-answer	-0.0757	-0.0979	-0.1488	-0.001	-0.001	0.012	2
K.	D.	[0.5548302872062664, 0.2, 0.577023498694517, 0.213]	[0.7075718015665796, 0.201, 0.7297650130548303, 0.214]	no-link	answer-answer	-0.1305	-0.1527	-0.1749	-0.001	-0.001	0.012	2
K.	"Effect	[0.5548302872062664, 0.2, 0.577023498694517, 0.213]	[0.27284595300261094, 0.223, 0.34203655352480417, 0.238]	no-link	answer-answer	0.3042	0.282	0.2128	-0.023	-0.025	-0.01	2
K.	of	[0.5548302872062664, 0.2, 0.577023498694517, 0.213]	[0.34986945169712796, 0.223, 0.3720626631853786, 0.238]	no-link	answer-answer	0.2272	0.205	0.1828	-0.023	-0.025	-0.01	2
K.	TITLE	[0.5548302872062664, 0.2, 0.577023498694517, 0.213]	[0.12010443864229765, 0.225, 0.17885117493472585, 0.239]	no-link	answer-question	0.4569	0.4347	0.376	-0.025	-0.026	-0.012	2
K.	Nitrates	[0.5548302872062664, 0.2, 0.577023498694517, 0.213]	[0.37989556135770236, 0.225, 0.45822454308093996, 0.24]	no-link	answer-answer	0.1971	0.1749	0.0966	-0.025	-0.027	-0.012	2
K.	in	[0.5548302872062664, 0.2, 0.577023498694517, 0.213]	[0.46736292428198434, 0.225, 0.4908616187989556, 0.239]	no-link	answer-answer	0.1097	0.0875	0.064	-0.025	-0.026	-0.012	2
K.	Catechol	[0.5548302872062664, 0.2, 0.577023498694517, 0.213]	[0.6422976501305483, 0.225, 0.720626631853786, 0.242]	no-link	answer-answer	-0.0653	-0.0875	-0.1658	-0.025	-0.029	-0.012	2
K.	Tobacco	[0.5548302872062664, 0.2, 0.577023498694517, 0.213]	[0.4960835509138381, 0.226, 0.5652741514360313, 0.24]	no-link	answer-answer	0.0809	0.0587	-0.0104	-0.026	-0.027	-0.013	2
K.	on	[0.5548302872062664, 0.2, 0.577023498694517, 0.213]	[0.5731070496083551, 0.226, 0.5926892950391645, 0.24]	no-link	answer-answer	0.0039	-0.0183	-0.0379	-0.026	-0.027	-0.013	2
K.	the	[0.5548302872062664, 0.2, 0.577023498694517, 0.213]	[0.6018276762402088, 0.226, 0.6331592689295039, 0.24]	no-link	answer-answer	-0.0248	-0.047	-0.0783	-0.026	-0.027	-0.013	2
K.	Yield	[0.5548302872062664, 0.2, 0.577023498694517, 0.213]	[0.7271540469973891, 0.226, 0.7806788511749347, 0.241]	no-link	answer-answer	-0.1501	-0.1723	-0.2258	-0.026	-0.028	-0.013	2
K.	Cigarette	[0.5548302872062664, 0.2, 0.577023498694517, 0.213]	[0.2845953002610966, 0.253, 0.3733681462140992, 0.268]	no-link	answer-answer	0.2924	0.2702	0.1815	-0.053	-0.055	-0.04	2
K.	3/	[0.5548302872062664, 0.2, 0.577023498694517, 0.213]	[0.3577023498694517, 0.304, 0.3838120104438642, 0.318]	no-link	answer-answer	0.2193	0.1971	0.171	-0.104	-0.105	-0.091	2
K.	29/	[0.5548302872062664, 0.2, 0.577023498694517, 0.213]	[0.3825065274151436, 0.306, 0.41906005221932113, 0.321]	no-link	answer-answer	0.1945	0.1723	0.1358	-0.106	-0.108	-0.093	2
K.	REVIEW	[0.5548302872062664, 0.2, 0.577023498694517, 0.213]	[0.12010443864229765, 0.31, 0.19843342036553524, 0.324]	no-link	answer-question	0.4569	0.4347	0.3564	-0.11	-0.111	-0.097	2
Means,	James	[0.5835509138381201, 0.201, 0.639686684073107, 0.215]	[0.6527415143603134, 0.201, 0.7036553524804178, 0.214]	word-word	answer-answer	0.1201	0.0	0.0692	-0.001	0.0131	0.013	2
Means,	D.	[0.5835509138381201, 0.201, 0.639686684073107, 0.215]	[0.7075718015665796, 0.201, 0.7297650130548303, 0.214]	no-link	answer-answer	-0.0679	-0.124	-0.1462	0.0	0.001	0.014	2
Means,	"Effect	[0.5835509138381201, 0.201, 0.639686684073107, 0.215]	[0.27284595300261094, 0.223, 0.34203655352480417, 0.238]	no-link	answer-answer	0.3668	0.3107	0.2415	-0.022	-0.023	-0.008	2
Means,	of	[0.5835509138381201, 0.201, 0.639686684073107, 0.215]	[0.34986945169712796, 0.223, 0.3720626631853786, 0.238]	no-link	answer-answer	0.2898	0.2337	0.2115	-0.022	-0.023	-0.008	2
Means,	TITLE	[0.5835509138381201, 0.201, 0.639686684073107, 0.215]	[0.12010443864229765, 0.225, 0.17885117493472585, 0.239]	no-link	answer-question	0.5196	0.4634	0.4047	-0.024	-0.024	-0.01	2
Means,	Nitrates	[0.5835509138381201, 0.201, 0.639686684073107, 0.215]	[0.37989556135770236, 0.225, 0.45822454308093996, 0.24]	no-link	answer-answer	0.2598	0.2037	0.1253	-0.024	-0.025	-0.01	2
Means,	in	[0.5835509138381201, 0.201, 0.639686684073107, 0.215]	[0.46736292428198434, 0.225, 0.4908616187989556, 0.239]	no-link	answer-answer	0.1723	0.1162	0.0927	-0.024	-0.024	-0.01	2
Means,	Catechol	[0.5835509138381201, 0.201, 0.639686684073107, 0.215]	[0.6422976501305483, 0.225, 0.720626631853786, 0.242]	no-link	answer-answer	-0.0026	-0.0587	-0.1371	-0.024	-0.027	-0.01	2
Means,	Tobacco	[0.5835509138381201, 0.201, 0.639686684073107, 0.215]	[0.4960835509138381, 0.226, 0.5652741514360313, 0.24]	no-link	answer-answer	0.1436	0.0875	0.0183	-0.025	-0.025	-0.011	2
Means,	on	[0.5835509138381201, 0.201, 0.639686684073107, 0.215]	[0.5731070496083551, 0.226, 0.5926892950391645, 0.24]	no-link	answer-answer	0.0666	0.0104	-0.0091	-0.025	-0.025	-0.011	2
Means,	the	[0.5835509138381201, 0.201, 0.639686684073107, 0.215]	[0.6018276762402088, 0.226, 0.6331592689295039, 0.24]	no-link	answer-answer	0.0379	-0.0183	-0.0496	-0.025	-0.025	-0.011	2
Means,	Yield	[0.5835509138381201, 0.201, 0.639686684073107, 0.215]	[0.7271540469973891, 0.226, 0.7806788511749347, 0.241]	no-link	answer-answer	-0.0875	-0.1436	-0.1971	-0.025	-0.026	-0.011	2
Means,	Cigarette	[0.5835509138381201, 0.201, 0.639686684073107, 0.215]	[0.2845953002610966, 0.253, 0.3733681462140992, 0.268]	no-link	answer-answer	0.3551	0.299	0.2102	-0.052	-0.053	-0.038	2
Means,	3/	[0.5835509138381201, 0.201, 0.639686684073107, 0.215]	[0.3577023498694517, 0.304, 0.3838120104438642, 0.318]	no-link	answer-answer	0.282	0.2258	0.1997	-0.103	-0.103	-0.089	2
Means,	29/	[0.5835509138381201, 0.201, 0.639686684073107, 0.215]	[0.3825065274151436, 0.306, 0.41906005221932113, 0.321]	no-link	answer-answer	0.2572	0.201	0.1645	-0.105	-0.106	-0.091	2
Means,	REVIEW	[0.5835509138381201, 0.201, 0.639686684073107, 0.215]	[0.12010443864229765, 0.31, 0.19843342036553524, 0.324]	no-link	answer-question	0.5196	0.4634	0.3851	-0.109	-0.109	-0.095	2
James	D.	[0.6527415143603134, 0.201, 0.7036553524804178, 0.214]	[0.7075718015665796, 0.201, 0.7297650130548303, 0.214]	word-word	answer-answer	0.077	0.0	0.0548	0.0	0.0039	0.013	2
James	"Effect	[0.6527415143603134, 0.201, 0.7036553524804178, 0.214]	[0.27284595300261094, 0.223, 0.34203655352480417, 0.238]	no-link	answer-answer	0.4308	0.3799	0.3107	-0.022	-0.024	-0.009	2
James	of	[0.6527415143603134, 0.201, 0.7036553524804178, 0.214]	[0.34986945169712796, 0.223, 0.3720626631853786, 0.238]	no-link	answer-answer	0.3538	0.3029	0.2807	-0.022	-0.024	-0.009	2
James	TITLE	[0.6527415143603134, 0.201, 0.7036553524804178, 0.214]	[0.12010443864229765, 0.225, 0.17885117493472585, 0.239]	no-link	answer-question	0.5836	0.5326	0.4739	-0.024	-0.025	-0.011	2
James	Nitrates	[0.6527415143603134, 0.201, 0.7036553524804178, 0.214]	[0.37989556135770236, 0.225, 0.45822454308093996, 0.24]	no-link	answer-answer	0.3238	0.2728	0.1945	-0.024	-0.026	-0.011	2
James	in	[0.6527415143603134, 0.201, 0.7036553524804178, 0.214]	[0.46736292428198434, 0.225, 0.4908616187989556, 0.239]	no-link	answer-answer	0.2363	0.1854	0.1619	-0.024	-0.025	-0.011	2
James	Catechol	[0.6527415143603134, 0.201, 0.7036553524804178, 0.214]	[0.6422976501305483, 0.225, 0.720626631853786, 0.242]	no-link	answer-answer	0.0614	0.0104	-0.0679	-0.024	-0.028	-0.011	2
James	Tobacco	[0.6527415143603134, 0.201, 0.7036553524804178, 0.214]	[0.4960835509138381, 0.226, 0.5652741514360313, 0.24]	no-link	answer-answer	0.2076	0.1567	0.0875	-0.025	-0.026	-0.012	2
James	on	[0.6527415143603134, 0.201, 0.7036553524804178, 0.214]	[0.5731070496083551, 0.226, 0.5926892950391645, 0.24]	no-link	answer-answer	0.1305	0.0796	0.0601	-0.025	-0.026	-0.012	2
James	the	[0.6527415143603134, 0.201, 0.7036553524804178, 0.214]	[0.6018276762402088, 0.226, 0.6331592689295039, 0.24]	no-link	answer-answer	0.1018	0.0509	0.0196	-0.025	-0.026	-0.012	2
James	Yield	[0.6527415143603134, 0.201, 0.7036553524804178, 0.214]	[0.7271540469973891, 0.226, 0.7806788511749347, 0.241]	no-link	answer-answer	-0.0235	-0.0744	-0.1279	-0.025	-0.027	-0.012	2
James	Cigarette	[0.6527415143603134, 0.201, 0.7036553524804178, 0.214]	[0.2845953002610966, 0.253, 0.3733681462140992, 0.268]	no-link	answer-answer	0.4191	0.3681	0.2794	-0.052	-0.054	-0.039	2
James	3/	[0.6527415143603134, 0.201, 0.7036553524804178, 0.214]	[0.3577023498694517, 0.304, 0.3838120104438642, 0.318]	no-link	answer-answer	0.346	0.295	0.2689	-0.103	-0.104	-0.09	2
James	29/	[0.6527415143603134, 0.201, 0.7036553524804178, 0.214]	[0.3825065274151436, 0.306, 0.41906005221932113, 0.321]	no-link	answer-answer	0.3211	0.2702	0.2337	-0.105	-0.107	-0.092	2
James	REVIEW	[0.6527415143603134, 0.201, 0.7036553524804178, 0.214]	[0.12010443864229765, 0.31, 0.19843342036553524, 0.324]	no-link	answer-question	0.5836	0.5326	0.4543	-0.109	-0.11	-0.096	2
James	RECOMMENDATION:	[0.6527415143603134, 0.201, 0.7036553524804178, 0.214]	[0.5104438642297651, 0.31, 0.6984334203655352, 0.33]	no-link	answer-question	0.1932	0.1423	-0.0457	-0.109	-0.116	-0.096	2
D.	Mold	[0.7075718015665796, 0.201, 0.7297650130548303, 0.214]	[0.7362924281984334, 0.201, 0.7806788511749347, 0.214]	word-word	answer-answer	0.0731	0.0	0.0287	0.0	0.0065	0.013	2
D.	of	[0.7075718015665796, 0.201, 0.7297650130548303, 0.214]	[0.34986945169712796, 0.223, 0.3720626631853786, 0.238]	no-link	answer-answer	0.3799	0.3577	0.3355	-0.022	-0.024	-0.009	2
D.	TITLE	[0.7075718015665796, 0.201, 0.7297650130548303, 0.214]	[0.12010443864229765, 0.225, 0.17885117493472585, 0.239]	no-link	answer-question	0.6097	0.5875	0.5287	-0.024	-0.025	-0.011	2
D.	Nitrates	[0.7075718015665796, 0.201, 0.7297650130548303, 0.214]	[0.37989556135770236, 0.225, 0.45822454308093996, 0.24]	no-link	answer-answer	0.3499	0.3277	0.2493	-0.024	-0.026	-0.011	2
D.	in	[0.7075718015665796, 0.201, 0.7297650130548303, 0.214]	[0.46736292428198434, 0.225, 0.4908616187989556, 0.239]	no-link	answer-answer	0.2624	0.2402	0.2167	-0.024	-0.025	-0.011	2
D.	Catechol	[0.7075718015665796, 0.201, 0.7297650130548303, 0.214]	[0.6422976501305483, 0.225, 0.720626631853786, 0.242]	no-link	answer-answer	0.0875	0.0653	-0.0131	-0.024	-0.028	-0.011	2
D.	Tobacco	[0.7075718015665796, 0.201, 0.7297650130548303, 0.214]	[0.4960835509138381, 0.226, 0.5652741514360313, 0.24]	no-link	answer-answer	0.2337	0.2115	0.1423	-0.025	-0.026	-0.012	2
D.	on	[0.7075718015665796, 0.201, 0.7297650130548303, 0.214]	[0.5731070496083551, 0.226, 0.5926892950391645, 0.24]	no-link	answer-answer	0.1567	0.1345	0.1149	-0.025	-0.026	-0.012	2
D.	the	[0.7075718015665796, 0.201, 0.7297650130548303, 0.214]	[0.6018276762402088, 0.226, 0.6331592689295039, 0.24]	no-link	answer-answer	0.1279	0.1057	0.0744	-0.025	-0.026	-0.012	2
D.	Yield	[0.7075718015665796, 0.201, 0.7297650130548303, 0.214]	[0.7271540469973891, 0.226, 0.7806788511749347, 0.241]	no-link	answer-answer	0.0026	-0.0196	-0.0731	-0.025	-0.027	-0.012	2
D.	Cigarette	[0.7075718015665796, 0.201, 0.7297650130548303, 0.214]	[0.2845953002610966, 0.253, 0.3733681462140992, 0.268]	no-link	answer-answer	0.4452	0.423	0.3342	-0.052	-0.054	-0.039	2
D.	3/	[0.7075718015665796, 0.201, 0.7297650130548303, 0.214]	[0.3577023498694517, 0.304, 0.3838120104438642, 0.318]	no-link	answer-answer	0.3721	0.3499	0.3238	-0.103	-0.104	-0.09	2
D.	29/	[0.7075718015665796, 0.201, 0.7297650130548303, 0.214]	[0.3825065274151436, 0.306, 0.41906005221932113, 0.321]	no-link	answer-answer	0.3473	0.3251	0.2885	-0.105	-0.107	-0.092	2
D.	REVIEW	[0.7075718015665796, 0.201, 0.7297650130548303, 0.214]	[0.12010443864229765, 0.31, 0.19843342036553524, 0.324]	no-link	answer-question	0.6097	0.5875	0.5091	-0.109	-0.11	-0.096	2
D.	RECOMMENDATION:	[0.7075718015665796, 0.201, 0.7297650130548303, 0.214]	[0.5104438642297651, 0.31, 0.6984334203655352, 0.33]	no-link	answer-question	0.2193	0.1971	0.0091	-0.109	-0.116	-0.096	2
"Effect	of	[0.27284595300261094, 0.223, 0.34203655352480417, 0.238]	[0.34986945169712796, 0.223, 0.3720626631853786, 0.238]	word-word	answer-answer	0.0992	0.0	0.077	0.0	0.0078	0.015	3
"Effect	TITLE	[0.27284595300261094, 0.223, 0.34203655352480417, 0.238]	[0.12010443864229765, 0.225, 0.17885117493472585, 0.239]	no-link	answer-question	0.2219	0.1527	0.094	-0.002	-0.001	0.013	3
"Effect	Nitrates	[0.27284595300261094, 0.223, 0.34203655352480417, 0.238]	[0.37989556135770236, 0.225, 0.45822454308093996, 0.24]	no-link	answer-answer	-0.0379	-0.107	-0.1854	-0.002	-0.002	0.013	3
"Effect	in	[0.27284595300261094, 0.223, 0.34203655352480417, 0.238]	[0.46736292428198434, 0.225, 0.4908616187989556, 0.239]	no-link	answer-answer	-0.1253	-0.1945	-0.218	-0.002	-0.001	0.013	3
"Effect	Catechol	[0.27284595300261094, 0.223, 0.34203655352480417, 0.238]	[0.6422976501305483, 0.225, 0.720626631853786, 0.242]	no-link	answer-answer	-0.3003	-0.3695	-0.4478	-0.002	-0.004	0.013	3
"Effect	Tobacco	[0.27284595300261094, 0.223, 0.34203655352480417, 0.238]	[0.4960835509138381, 0.226, 0.5652741514360313, 0.24]	no-link	answer-answer	-0.154	-0.2232	-0.2924	-0.003	-0.002	0.012	3
"Effect	on	[0.27284595300261094, 0.223, 0.34203655352480417, 0.238]	[0.5731070496083551, 0.226, 0.5926892950391645, 0.24]	no-link	answer-answer	-0.2311	-0.3003	-0.3198	-0.003	-0.002	0.012	3
"Effect	the	[0.27284595300261094, 0.223, 0.34203655352480417, 0.238]	[0.6018276762402088, 0.226, 0.6331592689295039, 0.24]	no-link	answer-answer	-0.2598	-0.329	-0.3603	-0.003	-0.002	0.012	3
"Effect	Yield	[0.27284595300261094, 0.223, 0.34203655352480417, 0.238]	[0.7271540469973891, 0.226, 0.7806788511749347, 0.241]	no-link	answer-answer	-0.3851	-0.4543	-0.5078	-0.003	-0.003	0.012	3
"Effect	Cigarette	[0.27284595300261094, 0.223, 0.34203655352480417, 0.238]	[0.2845953002610966, 0.253, 0.3733681462140992, 0.268]	no-link	answer-answer	0.0574	-0.0117	-0.1005	-0.03	-0.03	-0.015	3
"Effect	3/	[0.27284595300261094, 0.223, 0.34203655352480417, 0.238]	[0.3577023498694517, 0.304, 0.3838120104438642, 0.318]	no-link	answer-answer	-0.0157	-0.0849	-0.111	-0.081	-0.08	-0.066	3
"Effect	29/	[0.27284595300261094, 0.223, 0.34203655352480417, 0.238]	[0.3825065274151436, 0.306, 0.41906005221932113, 0.321]	no-link	answer-answer	-0.0405	-0.1097	-0.1462	-0.083	-0.083	-0.068	3
"Effect	REVIEW	[0.27284595300261094, 0.223, 0.34203655352480417, 0.238]	[0.12010443864229765, 0.31, 0.19843342036553524, 0.324]	no-link	answer-question	0.2219	0.1527	0.0744	-0.087	-0.086	-0.072	3
"Effect	RECOMMENDATION:	[0.27284595300261094, 0.223, 0.34203655352480417, 0.238]	[0.5104438642297651, 0.31, 0.6984334203655352, 0.33]	no-link	answer-question	-0.1684	-0.2376	-0.4256	-0.087	-0.092	-0.072	3
"Effect	APPROVE	[0.27284595300261094, 0.223, 0.34203655352480417, 0.238]	[0.7441253263707572, 0.313, 0.8315926892950392, 0.33]	no-link	answer-question	-0.4021	-0.4713	-0.5587	-0.09	-0.092	-0.075	3
of	Nitrates	[0.34986945169712796, 0.223, 0.3720626631853786, 0.238]	[0.37989556135770236, 0.225, 0.45822454308093996, 0.24]	word-word	answer-answer	0.1084	0.002	0.03	0.002	0.0078	0.017	3
of	TITLE	[0.34986945169712796, 0.223, 0.3720626631853786, 0.238]	[0.12010443864229765, 0.225, 0.17885117493472585, 0.239]	no-link	answer-answer	0.252	0.2298	0.171	-0.002	-0.001	0.013	3
of	in	[0.34986945169712796, 0.223, 0.3720626631853786, 0.238]	[0.46736292428198434, 0.225, 0.4908616187989556, 0.239]	no-link	answer-answer	-0.0953	-0.1175	-0.141	-0.002	-0.001	0.013	3
of	Catechol	[0.34986945169712796, 0.223, 0.3720626631853786, 0.238]	[0.6422976501305483, 0.225, 0.720626631853786, 0.242]	no-link	answer-answer	-0.2702	-0.2924	-0.3708	-0.002	-0.004	0.013	3
of	Tobacco	[0.34986945169712796, 0.223, 0.3720626631853786, 0.238]	[0.4960835509138381, 0.226, 0.5652741514360313, 0.24]	no-link	answer-answer	-0.124	-0.1462	-0.2154	-0.003	-0.002	0.012	3
of	on	[0.34986945169712796, 0.223, 0.3720626631853786, 0.238]	[0.5731070496083551, 0.226, 0.5926892950391645, 0.24]	no-link	answer-answer	-0.201	-0.2232	-0.2428	-0.003	-0.002	0.012	3
of	the	[0.34986945169712796, 0.223, 0.3720626631853786, 0.238]	[0.6018276762402088, 0.226, 0.6331592689295039, 0.24]	no-link	answer-answer	-0.2298	-0.252	-0.2833	-0.003	-0.002	0.012	3
of	Yield	[0.34986945169712796, 0.223, 0.3720626631853786, 0.238]	[0.7271540469973891, 0.226, 0.7806788511749347, 0.241]	no-link	answer-answer	-0.3551	-0.3773	-0.4308	-0.003	-0.003	0.012	3
of	Cigarette	[0.34986945169712796, 0.223, 0.3720626631853786, 0.238]	[0.2845953002610966, 0.253, 0.3733681462140992, 0.268]	no-link	answer-answer	0.0875	0.0653	-0.0235	-0.03	-0.03	-0.015	3
of	3/	[0.34986945169712796, 0.223, 0.3720626631853786, 0.238]	[0.3577023498694517, 0.304, 0.3838120104438642, 0.318]	no-link	answer-answer	0.0144	-0.0078	-0.0339	-0.081	-0.08	-0.066	3
of	29/	[0.34986945169712796, 0.223, 0.3720626631853786, 0.238]	[0.3825065274151436, 0.306, 0.41906005221932113, 0.321]	no-link	answer-answer	-0.0104	-0.0326	-0.0692	-0.083	-0.083	-0.068	3
of	REVIEW	[0.34986945169712796, 0.223, 0.3720626631853786, 0.238]	[0.12010443864229765, 0.31, 0.19843342036553524, 0.324]	no-link	answer-question	0.252	0.2298	0.1514	-0.087	-0.086	-0.072	3
of	RECOMMENDATION:	[0.34986945169712796, 0.223, 0.3720626631853786, 0.238]	[0.5104438642297651, 0.31, 0.6984334203655352, 0.33]	no-link	answer-question	-0.1384	-0.1606	-0.3486	-0.087	-0.092	-0.072	3
of	APPROVE	[0.34986945169712796, 0.223, 0.3720626631853786, 0.238]	[0.7441253263707572, 0.313, 0.8315926892950392, 0.33]	no-link	answer-question	-0.3721	-0.3943	-0.4817	-0.09	-0.092	-0.075	3
of	IN	[0.34986945169712796, 0.223, 0.3720626631853786, 0.238]	[0.835509138381201, 0.314, 0.8577023498694517, 0.328]	no-link	answer-question	-0.4634	-0.4856	-0.5078	-0.091	-0.09	-0.076	3
TITLE	REVIEW	[0.12010443864229765, 0.225, 0.17885117493472585, 0.239]	[0.12010443864229765, 0.31, 0.19843342036553524, 0.324]	line-line	question-question	0.0783	0.085	0.0	0.085	-0.0587	0.099	3
TITLE	Nitrates	[0.12010443864229765, 0.225, 0.17885117493472585, 0.239]	[0.37989556135770236, 0.225, 0.45822454308093996, 0.24]	no-link	question-answer	-0.201	-0.2598	-0.3381	0.0	-0.001	0.014	3
TITLE	in	[0.12010443864229765, 0.225, 0.17885117493472585, 0.239]	[0.46736292428198434, 0.225, 0.4908616187989556, 0.239]	no-link	question-answer	-0.2885	-0.3473	-0.3708	0.0	0.0	0.014	3
TITLE	Catechol	[0.12010443864229765, 0.225, 0.17885117493472585, 0.239]	[0.6422976501305483, 0.225, 0.720626631853786, 0.242]	no-link	question-answer	-0.4634	-0.5222	-0.6005	0.0	-0.003	0.014	3
TITLE	Tobacco	[0.12010443864229765, 0.225, 0.17885117493472585, 0.239]	[0.4960835509138381, 0.226, 0.5652741514360313, 0.24]	no-link	question-answer	-0.3172	-0.376	-0.4452	-0.001	-0.001	0.013	3
TITLE	on	[0.12010443864229765, 0.225, 0.17885117493472585, 0.239]	[0.5731070496083551, 0.226, 0.5926892950391645, 0.24]	no-link	question-answer	-0.3943	-0.453	-0.4726	-0.001	-0.001	0.013	3
TITLE	the	[0.12010443864229765, 0.225, 0.17885117493472585, 0.239]	[0.6018276762402088, 0.226, 0.6331592689295039, 0.24]	no-link	question-answer	-0.423	-0.4817	-0.5131	-0.001	-0.001	0.013	3
TITLE	Yield	[0.12010443864229765, 0.225, 0.17885117493472585, 0.239]	[0.7271540469973891, 0.226, 0.7806788511749347, 0.241]	no-link	question-answer	-0.5483	-0.607	-0.6606	-0.001	-0.002	0.013	3
TITLE	Cigarette	[0.12010443864229765, 0.225, 0.17885117493472585, 0.239]	[0.2845953002610966, 0.253, 0.3733681462140992, 0.268]	no-link	question-answer	-0.1057	-0.1645	-0.2533	-0.028	-0.029	-0.014	3
TITLE	3/	[0.12010443864229765, 0.225, 0.17885117493472585, 0.239]	[0.3577023498694517, 0.304, 0.3838120104438642, 0.318]	no-link	question-answer	-0.1789	-0.2376	-0.2637	-0.079	-0.079	-0.065	3
TITLE	29/	[0.12010443864229765, 0.225, 0.17885117493472585, 0.239]	[0.3825065274151436, 0.306, 0.41906005221932113, 0.321]	no-link	question-answer	-0.2037	-0.2624	-0.299	-0.081	-0.082	-0.067	3
TITLE	RECOMMENDATION:	[0.12010443864229765, 0.225, 0.17885117493472585, 0.239]	[0.5104438642297651, 0.31, 0.6984334203655352, 0.33]	no-link	question-question	-0.3316	-0.3903	-0.5783	-0.085	-0.091	-0.071	3
TITLE	APPROVE	[0.12010443864229765, 0.225, 0.17885117493472585, 0.239]	[0.7441253263707572, 0.313, 0.8315926892950392, 0.33]	no-link	question-question	-0.5653	-0.624	-0.7115	-0.088	-0.091	-0.074	3
TITLE	IN	[0.12010443864229765, 0.225, 0.17885117493472585, 0.239]	[0.835509138381201, 0.314, 0.8577023498694517, 0.328]	no-link	question-question	-0.6567	-0.7154	-0.7376	-0.089	-0.089	-0.075	3
TITLE	PRESENT	[0.12010443864229765, 0.225, 0.17885117493472585, 0.239]	[0.11879895561357702, 0.338, 0.206266318537859, 0.355]	no-link	question-question	0.0601	0.0013	-0.0862	-0.113	-0.116	-0.099	3
TITLE	"Effect	[0.12010443864229765, 0.225, 0.17885117493472585, 0.239]	[0.27284595300261094, 0.223, 0.34203655352480417, 0.238]	question-answer	question-answer	0.2219	-0.002	0.1527	-0.001	0.094	0.013	3
Nitrates	in	[0.37989556135770236, 0.225, 0.45822454308093996, 0.24]	[0.46736292428198434, 0.225, 0.4908616187989556, 0.239]	word-word	answer-answer	0.111	0.0	0.0875	-0.001	0.0091	0.014	3
Nitrates	Catechol	[0.37989556135770236, 0.225, 0.45822454308093996, 0.24]	[0.6422976501305483, 0.225, 0.720626631853786, 0.242]	no-link	answer-answer	-0.1841	-0.2624	-0.3407	0.0	-0.002	0.015	3
Nitrates	Tobacco	[0.37989556135770236, 0.225, 0.45822454308093996, 0.24]	[0.4960835509138381, 0.226, 0.5652741514360313, 0.24]	no-link	answer-answer	-0.0379	-0.1162	-0.1854	-0.001	0.0	0.014	3
Nitrates	on	[0.37989556135770236, 0.225, 0.45822454308093996, 0.24]	[0.5731070496083551, 0.226, 0.5926892950391645, 0.24]	no-link	answer-answer	-0.1149	-0.1932	-0.2128	-0.001	0.0	0.014	3
Nitrates	the	[0.37989556135770236, 0.225, 0.45822454308093996, 0.24]	[0.6018276762402088, 0.226, 0.6331592689295039, 0.24]	no-link	answer-answer	-0.1436	-0.2219	-0.2533	-0.001	0.0	0.014	3
Nitrates	Yield	[0.37989556135770236, 0.225, 0.45822454308093996, 0.24]	[0.7271540469973891, 0.226, 0.7806788511749347, 0.241]	no-link	answer-answer	-0.2689	-0.3473	-0.4008	-0.001	-0.001	0.014	3
Nitrates	Cigarette	[0.37989556135770236, 0.225, 0.45822454308093996, 0.24]	[0.2845953002610966, 0.253, 0.3733681462140992, 0.268]	no-link	answer-answer	0.1736	0.0953	0.0065	-0.028	-0.028	-0.013	3
Nitrates	3/	[0.37989556135770236, 0.225, 0.45822454308093996, 0.24]	[0.3577023498694517, 0.304, 0.3838120104438642, 0.318]	no-link	answer-answer	0.1005	0.0222	-0.0039	-0.079	-0.078	-0.064	3
Nitrates	29/	[0.37989556135770236, 0.225, 0.45822454308093996, 0.24]	[0.3825065274151436, 0.306, 0.41906005221932113, 0.321]	no-link	answer-answer	0.0757	-0.0026	-0.0392	-0.081	-0.081	-0.066	3
Nitrates	REVIEW	[0.37989556135770236, 0.225, 0.45822454308093996, 0.24]	[0.12010443864229765, 0.31, 0.19843342036553524, 0.324]	no-link	answer-question	0.3381	0.2598	0.1815	-0.085	-0.084	-0.07	3
Nitrates	RECOMMENDATION:	[0.37989556135770236, 0.225, 0.45822454308093996, 0.24]	[0.5104438642297651, 0.31, 0.6984334203655352, 0.33]	no-link	answer-question	-0.0522	-0.1305	-0.3185	-0.085	-0.09	-0.07	3
Nitrates	APPROVE	[0.37989556135770236, 0.225, 0.45822454308093996, 0.24]	[0.7441253263707572, 0.313, 0.8315926892950392, 0.33]	no-link	answer-question	-0.2859	-0.3642	-0.4517	-0.088	-0.09	-0.073	3
Nitrates	IN	[0.37989556135770236, 0.225, 0.45822454308093996, 0.24]	[0.835509138381201, 0.314, 0.8577023498694517, 0.328]	no-link	answer-question	-0.3773	-0.4556	-0.4778	-0.089	-0.088	-0.074	3
Nitrates	PRESENT	[0.37989556135770236, 0.225, 0.45822454308093996, 0.24]	[0.11879895561357702, 0.338, 0.206266318537859, 0.355]	no-link	answer-question	0.3394	0.2611	0.1736	-0.113	-0.115	-0.098	3
Nitrates	(Give	[0.37989556135770236, 0.225, 0.45822454308093996, 0.24]	[0.45039164490861616, 0.338, 0.49477806788511747, 0.355]	no-link	answer-question	0.0078	-0.0705	-0.1149	-0.113	-0.115	-0.098	3
in	Tobacco	[0.46736292428198434, 0.225, 0.4908616187989556, 0.239]	[0.4960835509138381, 0.226, 0.5652741514360313, 0.24]	word-word	answer-answer	0.0979	0.001	0.0287	0.001	0.0052	0.015	3
in	on	[0.46736292428198434, 0.225, 0.4908616187989556, 0.239]	[0.5731070496083551, 0.226, 0.5926892950391645, 0.24]	no-link	answer-answer	-0.0822	-0.1057	-0.1253	-0.001	-0.001	0.013	3
in	the	[0.46736292428198434, 0.225, 0.4908616187989556, 0.239]	[0.6018276762402088, 0.226, 0.6331592689295039, 0.24]	no-link	answer-answer	-0.111	-0.1345	-0.1658	-0.001	-0.001	0.013	3
in	Yield	[0.46736292428198434, 0.225, 0.4908616187989556, 0.239]	[0.7271540469973891, 0.226, 0.7806788511749347, 0.241]	no-link	answer-answer	-0.2363	-0.2598	-0.3133	-0.001	-0.002	0.013	3
in	Cigarette	[0.46736292428198434, 0.225, 0.4908616187989556, 0.239]	[0.2845953002610966, 0.253, 0.3733681462140992, 0.268]	no-link	answer-answer	0.2063	0.1828	0.094	-0.028	-0.029	-0.014	3
in	3/	[0.46736292428198434, 0.225, 0.4908616187989556, 0.239]	[0.3577023498694517, 0.304, 0.3838120104438642, 0.318]	no-link	answer-answer	0.1332	0.1097	0.0836	-0.079	-0.079	-0.065	3
in	29/	[0.46736292428198434, 0.225, 0.4908616187989556, 0.239]	[0.3825065274151436, 0.306, 0.41906005221932113, 0.321]	no-link	answer-answer	0.1084	0.0849	0.0483	-0.081	-0.082	-0.067	3
in	REVIEW	[0.46736292428198434, 0.225, 0.4908616187989556, 0.239]	[0.12010443864229765, 0.31, 0.19843342036553524, 0.324]	no-link	answer-question	0.3708	0.3473	0.2689	-0.085	-0.085	-0.071	3
in	RECOMMENDATION:	[0.46736292428198434, 0.225, 0.4908616187989556, 0.239]	[0.5104438642297651, 0.31, 0.6984334203655352, 0.33]	no-link	answer-question	-0.0196	-0.0431	-0.2311	-0.085	-0.091	-0.071	3
in	APPROVE	[0.46736292428198434, 0.225, 0.4908616187989556, 0.239]	[0.7441253263707572, 0.313, 0.8315926892950392, 0.33]	no-link	answer-question	-0.2533	-0.2768	-0.3642	-0.088	-0.091	-0.074	3
in	IN	[0.46736292428198434, 0.225, 0.4908616187989556, 0.239]	[0.835509138381201, 0.314, 0.8577023498694517, 0.328]	no-link	answer-question	-0.3446	-0.3681	-0.3903	-0.089	-0.089	-0.075	3
in	PRESENT	[0.46736292428198434, 0.225, 0.4908616187989556, 0.239]	[0.11879895561357702, 0.338, 0.206266318537859, 0.355]	no-link	answer-question	0.3721	0.3486	0.2611	-0.113	-0.116	-0.099	3
in	(Give	[0.46736292428198434, 0.225, 0.4908616187989556, 0.239]	[0.45039164490861616, 0.338, 0.49477806788511747, 0.355]	no-link	answer-question	0.0405	0.017	-0.0274	-0.113	-0.116	-0.099	3
Catechol	Yield	[0.6422976501305483, 0.225, 0.720626631853786, 0.242]	[0.7271540469973891, 0.226, 0.7806788511749347, 0.241]	word-word	answer-answer	0.1384	0.001	0.0849	-0.001	0.0065	0.016	3
Catechol	on	[0.6422976501305483, 0.225, 0.720626631853786, 0.242]	[0.5731070496083551, 0.226, 0.5926892950391645, 0.24]	no-link	answer-answer	0.1475	0.0692	0.0496	-0.001	0.002	0.016	3
Catechol	the	[0.6422976501305483, 0.225, 0.720626631853786, 0.242]	[0.6018276762402088, 0.226, 0.6331592689295039, 0.24]	no-link	answer-answer	0.1188	0.0405	0.0091	-0.001	0.002	0.016	3
Catechol	in	[0.6422976501305483, 0.225, 0.720626631853786, 0.242]	[0.7872062663185379, 0.228, 0.8093994778067886, 0.243]	no-link	answer-answer	-0.0666	-0.1449	-0.1671	-0.003	-0.001	0.014	3
Catechol	Cigarette	[0.6422976501305483, 0.225, 0.720626631853786, 0.242]	[0.2845953002610966, 0.253, 0.3733681462140992, 0.268]	no-link	answer-answer	0.436	0.3577	0.2689	-0.028	-0.026	-0.011	3
Catechol	3/	[0.6422976501305483, 0.225, 0.720626631853786, 0.242]	[0.3577023498694517, 0.304, 0.3838120104438642, 0.318]	no-link	answer-answer	0.3629	0.2846	0.2585	-0.079	-0.076	-0.062	3
Catechol	29/	[0.6422976501305483, 0.225, 0.720626631853786, 0.242]	[0.3825065274151436, 0.306, 0.41906005221932113, 0.321]	no-link	answer-answer	0.3381	0.2598	0.2232	-0.081	-0.079	-0.064	3
Catechol	REVIEW	[0.6422976501305483, 0.225, 0.720626631853786, 0.242]	[0.12010443864229765, 0.31, 0.19843342036553524, 0.324]	no-link	answer-question	0.6005	0.5222	0.4439	-0.085	-0.082	-0.068	3
Catechol	RECOMMENDATION:	[0.6422976501305483, 0.225, 0.720626631853786, 0.242]	[0.5104438642297651, 0.31, 0.6984334203655352, 0.33]	no-link	answer-question	0.2102	0.1319	-0.0561	-0.085	-0.088	-0.068	3
Catechol	APPROVE	[0.6422976501305483, 0.225, 0.720626631853786, 0.242]	[0.7441253263707572, 0.313, 0.8315926892950392, 0.33]	no-link	answer-question	-0.0235	-0.1018	-0.1893	-0.088	-0.088	-0.071	3
Catechol	IN	[0.6422976501305483, 0.225, 0.720626631853786, 0.242]	[0.835509138381201, 0.314, 0.8577023498694517, 0.328]	no-link	answer-question	-0.1149	-0.1932	-0.2154	-0.089	-0.086	-0.072	3
Catechol	PRESENT	[0.6422976501305483, 0.225, 0.720626631853786, 0.242]	[0.11879895561357702, 0.338, 0.206266318537859, 0.355]	no-link	answer-question	0.6018	0.5235	0.436	-0.113	-0.113	-0.096	3
Catechol	(Give	[0.6422976501305483, 0.225, 0.720626631853786, 0.242]	[0.45039164490861616, 0.338, 0.49477806788511747, 0.355]	no-link	answer-question	0.2702	0.1919	0.1475	-0.113	-0.113	-0.096	3
Catechol	reasons	[0.6422976501305483, 0.225, 0.720626631853786, 0.242]	[0.49738903394255873, 0.344, 0.556135770234987, 0.357]	no-link	answer-question	0.2232	0.1449	0.0862	-0.119	-0.115	-0.102	3
Tobacco	on	[0.4960835509138381, 0.226, 0.5652741514360313, 0.24]	[0.5731070496083551, 0.226, 0.5926892950391645, 0.24]	word-word	answer-answer	0.0966	0.0	0.077	0.0	0.0078	0.014	3
Tobacco	the	[0.4960835509138381, 0.226, 0.5652741514360313, 0.24]	[0.6018276762402088, 0.226, 0.6331592689295039, 0.24]	no-link	answer-answer	-0.0366	-0.1057	-0.1371	0.0	0.0	0.014	3
Tobacco	Yield	[0.4960835509138381, 0.226, 0.5652741514360313, 0.24]	[0.7271540469973891, 0.226, 0.7806788511749347, 0.241]	no-link	answer-answer	-0.1619	-0.2311	-0.2846	0.0	-0.001	0.014	3
Tobacco	in	[0.4960835509138381, 0.226, 0.5652741514360313, 0.24]	[0.7872062663185379, 0.228, 0.8093994778067886, 0.243]	no-link	answer-answer	-0.2219	-0.2911	-0.3133	-0.002	-0.003	0.012	3
Tobacco	Cigarette	[0.4960835509138381, 0.226, 0.5652741514360313, 0.24]	[0.2845953002610966, 0.253, 0.3733681462140992, 0.268]	no-link	answer-answer	0.2807	0.2115	0.1227	-0.027	-0.028	-0.013	3
Tobacco	3/	[0.4960835509138381, 0.226, 0.5652741514360313, 0.24]	[0.3577023498694517, 0.304, 0.3838120104438642, 0.318]	no-link	answer-answer	0.2076	0.1384	0.1123	-0.078	-0.078	-0.064	3
Tobacco	29/	[0.4960835509138381, 0.226, 0.5652741514360313, 0.24]	[0.3825065274151436, 0.306, 0.41906005221932113, 0.321]	no-link	answer-answer	0.1828	0.1136	0.077	-0.08	-0.081	-0.066	3
Tobacco	REVIEW	[0.4960835509138381, 0.226, 0.5652741514360313, 0.24]	[0.12010443864229765, 0.31, 0.19843342036553524, 0.324]	no-link	answer-question	0.4452	0.376	0.2977	-0.084	-0.084	-0.07	3
Tobacco	RECOMMENDATION:	[0.4960835509138381, 0.226, 0.5652741514360313, 0.24]	[0.5104438642297651, 0.31, 0.6984334203655352, 0.33]	no-link	answer-question	0.0548	-0.0144	-0.2023	-0.084	-0.09	-0.07	3
Tobacco	APPROVE	[0.4960835509138381, 0.226, 0.5652741514360313, 0.24]	[0.7441253263707572, 0.313, 0.8315926892950392, 0.33]	no-link	answer-question	-0.1789	-0.248	-0.3355	-0.087	-0.09	-0.073	3
Tobacco	IN	[0.4960835509138381, 0.226, 0.5652741514360313, 0.24]	[0.835509138381201, 0.314, 0.8577023498694517, 0.328]	no-link	answer-question	-0.2702	-0.3394	-0.3616	-0.088	-0.088	-0.074	3
Tobacco	PRESENT	[0.4960835509138381, 0.226, 0.5652741514360313, 0.24]	[0.11879895561357702, 0.338, 0.206266318537859, 0.355]	no-link	answer-question	0.4465	0.3773	0.2898	-0.112	-0.115	-0.098	3
Tobacco	(Give	[0.4960835509138381, 0.226, 0.5652741514360313, 0.24]	[0.45039164490861616, 0.338, 0.49477806788511747, 0.355]	no-link	answer-question	0.1149	0.0457	0.0013	-0.112	-0.115	-0.098	3
Tobacco	reasons	[0.4960835509138381, 0.226, 0.5652741514360313, 0.24]	[0.49738903394255873, 0.344, 0.556135770234987, 0.357]	no-link	answer-question	0.0679	-0.0013	-0.0601	-0.118	-0.117	-0.104	3
on	the	[0.5731070496083551, 0.226, 0.5926892950391645, 0.24]	[0.6018276762402088, 0.226, 0.6331592689295039, 0.24]	word-word	answer-answer	0.0601	0.0	0.0287	0.0	0.0091	0.014	3
on	Yield	[0.5731070496083551, 0.226, 0.5926892950391645, 0.24]	[0.7271540469973891, 0.226, 0.7806788511749347, 0.241]	no-link	answer-answer	-0.1345	-0.154	-0.2076	0.0	-0.001	0.014	3
on	in	[0.5731070496083551, 0.226, 0.5926892950391645, 0.24]	[0.7872062663185379, 0.228, 0.8093994778067886, 0.243]	no-link	answer-answer	-0.1945	-0.2141	-0.2363	-0.002	-0.003	0.012	3
on	Cigarette	[0.5731070496083551, 0.226, 0.5926892950391645, 0.24]	[0.2845953002610966, 0.253, 0.3733681462140992, 0.268]	no-link	answer-answer	0.3081	0.2885	0.1997	-0.027	-0.028	-0.013	3
on	3/	[0.5731070496083551, 0.226, 0.5926892950391645, 0.24]	[0.3577023498694517, 0.304, 0.3838120104438642, 0.318]	no-link	answer-answer	0.235	0.2154	0.1893	-0.078	-0.078	-0.064	3
on	29/	[0.5731070496083551, 0.226, 0.5926892950391645, 0.24]	[0.3825065274151436, 0.306, 0.41906005221932113, 0.321]	no-link	answer-answer	0.2102	0.1906	0.154	-0.08	-0.081	-0.066	3
on	REVIEW	[0.5731070496083551, 0.226, 0.5926892950391645, 0.24]	[0.12010443864229765, 0.31, 0.19843342036553524, 0.324]	no-link	answer-question	0.4726	0.453	0.3747	-0.084	-0.084	-0.07	3
on	RECOMMENDATION:	[0.5731070496083551, 0.226, 0.5926892950391645, 0.24]	[0.5104438642297651, 0.31, 0.6984334203655352, 0.33]	no-link	answer-question	0.0822	0.0627	-0.1253	-0.084	-0.09	-0.07	3
on	APPROVE	[0.5731070496083551, 0.226, 0.5926892950391645, 0.24]	[0.7441253263707572, 0.313, 0.8315926892950392, 0.33]	no-link	answer-question	-0.1514	-0.171	-0.2585	-0.087	-0.09	-0.073	3
on	IN	[0.5731070496083551, 0.226, 0.5926892950391645, 0.24]	[0.835509138381201, 0.314, 0.8577023498694517, 0.328]	no-link	answer-question	-0.2428	-0.2624	-0.2846	-0.088	-0.088	-0.074	3
on	PRESENT	[0.5731070496083551, 0.226, 0.5926892950391645, 0.24]	[0.11879895561357702, 0.338, 0.206266318537859, 0.355]	no-link	answer-question	0.4739	0.4543	0.3668	-0.112	-0.115	-0.098	3
on	(Give	[0.5731070496083551, 0.226, 0.5926892950391645, 0.24]	[0.45039164490861616, 0.338, 0.49477806788511747, 0.355]	no-link	answer-question	0.1423	0.1227	0.0783	-0.112	-0.115	-0.098	3
on	reasons	[0.5731070496083551, 0.226, 0.5926892950391645, 0.24]	[0.49738903394255873, 0.344, 0.556135770234987, 0.357]	no-link	answer-question	0.0953	0.0757	0.017	-0.118	-0.117	-0.104	3
the	Catechol	[0.6018276762402088, 0.226, 0.6331592689295039, 0.24]	[0.6422976501305483, 0.225, 0.720626631853786, 0.242]	word-word	answer-answer	0.1188	-0.001	0.0405	0.002	0.0091	0.016	3
the	in	[0.6018276762402088, 0.226, 0.6331592689295039, 0.24]	[0.7872062663185379, 0.228, 0.8093994778067886, 0.243]	no-link	answer-answer	-0.154	-0.1854	-0.2076	-0.002	-0.003	0.012	3
the	Cigarette	[0.6018276762402088, 0.226, 0.6331592689295039, 0.24]	[0.2845953002610966, 0.253, 0.3733681462140992, 0.268]	no-link	answer-answer	0.3486	0.3172	0.2285	-0.027	-0.028	-0.013	3
the	3/	[0.6018276762402088, 0.226, 0.6331592689295039, 0.24]	[0.3577023498694517, 0.304, 0.3838120104438642, 0.318]	no-link	answer-answer	0.2755	0.2441	0.218	-0.078	-0.078	-0.064	3
the	29/	[0.6018276762402088, 0.226, 0.6331592689295039, 0.24]	[0.3825065274151436, 0.306, 0.41906005221932113, 0.321]	no-link	answer-answer	0.2507	0.2193	0.1828	-0.08	-0.081	-0.066	3
the	REVIEW	[0.6018276762402088, 0.226, 0.6331592689295039, 0.24]	[0.12010443864229765, 0.31, 0.19843342036553524, 0.324]	no-link	answer-question	0.5131	0.4817	0.4034	-0.084	-0.084	-0.07	3
the	RECOMMENDATION:	[0.6018276762402088, 0.226, 0.6331592689295039, 0.24]	[0.5104438642297651, 0.31, 0.6984334203655352, 0.33]	no-link	answer-question	0.1227	0.0914	-0.0966	-0.084	-0.09	-0.07	3
the	APPROVE	[0.6018276762402088, 0.226, 0.6331592689295039, 0.24]	[0.7441253263707572, 0.313, 0.8315926892950392, 0.33]	no-link	answer-question	-0.111	-0.1423	-0.2298	-0.087	-0.09	-0.073	3
the	IN	[0.6018276762402088, 0.226, 0.6331592689295039, 0.24]	[0.835509138381201, 0.314, 0.8577023498694517, 0.328]	no-link	answer-question	-0.2023	-0.2337	-0.2559	-0.088	-0.088	-0.074	3
the	PRESENT	[0.6018276762402088, 0.226, 0.6331592689295039, 0.24]	[0.11879895561357702, 0.338, 0.206266318537859, 0.355]	no-link	answer-question	0.5144	0.483	0.3956	-0.112	-0.115	-0.098	3
the	(Give	[0.6018276762402088, 0.226, 0.6331592689295039, 0.24]	[0.45039164490861616, 0.338, 0.49477806788511747, 0.355]	no-link	answer-question	0.1828	0.1514	0.107	-0.112	-0.115	-0.098	3
the	reasons	[0.6018276762402088, 0.226, 0.6331592689295039, 0.24]	[0.49738903394255873, 0.344, 0.556135770234987, 0.357]	no-link	answer-question	0.1358	0.1044	0.0457	-0.118	-0.117	-0.104	3
Yield	in	[0.7271540469973891, 0.226, 0.7806788511749347, 0.241]	[0.7872062663185379, 0.228, 0.8093994778067886, 0.243]	word-word	answer-answer	0.0822	0.002	0.0601	0.002	0.0065	0.017	3
Yield	Cigarette	[0.7271540469973891, 0.226, 0.7806788511749347, 0.241]	[0.2845953002610966, 0.253, 0.3733681462140992, 0.268]	no-link	answer-answer	0.4961	0.4426	0.3538	-0.027	-0.027	-0.012	3
Yield	3/	[0.7271540469973891, 0.226, 0.7806788511749347, 0.241]	[0.3577023498694517, 0.304, 0.3838120104438642, 0.318]	no-link	answer-answer	0.423	0.3695	0.3433	-0.078	-0.077	-0.063	3
Yield	29/	[0.7271540469973891, 0.226, 0.7806788511749347, 0.241]	[0.3825065274151436, 0.306, 0.41906005221932113, 0.321]	no-link	answer-answer	0.3982	0.3446	0.3081	-0.08	-0.08	-0.065	3
Yield	REVIEW	[0.7271540469973891, 0.226, 0.7806788511749347, 0.241]	[0.12010443864229765, 0.31, 0.19843342036553524, 0.324]	no-link	answer-question	0.6606	0.607	0.5287	-0.084	-0.083	-0.069	3
Yield	RECOMMENDATION:	[0.7271540469973891, 0.226, 0.7806788511749347, 0.241]	[0.5104438642297651, 0.31, 0.6984334203655352, 0.33]	no-link	answer-question	0.2702	0.2167	0.0287	-0.084	-0.089	-0.069	3
Yield	APPROVE	[0.7271540469973891, 0.226, 0.7806788511749347, 0.241]	[0.7441253263707572, 0.313, 0.8315926892950392, 0.33]	no-link	answer-question	0.0366	-0.017	-0.1044	-0.087	-0.089	-0.072	3
Yield	IN	[0.7271540469973891, 0.226, 0.7806788511749347, 0.241]	[0.835509138381201, 0.314, 0.8577023498694517, 0.328]	no-link	answer-question	-0.0548	-0.1084	-0.1305	-0.088	-0.087	-0.073	3
Yield	PRESENT	[0.7271540469973891, 0.226, 0.7806788511749347, 0.241]	[0.11879895561357702, 0.338, 0.206266318537859, 0.355]	no-link	answer-question	0.6619	0.6084	0.5209	-0.112	-0.114	-0.097	3
Yield	(Give	[0.7271540469973891, 0.226, 0.7806788511749347, 0.241]	[0.45039164490861616, 0.338, 0.49477806788511747, 0.355]	no-link	answer-question	0.3303	0.2768	0.2324	-0.112	-0.114	-0.097	3
Yield	reasons	[0.7271540469973891, 0.226, 0.7806788511749347, 0.241]	[0.49738903394255873, 0.344, 0.556135770234987, 0.357]	no-link	answer-question	0.2833	0.2298	0.171	-0.118	-0.116	-0.103	3
in	Cigarette	[0.7872062663185379, 0.228, 0.8093994778067886, 0.243]	[0.2845953002610966, 0.253, 0.3733681462140992, 0.268]	word-word	answer-answer	-0.4138	0.025	-0.5026	0.025	-0.5248	0.04	3
in	reasons	[0.7872062663185379, 0.228, 0.8093994778067886, 0.243]	[0.49738903394255873, 0.344, 0.556135770234987, 0.357]	no-link	answer-question	0.312	0.2898	0.2311	-0.116	-0.114	-0.101	3
Cigarette	Smoke"	[0.2845953002610966, 0.253, 0.3733681462140992, 0.268]	[0.37989556135770236, 0.253, 0.4412532637075718, 0.27]	word-word	answer-answer	0.1567	0.0	0.0953	0.002	0.0065	0.017	3
Cigarette	29/	[0.2845953002610966, 0.253, 0.3733681462140992, 0.268]	[0.3825065274151436, 0.306, 0.41906005221932113, 0.321]	no-link	answer-answer	-0.0091	-0.0979	-0.1345	-0.053	-0.053	-0.038	3
Cigarette	REVIEW	[0.2845953002610966, 0.253, 0.3733681462140992, 0.268]	[0.12010443864229765, 0.31, 0.19843342036553524, 0.324]	no-link	answer-question	0.2533	0.1645	0.0862	-0.057	-0.056	-0.042	3
Cigarette	RECOMMENDATION:	[0.2845953002610966, 0.253, 0.3733681462140992, 0.268]	[0.5104438642297651, 0.31, 0.6984334203655352, 0.33]	no-link	answer-question	-0.1371	-0.2258	-0.4138	-0.057	-0.062	-0.042	3
Cigarette	APPROVE	[0.2845953002610966, 0.253, 0.3733681462140992, 0.268]	[0.7441253263707572, 0.313, 0.8315926892950392, 0.33]	no-link	answer-question	-0.3708	-0.4595	-0.547	-0.06	-0.062	-0.045	3
Cigarette	IN	[0.2845953002610966, 0.253, 0.3733681462140992, 0.268]	[0.835509138381201, 0.314, 0.8577023498694517, 0.328]	no-link	answer-question	-0.4621	-0.5509	-0.5731	-0.061	-0.06	-0.046	3
Cigarette	PRESENT	[0.2845953002610966, 0.253, 0.3733681462140992, 0.268]	[0.11879895561357702, 0.338, 0.206266318537859, 0.355]	no-link	answer-question	0.2546	0.1658	0.0783	-0.085	-0.087	-0.07	3
Cigarette	(Give	[0.2845953002610966, 0.253, 0.3733681462140992, 0.268]	[0.45039164490861616, 0.338, 0.49477806788511747, 0.355]	no-link	answer-question	-0.077	-0.1658	-0.2102	-0.085	-0.087	-0.07	3
Cigarette	reasons	[0.2845953002610966, 0.253, 0.3733681462140992, 0.268]	[0.49738903394255873, 0.344, 0.556135770234987, 0.357]	no-link	answer-question	-0.124	-0.2128	-0.2715	-0.091	-0.089	-0.076	3
3/	29/	[0.3577023498694517, 0.304, 0.3838120104438642, 0.318]	[0.3825065274151436, 0.306, 0.41906005221932113, 0.321]	word-word	answer-answer	0.0614	0.002	0.0248	0.003	-0.0013	0.017	4
3/	REVIEW	[0.3577023498694517, 0.304, 0.3838120104438642, 0.318]	[0.12010443864229765, 0.31, 0.19843342036553524, 0.324]	no-link	answer-question	0.2637	0.2376	0.1593	-0.006	-0.006	0.008	4
3/	RECOMMENDATION:	[0.3577023498694517, 0.304, 0.3838120104438642, 0.318]	[0.5104438642297651, 0.31, 0.6984334203655352, 0.33]	no-link	answer-question	-0.1266	-0.1527	-0.3407	-0.006	-0.012	0.008	4
3/	APPROVE	[0.3577023498694517, 0.304, 0.3838120104438642, 0.318]	[0.7441253263707572, 0.313, 0.8315926892950392, 0.33]	no-link	answer-question	-0.3603	-0.3864	-0.4739	-0.009	-0.012	0.005	4
3/	IN	[0.3577023498694517, 0.304, 0.3838120104438642, 0.318]	[0.835509138381201, 0.314, 0.8577023498694517, 0.328]	no-link	answer-question	-0.4517	-0.4778	-0.5	-0.01	-0.01	0.004	4
3/	PRESENT	[0.3577023498694517, 0.304, 0.3838120104438642, 0.318]	[0.11879895561357702, 0.338, 0.206266318537859, 0.355]	no-link	answer-question	0.265	0.2389	0.1514	-0.034	-0.037	-0.02	4
3/	(Give	[0.3577023498694517, 0.304, 0.3838120104438642, 0.318]	[0.45039164490861616, 0.338, 0.49477806788511747, 0.355]	no-link	answer-question	-0.0666	-0.0927	-0.1371	-0.034	-0.037	-0.02	4
3/	reasons	[0.3577023498694517, 0.304, 0.3838120104438642, 0.318]	[0.49738903394255873, 0.344, 0.556135770234987, 0.357]	no-link	answer-question	-0.1136	-0.1397	-0.1984	-0.04	-0.039	-0.026	4
29/	68	[0.3825065274151436, 0.306, 0.41906005221932113, 0.321]	[0.41906005221932113, 0.304, 0.4425587467362924, 0.321]	word-word	answer-answer	0.0601	-0.002	0.0366	0.0	0.0	0.015	4
29/	REVIEW	[0.3825065274151436, 0.306, 0.41906005221932113, 0.321]	[0.12010443864229765, 0.31, 0.19843342036553524, 0.324]	no-link	answer-question	0.299	0.2624	0.1841	-0.004	-0.003	0.011	4
29/	RECOMMENDATION:	[0.3825065274151436, 0.306, 0.41906005221932113, 0.321]	[0.5104438642297651, 0.31, 0.6984334203655352, 0.33]	no-link	answer-question	-0.0914	-0.1279	-0.3159	-0.004	-0.009	0.011	4
29/	APPROVE	[0.3825065274151436, 0.306, 0.41906005221932113, 0.321]	[0.7441253263707572, 0.313, 0.8315926892950392, 0.33]	no-link	answer-question	-0.3251	-0.3616	-0.4491	-0.007	-0.009	0.008	4
29/	IN	[0.3825065274151436, 0.306, 0.41906005221932113, 0.321]	[0.835509138381201, 0.314, 0.8577023498694517, 0.328]	no-link	answer-question	-0.4164	-0.453	-0.4752	-0.008	-0.007	0.007	4
29/	PRESENT	[0.3825065274151436, 0.306, 0.41906005221932113, 0.321]	[0.11879895561357702, 0.338, 0.206266318537859, 0.355]	no-link	answer-question	0.3003	0.2637	0.1762	-0.032	-0.034	-0.017	4
29/	(Give	[0.3825065274151436, 0.306, 0.41906005221932113, 0.321]	[0.45039164490861616, 0.338, 0.49477806788511747, 0.355]	no-link	answer-question	-0.0313	-0.0679	-0.1123	-0.032	-0.034	-0.017	4
29/	reasons	[0.3825065274151436, 0.306, 0.41906005221932113, 0.321]	[0.49738903394255873, 0.344, 0.556135770234987, 0.357]	no-link	answer-question	-0.0783	-0.1149	-0.1736	-0.038	-0.036	-0.023	4
REVIEW	RECOMMENDATION:	[0.12010443864229765, 0.31, 0.19843342036553524, 0.324]	[0.5104438642297651, 0.31, 0.6984334203655352, 0.33]	question-question	question-question	0.5783	0.0	0.3903	0.006	0.312	0.02	4
REVIEW	APPROVE	[0.12010443864229765, 0.31, 0.19843342036553524, 0.324]	[0.7441253263707572, 0.313, 0.8315926892950392, 0.33]	no-link	question-question	-0.5457	-0.624	-0.7115	-0.003	-0.006	0.011	4
REVIEW	IN	[0.12010443864229765, 0.31, 0.19843342036553524, 0.324]	[0.835509138381201, 0.314, 0.8577023498694517, 0.328]	no-link	question-question	-0.6371	-0.7154	-0.7376	-0.004	-0.004	0.01	4
REVIEW	PRESENT	[0.12010443864229765, 0.31, 0.19843342036553524, 0.324]	[0.11879895561357702, 0.338, 0.206266318537859, 0.355]	no-link	question-question	0.0796	0.0013	-0.0862	-0.028	-0.031	-0.014	4
REVIEW	(Give	[0.12010443864229765, 0.31, 0.19843342036553524, 0.324]	[0.45039164490861616, 0.338, 0.49477806788511747, 0.355]	no-link	question-question	-0.252	-0.3303	-0.3747	-0.028	-0.031	-0.014	4
REVIEW	reasons	[0.12010443864229765, 0.31, 0.19843342036553524, 0.324]	[0.49738903394255873, 0.344, 0.556135770234987, 0.357]	no-link	question-question	-0.299	-0.3773	-0.436	-0.034	-0.033	-0.02	4
REVIEW	PRESENT	[0.12010443864229765, 0.31, 0.19843342036553524, 0.324]	[0.11879895561357702, 0.338, 0.206266318537859, 0.355]	line-line	question-question	0.0862	0.028	-0.0013	0.031	-0.0796	0.045	4
REVIEW	COMPLETED	[0.12010443864229765, 0.31, 0.19843342036553524, 0.324]	[0.206266318537859, 0.31, 0.3198433420365535, 0.324]	word-word	question-question	0.1997	0.0	0.0862	0.0	0.0078	0.014	4
REVIEW	3/	[0.12010443864229765, 0.31, 0.19843342036553524, 0.324]	[0.3577023498694517, 0.304, 0.3838120104438642, 0.318]	question-answer	question-answer	0.2637	-0.006	0.2376	-0.006	0.1593	0.008	4
RECOMMENDATION:	APPROVE	[0.5104438642297651, 0.31, 0.6984334203655352, 0.33]	[0.7441253263707572, 0.313, 0.8315926892950392, 0.33]	question-question	question-question	0.3211	0.003	0.2337	0.0	0.0457	0.02	4
RECOMMENDATION:	IN	[0.5104438642297651, 0.31, 0.6984334203655352, 0.33]	[0.835509138381201, 0.314, 0.8577023498694517, 0.328]	no-link	question-question	-0.1371	-0.3251	-0.3473	-0.004	0.002	0.016	4
RECOMMENDATION:	PRESENT	[0.5104438642297651, 0.31, 0.6984334203655352, 0.33]	[0.11879895561357702, 0.338, 0.206266318537859, 0.355]	no-link	question-question	0.5796	0.3916	0.3042	-0.028	-0.025	-0.008	4
RECOMMENDATION:	(Give	[0.5104438642297651, 0.31, 0.6984334203655352, 0.33]	[0.45039164490861616, 0.338, 0.49477806788511747, 0.355]	no-link	question-question	0.248	0.0601	0.0157	-0.028	-0.025	-0.008	4
RECOMMENDATION:	reasons	[0.5104438642297651, 0.31, 0.6984334203655352, 0.33]	[0.49738903394255873, 0.344, 0.556135770234987, 0.357]	no-link	question-question	0.201	0.0131	-0.0457	-0.034	-0.027	-0.014	4
RECOMMENDATION:	x	[0.5104438642297651, 0.31, 0.6984334203655352, 0.33]	[0.716710182767624, 0.31, 0.7336814621409922, 0.324]	question-answer	question-answer	0.2232	0.0	0.2063	-0.006	0.0183	0.014	4
APPROVE	IN	[0.7441253263707572, 0.313, 0.8315926892950392, 0.33]	[0.835509138381201, 0.314, 0.8577023498694517, 0.328]	word-word	question-question	0.1136	0.001	0.0914	-0.002	0.0039	0.015	4
APPROVE	PRESENT	[0.7441253263707572, 0.313, 0.8315926892950392, 0.33]	[0.11879895561357702, 0.338, 0.206266318537859, 0.355]	no-link	question-question	0.7128	0.6253	0.5379	-0.025	-0.025	-0.008	4
APPROVE	(Give	[0.7441253263707572, 0.313, 0.8315926892950392, 0.33]	[0.45039164490861616, 0.338, 0.49477806788511747, 0.355]	no-link	question-question	0.3812	0.2937	0.2493	-0.025	-0.025	-0.008	4
APPROVE	reasons	[0.7441253263707572, 0.313, 0.8315926892950392, 0.33]	[0.49738903394255873, 0.344, 0.556135770234987, 0.357]	no-link	question-question	0.3342	0.2467	0.188	-0.031	-0.027	-0.014	4
IN	ITS	[0.835509138381201, 0.314, 0.8577023498694517, 0.328]	[0.860313315926893, 0.316, 0.8955613577023499, 0.327]	word-word	question-question	0.0601	0.002	0.0248	-0.001	0.0026	0.013	4
IN	PRESENT	[0.835509138381201, 0.314, 0.8577023498694517, 0.328]	[0.11879895561357702, 0.338, 0.206266318537859, 0.355]	no-link	question-question	0.7389	0.7167	0.6292	-0.024	-0.027	-0.01	4
IN	(Give	[0.835509138381201, 0.314, 0.8577023498694517, 0.328]	[0.45039164490861616, 0.338, 0.49477806788511747, 0.355]	no-link	question-question	0.4073	0.3851	0.3407	-0.024	-0.027	-0.01	4
IN	reasons	[0.835509138381201, 0.314, 0.8577023498694517, 0.328]	[0.49738903394255873, 0.344, 0.556135770234987, 0.357]	no-link	question-question	0.3603	0.3381	0.2794	-0.03	-0.029	-0.016	4
IN	APPROVE	[0.835509138381201, 0.314, 0.8577023498694517, 0.328]	[0.6618798955613577, 0.344, 0.7493472584856397, 0.357]	no-link	question-answer	0.1958	0.1736	0.0862	-0.03	-0.029	-0.016	4
PRESENT	(Give	[0.11879895561357702, 0.338, 0.206266318537859, 0.355]	[0.45039164490861616, 0.338, 0.49477806788511747, 0.355]	question-question	question-question	0.376	0.0	0.3316	0.0	0.2441	0.017	5
PRESENT	reasons	[0.11879895561357702, 0.338, 0.206266318537859, 0.355]	[0.49738903394255873, 0.344, 0.556135770234987, 0.357]	no-link	question-question	-0.2911	-0.3786	-0.4373	-0.006	-0.002	0.011	5
PRESENT	APPROVE	[0.11879895561357702, 0.338, 0.206266318537859, 0.355]	[0.6618798955613577, 0.344, 0.7493472584856397, 0.357]	no-link	question-answer	-0.4556	-0.5431	-0.6305	-0.006	-0.002	0.011	5
PRESENT	FORM:	[0.11879895561357702, 0.338, 0.206266318537859, 0.355]	[0.21279373368146215, 0.339, 0.27284595300261094, 0.354]	word-word	question-question	0.154	0.001	0.094	-0.001	0.0065	0.016	5
(Give	reasons	[0.45039164490861616, 0.338, 0.49477806788511747, 0.355]	[0.49738903394255873, 0.344, 0.556135770234987, 0.357]	word-word	question-question	0.1057	0.006	0.047	0.002	0.0026	0.019	5
(Give	APPROVE	[0.45039164490861616, 0.338, 0.49477806788511747, 0.355]	[0.6618798955613577, 0.344, 0.7493472584856397, 0.357]	no-link	question-answer	-0.1671	-0.2115	-0.299	-0.006	-0.002	0.011	5
(Give	APPROVE	[0.45039164490861616, 0.338, 0.49477806788511747, 0.355]	[0.6618798955613577, 0.344, 0.7493472584856397, 0.357]	question-answer	question-answer	0.299	0.006	0.2115	0.002	0.1671	0.019	5
reasons	below):	[0.49738903394255873, 0.344, 0.556135770234987, 0.357]	[0.5613577023498695, 0.342, 0.6214099216710183, 0.356]	word-word	question-question	0.124	-0.002	0.064	-0.001	0.0052	0.012	5
APPROVE	TENTATIVELY	[0.6618798955613577, 0.344, 0.7493472584856397, 0.357]	[0.7532637075718016, 0.341, 0.891644908616188, 0.358]	word-word	answer-answer	0.2298	-0.003	0.0914	0.001	0.0039	0.014	5
