SPECIAL	State:	[0.37270341207349084, 0.098, 0.4553805774278215, 0.113]	[0.07086614173228346, 0.184, 0.13910761154855644, 0.205]	line-line	header-question	-0.2336	0.086	-0.3018	0.092	-0.3845	0.107	0
SPECIAL	City/	[0.37270341207349084, 0.098, 0.4553805774278215, 0.113]	[0.46981627296587924, 0.182, 0.5249343832020997, 0.199]	no-link	header-question	-0.0144	-0.0971	-0.1522	-0.084	-0.086	-0.069	0
SPECIAL	Beauty	[0.37270341207349084, 0.098, 0.4553805774278215, 0.113]	[0.3937007874015748, 0.239, 0.458005249343832, 0.256]	no-link	header-answer	0.0617	-0.021	-0.0853	-0.141	-0.143	-0.126	0
SPECIAL	Type	[0.37270341207349084, 0.098, 0.4553805774278215, 0.113]	[0.07480314960629922, 0.243, 0.1220472440944882, 0.263]	no-link	header-question	0.3806	0.2979	0.2507	-0.145	-0.15	-0.13	0
SPECIAL	of	[0.37270341207349084, 0.098, 0.4553805774278215, 0.113]	[0.12992125984251968, 0.244, 0.15748031496062992, 0.259]	no-link	header-question	0.3255	0.2428	0.2152	-0.146	-0.146	-0.131	0
SPECIAL	March	[0.37270341207349084, 0.098, 0.4553805774278215, 0.113]	[0.6417322834645669, 0.376, 0.7060367454068242, 0.393]	no-link	header-answer	-0.1864	-0.269	-0.3333	-0.278	-0.28	-0.263	0
SPECIAL	4th	[0.37270341207349084, 0.098, 0.4553805774278215, 0.113]	[0.7637795275590551, 0.376, 0.8044619422572179, 0.393]	no-link	header-answer	-0.3084	-0.3911	-0.4318	-0.278	-0.28	-0.263	0
SPECIAL	&	[0.37270341207349084, 0.098, 0.4553805774278215, 0.113]	[0.8097112860892388, 0.376, 0.8241469816272966, 0.393]	no-link	header-answer	-0.3543	-0.437	-0.4514	-0.278	-0.28	-0.263	0
SPECIAL	3rd,	[0.37270341207349084, 0.098, 0.4553805774278215, 0.113]	[0.7112860892388452, 0.377, 0.7559055118110236, 0.392]	no-link	header-answer	-0.2559	-0.3386	-0.3832	-0.279	-0.279	-0.264	0
SPECIAL	Dates:	[0.37270341207349084, 0.098, 0.4553805774278215, 0.113]	[0.5511811023622047, 0.38, 0.6220472440944882, 0.398]	no-link	header-answer	-0.0958	-0.1785	-0.2493	-0.282	-0.285	-0.267	0
SPECIAL	Estimated	[0.37270341207349084, 0.098, 0.4553805774278215, 0.113]	[0.07742782152230972, 0.385, 0.18766404199475065, 0.402]	no-link	header-question	0.378	0.2953	0.185	-0.287	-0.289	-0.272	0
SPECIAL	Mrs.	[0.37270341207349084, 0.098, 0.4553805774278215, 0.113]	[0.38976377952755903, 0.433, 0.43963254593175854, 0.451]	no-link	header-answer	0.0656	-0.0171	-0.0669	-0.335	-0.338	-0.32	0
SPECIAL	EVENTS	[0.37270341207349084, 0.098, 0.4553805774278215, 0.113]	[0.4671916010498688, 0.096, 0.5354330708661418, 0.11]	word-word	header-header	0.1627	-0.002	0.0945	-0.003	0.0118	0.012	0
SPECIAL	Illinois	[0.37270341207349084, 0.098, 0.4553805774278215, 0.113]	[0.44881889763779526, 0.434, 0.5406824146981627, 0.448]	no-link	header-answer	0.0066	-0.0761	-0.168	-0.336	-0.335	-0.321	0
City/	Town:	[0.46981627296587924, 0.182, 0.5249343832020997, 0.199]	[0.526246719160105, 0.183, 0.5774278215223098, 0.198]	word-word	question-question	0.1076	0.001	0.0564	-0.001	0.0013	0.016	1
City/	State:	[0.46981627296587924, 0.182, 0.5249343832020997, 0.199]	[0.07086614173228346, 0.184, 0.13910761154855644, 0.205]	no-link	question-question	0.4541	0.399	0.3307	-0.002	-0.006	0.015	1
City/	Beauty	[0.46981627296587924, 0.182, 0.5249343832020997, 0.199]	[0.3937007874015748, 0.239, 0.458005249343832, 0.256]	no-link	question-answer	0.1312	0.0761	0.0118	-0.057	-0.057	-0.04	1
City/	Type	[0.46981627296587924, 0.182, 0.5249343832020997, 0.199]	[0.07480314960629922, 0.243, 0.1220472440944882, 0.263]	no-link	question-question	0.4501	0.395	0.3478	-0.061	-0.064	-0.044	1
City/	of	[0.46981627296587924, 0.182, 0.5249343832020997, 0.199]	[0.12992125984251968, 0.244, 0.15748031496062992, 0.259]	no-link	question-question	0.395	0.3399	0.3123	-0.062	-0.06	-0.045	1
City/	March	[0.46981627296587924, 0.182, 0.5249343832020997, 0.199]	[0.6417322834645669, 0.376, 0.7060367454068242, 0.393]	no-link	question-answer	-0.1168	-0.1719	-0.2362	-0.194	-0.194	-0.177	1
City/	4th	[0.46981627296587924, 0.182, 0.5249343832020997, 0.199]	[0.7637795275590551, 0.376, 0.8044619422572179, 0.393]	no-link	question-answer	-0.2388	-0.294	-0.3346	-0.194	-0.194	-0.177	1
City/	&	[0.46981627296587924, 0.182, 0.5249343832020997, 0.199]	[0.8097112860892388, 0.376, 0.8241469816272966, 0.393]	no-link	question-answer	-0.2848	-0.3399	-0.3543	-0.194	-0.194	-0.177	1
City/	3rd,	[0.46981627296587924, 0.182, 0.5249343832020997, 0.199]	[0.7112860892388452, 0.377, 0.7559055118110236, 0.392]	no-link	question-answer	-0.1864	-0.2415	-0.2861	-0.195	-0.193	-0.178	1
City/	Dates:	[0.46981627296587924, 0.182, 0.5249343832020997, 0.199]	[0.5511811023622047, 0.38, 0.6220472440944882, 0.398]	no-link	question-answer	-0.0262	-0.0814	-0.1522	-0.198	-0.199	-0.181	1
City/	Estimated	[0.46981627296587924, 0.182, 0.5249343832020997, 0.199]	[0.07742782152230972, 0.385, 0.18766404199475065, 0.402]	no-link	question-question	0.4475	0.3924	0.2822	-0.203	-0.203	-0.186	1
City/	Mrs.	[0.46981627296587924, 0.182, 0.5249343832020997, 0.199]	[0.38976377952755903, 0.433, 0.43963254593175854, 0.451]	no-link	question-answer	0.1352	0.0801	0.0302	-0.251	-0.252	-0.234	1
City/	Illinois	[0.46981627296587924, 0.182, 0.5249343832020997, 0.199]	[0.44881889763779526, 0.434, 0.5406824146981627, 0.448]	no-link	question-answer	0.0761	0.021	-0.0709	-0.252	-0.249	-0.235	1
City/	Dundee	[0.46981627296587924, 0.182, 0.5249343832020997, 0.199]	[0.6417322834645669, 0.176, 0.7125984251968503, 0.198]	question-answer	question-answer	0.2428	-0.006	0.1719	-0.001	0.1168	0.016	1
City/	Name	[0.46981627296587924, 0.182, 0.5249343832020997, 0.199]	[0.07874015748031496, 0.443, 0.1325459317585302, 0.46]	no-link	question-question	0.4462	0.3911	0.3373	-0.261	-0.261	-0.244	1
State:	City/	[0.07086614173228346, 0.184, 0.13910761154855644, 0.205]	[0.46981627296587924, 0.182, 0.5249343832020997, 0.199]	question-question	question-question	0.4541	-0.002	0.399	-0.006	0.3307	0.015	1
State:	Beauty	[0.07086614173228346, 0.184, 0.13910761154855644, 0.205]	[0.3937007874015748, 0.239, 0.458005249343832, 0.256]	no-link	question-answer	-0.2546	-0.3228	-0.3871	-0.055	-0.051	-0.034	1
State:	Type	[0.07086614173228346, 0.184, 0.13910761154855644, 0.205]	[0.07480314960629922, 0.243, 0.1220472440944882, 0.263]	no-link	question-question	0.0643	-0.0039	-0.0512	-0.059	-0.058	-0.038	1
State:	of	[0.07086614173228346, 0.184, 0.13910761154855644, 0.205]	[0.12992125984251968, 0.244, 0.15748031496062992, 0.259]	no-link	question-question	0.0092	-0.0591	-0.0866	-0.06	-0.054	-0.039	1
State:	March	[0.07086614173228346, 0.184, 0.13910761154855644, 0.205]	[0.6417322834645669, 0.376, 0.7060367454068242, 0.393]	no-link	question-answer	-0.5026	-0.5709	-0.6352	-0.192	-0.188	-0.171	1
State:	4th	[0.07086614173228346, 0.184, 0.13910761154855644, 0.205]	[0.7637795275590551, 0.376, 0.8044619422572179, 0.393]	no-link	question-answer	-0.6247	-0.6929	-0.7336	-0.192	-0.188	-0.171	1
State:	&	[0.07086614173228346, 0.184, 0.13910761154855644, 0.205]	[0.8097112860892388, 0.376, 0.8241469816272966, 0.393]	no-link	question-answer	-0.6706	-0.7388	-0.7533	-0.192	-0.188	-0.171	1
State:	3rd,	[0.07086614173228346, 0.184, 0.13910761154855644, 0.205]	[0.7112860892388452, 0.377, 0.7559055118110236, 0.392]	no-link	question-answer	-0.5722	-0.6404	-0.685	-0.193	-0.187	-0.172	1
State:	Dates:	[0.07086614173228346, 0.184, 0.13910761154855644, 0.205]	[0.5511811023622047, 0.38, 0.6220472440944882, 0.398]	no-link	question-answer	-0.4121	-0.4803	-0.5512	-0.196	-0.193	-0.175	1
State:	Estimated	[0.07086614173228346, 0.184, 0.13910761154855644, 0.205]	[0.07742782152230972, 0.385, 0.18766404199475065, 0.402]	no-link	question-question	0.0617	-0.0066	-0.1168	-0.201	-0.197	-0.18	1
State:	Mrs.	[0.07086614173228346, 0.184, 0.13910761154855644, 0.205]	[0.38976377952755903, 0.433, 0.43963254593175854, 0.451]	no-link	question-answer	-0.2507	-0.3189	-0.3688	-0.249	-0.246	-0.228	1
State:	Illinois	[0.07086614173228346, 0.184, 0.13910761154855644, 0.205]	[0.44881889763779526, 0.434, 0.5406824146981627, 0.448]	no-link	question-answer	-0.3097	-0.378	-0.4698	-0.25	-0.243	-0.229	1
State:	Name	[0.07086614173228346, 0.184, 0.13910761154855644, 0.205]	[0.07874015748031496, 0.443, 0.1325459317585302, 0.46]	no-link	question-question	0.0604	-0.0079	-0.0617	-0.259	-0.255	-0.238	1
State:	Type	[0.07086614173228346, 0.184, 0.13910761154855644, 0.205]	[0.07480314960629922, 0.243, 0.1220472440944882, 0.263]	line-line	question-question	0.0512	0.059	0.0039	0.058	-0.0643	0.079	1
State:	Illinois	[0.07086614173228346, 0.184, 0.13910761154855644, 0.205]	[0.19291338582677164, 0.183, 0.2847769028871391, 0.2]	question-answer	question-answer	0.2139	-0.001	0.122	-0.005	0.0538	0.016	1
Beauty	Contest	[0.3937007874015748, 0.239, 0.458005249343832, 0.256]	[0.4671916010498688, 0.237, 0.547244094488189, 0.252]	word-word	answer-answer	0.1535	-0.002	0.0735	-0.004	0.0092	0.013	2
Beauty	Type	[0.3937007874015748, 0.239, 0.458005249343832, 0.256]	[0.07480314960629922, 0.243, 0.1220472440944882, 0.263]	no-link	answer-question	0.3832	0.3189	0.2717	-0.004	-0.007	0.013	2
Beauty	of	[0.3937007874015748, 0.239, 0.458005249343832, 0.256]	[0.12992125984251968, 0.244, 0.15748031496062992, 0.259]	no-link	answer-question	0.3281	0.2638	0.2362	-0.005	-0.003	0.012	2
Beauty	March	[0.3937007874015748, 0.239, 0.458005249343832, 0.256]	[0.6417322834645669, 0.376, 0.7060367454068242, 0.393]	no-link	answer-answer	-0.1837	-0.248	-0.3123	-0.137	-0.137	-0.12	2
Beauty	4th	[0.3937007874015748, 0.239, 0.458005249343832, 0.256]	[0.7637795275590551, 0.376, 0.8044619422572179, 0.393]	no-link	answer-answer	-0.3058	-0.3701	-0.4108	-0.137	-0.137	-0.12	2
Beauty	&	[0.3937007874015748, 0.239, 0.458005249343832, 0.256]	[0.8097112860892388, 0.376, 0.8241469816272966, 0.393]	no-link	answer-answer	-0.3517	-0.416	-0.4304	-0.137	-0.137	-0.12	2
Beauty	3rd,	[0.3937007874015748, 0.239, 0.458005249343832, 0.256]	[0.7112860892388452, 0.377, 0.7559055118110236, 0.392]	no-link	answer-answer	-0.2533	-0.3176	-0.3622	-0.138	-0.136	-0.121	2
Beauty	Dates:	[0.3937007874015748, 0.239, 0.458005249343832, 0.256]	[0.5511811023622047, 0.38, 0.6220472440944882, 0.398]	no-link	answer-answer	-0.0932	-0.1575	-0.2283	-0.141	-0.142	-0.124	2
Beauty	Estimated	[0.3937007874015748, 0.239, 0.458005249343832, 0.256]	[0.07742782152230972, 0.385, 0.18766404199475065, 0.402]	no-link	answer-question	0.3806	0.3163	0.206	-0.146	-0.146	-0.129	2
Beauty	Mrs.	[0.3937007874015748, 0.239, 0.458005249343832, 0.256]	[0.38976377952755903, 0.433, 0.43963254593175854, 0.451]	no-link	answer-answer	0.0682	0.0039	-0.0459	-0.194	-0.195	-0.177	2
Beauty	Illinois	[0.3937007874015748, 0.239, 0.458005249343832, 0.256]	[0.44881889763779526, 0.434, 0.5406824146981627, 0.448]	no-link	answer-answer	0.0092	-0.0551	-0.147	-0.195	-0.192	-0.178	2
Beauty	Name	[0.3937007874015748, 0.239, 0.458005249343832, 0.256]	[0.07874015748031496, 0.443, 0.1325459317585302, 0.46]	no-link	answer-question	0.3793	0.315	0.2612	-0.204	-0.204	-0.187	2
Beauty	(Sales)	[0.3937007874015748, 0.239, 0.458005249343832, 0.256]	[0.5853018372703412, 0.521, 0.6601049868766404, 0.539]	no-link	answer-answer	-0.1273	-0.1916	-0.2664	-0.282	-0.283	-0.265	2
Type	Estimated	[0.07480314960629922, 0.243, 0.1220472440944882, 0.263]	[0.07742782152230972, 0.385, 0.18766404199475065, 0.402]	line-line	question-question	0.1129	0.142	0.0026	0.139	-0.0446	0.159	2
Type	of	[0.07480314960629922, 0.243, 0.1220472440944882, 0.263]	[0.12992125984251968, 0.244, 0.15748031496062992, 0.259]	no-link	question-question	-0.0079	-0.0551	-0.0827	-0.001	0.004	0.019	2
Type	March	[0.07480314960629922, 0.243, 0.1220472440944882, 0.263]	[0.6417322834645669, 0.376, 0.7060367454068242, 0.393]	no-link	question-answer	-0.5197	-0.5669	-0.6312	-0.133	-0.13	-0.113	2
Type	4th	[0.07480314960629922, 0.243, 0.1220472440944882, 0.263]	[0.7637795275590551, 0.376, 0.8044619422572179, 0.393]	no-link	question-answer	-0.6417	-0.689	-0.7297	-0.133	-0.13	-0.113	2
Type	&	[0.07480314960629922, 0.243, 0.1220472440944882, 0.263]	[0.8097112860892388, 0.376, 0.8241469816272966, 0.393]	no-link	question-answer	-0.6877	-0.7349	-0.7493	-0.133	-0.13	-0.113	2
Type	3rd,	[0.07480314960629922, 0.243, 0.1220472440944882, 0.263]	[0.7112860892388452, 0.377, 0.7559055118110236, 0.392]	no-link	question-answer	-0.5892	-0.6365	-0.6811	-0.134	-0.129	-0.114	2
Type	Dates:	[0.07480314960629922, 0.243, 0.1220472440944882, 0.263]	[0.5511811023622047, 0.38, 0.6220472440944882, 0.398]	no-link	question-answer	-0.4291	-0.4764	-0.5472	-0.137	-0.135	-0.117	2
Type	Mrs.	[0.07480314960629922, 0.243, 0.1220472440944882, 0.263]	[0.38976377952755903, 0.433, 0.43963254593175854, 0.451]	no-link	question-answer	-0.2677	-0.315	-0.3648	-0.19	-0.188	-0.17	2
Type	Illinois	[0.07480314960629922, 0.243, 0.1220472440944882, 0.263]	[0.44881889763779526, 0.434, 0.5406824146981627, 0.448]	no-link	question-answer	-0.3268	-0.374	-0.4659	-0.191	-0.185	-0.171	2
Type	Beauty	[0.07480314960629922, 0.243, 0.1220472440944882, 0.263]	[0.5485564304461942, 0.434, 0.6141732283464567, 0.451]	no-link	question-answer	-0.4265	-0.4738	-0.5394	-0.191	-0.188	-0.171	2
Type	Name	[0.07480314960629922, 0.243, 0.1220472440944882, 0.263]	[0.07874015748031496, 0.443, 0.1325459317585302, 0.46]	no-link	question-question	0.0433	-0.0039	-0.0577	-0.2	-0.197	-0.18	2
Type	(Sales)	[0.07480314960629922, 0.243, 0.1220472440944882, 0.263]	[0.5853018372703412, 0.521, 0.6601049868766404, 0.539]	no-link	question-answer	-0.4633	-0.5105	-0.5853	-0.278	-0.276	-0.258	2
Type	312/	[0.07480314960629922, 0.243, 0.1220472440944882, 0.263]	[0.6706036745406824, 0.522, 0.7125984251968503, 0.537]	no-link	question-answer	-0.5486	-0.5958	-0.6378	-0.279	-0.274	-0.259	2
Type	of	[0.07480314960629922, 0.243, 0.1220472440944882, 0.263]	[0.12992125984251968, 0.244, 0.15748031496062992, 0.259]	word-word	question-question	0.0827	0.001	0.0551	-0.004	0.0079	0.016	2
Type	426	[0.07480314960629922, 0.243, 0.1220472440944882, 0.263]	[0.7125984251968503, 0.522, 0.7454068241469817, 0.537]	no-link	question-answer	-0.5906	-0.6378	-0.6706	-0.279	-0.274	-0.259	2
Type	Beauty	[0.07480314960629922, 0.243, 0.1220472440944882, 0.263]	[0.3937007874015748, 0.239, 0.458005249343832, 0.256]	question-answer	question-answer	0.3832	-0.004	0.3189	-0.007	0.2717	0.013	2
Type	-	[0.07480314960629922, 0.243, 0.1220472440944882, 0.263]	[0.7427821522309711, 0.522, 0.7611548556430446, 0.537]	no-link	question-answer	-0.6207	-0.668	-0.6864	-0.279	-0.274	-0.259	2
of	Event:	[0.12992125984251968, 0.244, 0.15748031496062992, 0.259]	[0.16666666666666666, 0.243, 0.23228346456692914, 0.26]	word-word	question-question	0.1024	-0.001	0.0367	0.001	0.0092	0.016	2
of	4th	[0.12992125984251968, 0.244, 0.15748031496062992, 0.259]	[0.7637795275590551, 0.376, 0.8044619422572179, 0.393]	no-link	question-answer	-0.6063	-0.6339	-0.6745	-0.132	-0.134	-0.117	2
of	&	[0.12992125984251968, 0.244, 0.15748031496062992, 0.259]	[0.8097112860892388, 0.376, 0.8241469816272966, 0.393]	no-link	question-answer	-0.6522	-0.6798	-0.6942	-0.132	-0.134	-0.117	2
of	3rd,	[0.12992125984251968, 0.244, 0.15748031496062992, 0.259]	[0.7112860892388452, 0.377, 0.7559055118110236, 0.392]	no-link	question-answer	-0.5538	-0.5814	-0.626	-0.133	-0.133	-0.118	2
of	Dates:	[0.12992125984251968, 0.244, 0.15748031496062992, 0.259]	[0.5511811023622047, 0.38, 0.6220472440944882, 0.398]	no-link	question-answer	-0.3937	-0.4213	-0.4921	-0.136	-0.139	-0.121	2
of	Estimated	[0.12992125984251968, 0.244, 0.15748031496062992, 0.259]	[0.07742782152230972, 0.385, 0.18766404199475065, 0.402]	no-link	question-question	0.0801	0.0525	-0.0577	-0.141	-0.143	-0.126	2
of	Mrs.	[0.12992125984251968, 0.244, 0.15748031496062992, 0.259]	[0.38976377952755903, 0.433, 0.43963254593175854, 0.451]	no-link	question-answer	-0.2323	-0.2598	-0.3097	-0.189	-0.192	-0.174	2
of	Illinois	[0.12992125984251968, 0.244, 0.15748031496062992, 0.259]	[0.44881889763779526, 0.434, 0.5406824146981627, 0.448]	no-link	question-answer	-0.2913	-0.3189	-0.4108	-0.19	-0.189	-0.175	2
of	Beauty	[0.12992125984251968, 0.244, 0.15748031496062992, 0.259]	[0.5485564304461942, 0.434, 0.6141732283464567, 0.451]	no-link	question-answer	-0.3911	-0.4186	-0.4843	-0.19	-0.192	-0.175	2
of	Name	[0.12992125984251968, 0.244, 0.15748031496062992, 0.259]	[0.07874015748031496, 0.443, 0.1325459317585302, 0.46]	no-link	question-question	0.0787	0.0512	-0.0026	-0.199	-0.201	-0.184	2
of	(Sales)	[0.12992125984251968, 0.244, 0.15748031496062992, 0.259]	[0.5853018372703412, 0.521, 0.6601049868766404, 0.539]	no-link	question-answer	-0.4278	-0.4554	-0.5302	-0.277	-0.28	-0.262	2
of	312/	[0.12992125984251968, 0.244, 0.15748031496062992, 0.259]	[0.6706036745406824, 0.522, 0.7125984251968503, 0.537]	no-link	question-answer	-0.5131	-0.5407	-0.5827	-0.278	-0.278	-0.263	2
of	426	[0.12992125984251968, 0.244, 0.15748031496062992, 0.259]	[0.7125984251968503, 0.522, 0.7454068241469817, 0.537]	no-link	question-answer	-0.5551	-0.5827	-0.6155	-0.278	-0.278	-0.263	2
of	-	[0.12992125984251968, 0.244, 0.15748031496062992, 0.259]	[0.7427821522309711, 0.522, 0.7611548556430446, 0.537]	no-link	question-answer	-0.5853	-0.6129	-0.6312	-0.278	-0.278	-0.263	2
of	Joy	[0.12992125984251968, 0.244, 0.15748031496062992, 0.259]	[0.43832020997375326, 0.524, 0.473753280839895, 0.539]	no-link	question-answer	-0.2808	-0.3084	-0.3438	-0.28	-0.28	-0.265	2
March	3rd,	[0.6417322834645669, 0.376, 0.7060367454068242, 0.393]	[0.7112860892388452, 0.377, 0.7559055118110236, 0.392]	word-word	answer-answer	0.1142	0.001	0.0696	-0.001	0.0052	0.016	3
March	&	[0.6417322834645669, 0.376, 0.7060367454068242, 0.393]	[0.8097112860892388, 0.376, 0.8241469816272966, 0.393]	no-link	answer-answer	-0.1037	-0.168	-0.1824	0.0	0.0	0.017	3
March	Dates:	[0.6417322834645669, 0.376, 0.7060367454068242, 0.393]	[0.5511811023622047, 0.38, 0.6220472440944882, 0.398]	no-link	answer-answer	0.1549	0.0906	0.0197	-0.004	-0.005	0.013	3
March	Estimated	[0.6417322834645669, 0.376, 0.7060367454068242, 0.393]	[0.07742782152230972, 0.385, 0.18766404199475065, 0.402]	no-link	answer-question	0.6286	0.5643	0.4541	-0.009	-0.009	0.008	3
March	Mrs.	[0.6417322834645669, 0.376, 0.7060367454068242, 0.393]	[0.38976377952755903, 0.433, 0.43963254593175854, 0.451]	no-link	answer-answer	0.3163	0.252	0.2021	-0.057	-0.058	-0.04	3
March	Illinois	[0.6417322834645669, 0.376, 0.7060367454068242, 0.393]	[0.44881889763779526, 0.434, 0.5406824146981627, 0.448]	no-link	answer-answer	0.2572	0.1929	0.101	-0.058	-0.055	-0.041	3
March	Beauty	[0.6417322834645669, 0.376, 0.7060367454068242, 0.393]	[0.5485564304461942, 0.434, 0.6141732283464567, 0.451]	no-link	answer-answer	0.1575	0.0932	0.0276	-0.058	-0.058	-0.041	3
March	Name	[0.6417322834645669, 0.376, 0.7060367454068242, 0.393]	[0.07874015748031496, 0.443, 0.1325459317585302, 0.46]	no-link	answer-question	0.6273	0.563	0.5092	-0.067	-0.067	-0.05	3
March	of	[0.6417322834645669, 0.376, 0.7060367454068242, 0.393]	[0.13910761154855644, 0.443, 0.16272965879265092, 0.456]	no-link	answer-question	0.5669	0.5026	0.479	-0.067	-0.063	-0.05	3
March	(Sales)	[0.6417322834645669, 0.376, 0.7060367454068242, 0.393]	[0.5853018372703412, 0.521, 0.6601049868766404, 0.539]	no-link	answer-answer	0.1207	0.0564	-0.0184	-0.145	-0.146	-0.128	3
March	312/	[0.6417322834645669, 0.376, 0.7060367454068242, 0.393]	[0.6706036745406824, 0.522, 0.7125984251968503, 0.537]	no-link	answer-answer	0.0354	-0.0289	-0.0709	-0.146	-0.144	-0.129	3
March	426	[0.6417322834645669, 0.376, 0.7060367454068242, 0.393]	[0.7125984251968503, 0.522, 0.7454068241469817, 0.537]	no-link	answer-answer	-0.0066	-0.0709	-0.1037	-0.146	-0.144	-0.129	3
March	-	[0.6417322834645669, 0.376, 0.7060367454068242, 0.393]	[0.7427821522309711, 0.522, 0.7611548556430446, 0.537]	no-link	answer-answer	-0.0367	-0.101	-0.1194	-0.146	-0.144	-0.129	3
March	Joy	[0.6417322834645669, 0.376, 0.7060367454068242, 0.393]	[0.43832020997375326, 0.524, 0.473753280839895, 0.539]	no-link	answer-answer	0.2677	0.2034	0.168	-0.148	-0.146	-0.131	3
March	Weathers	[0.6417322834645669, 0.376, 0.7060367454068242, 0.393]	[0.4816272965879265, 0.524, 0.5774278215223098, 0.537]	no-link	answer-answer	0.2244	0.1601	0.0643	-0.148	-0.144	-0.131	3
4th	&	[0.7637795275590551, 0.376, 0.8044619422572179, 0.393]	[0.8097112860892388, 0.376, 0.8241469816272966, 0.393]	word-word	answer-answer	0.0604	0.0	0.0459	0.0	0.0052	0.017	3
4th	3rd,	[0.7637795275590551, 0.376, 0.8044619422572179, 0.393]	[0.7112860892388452, 0.377, 0.7559055118110236, 0.392]	no-link	answer-answer	0.0932	0.0525	0.0079	-0.001	0.001	0.016	3
4th	Dates:	[0.7637795275590551, 0.376, 0.8044619422572179, 0.393]	[0.5511811023622047, 0.38, 0.6220472440944882, 0.398]	no-link	answer-answer	0.2533	0.2126	0.1417	-0.004	-0.005	0.013	3
4th	Estimated	[0.7637795275590551, 0.376, 0.8044619422572179, 0.393]	[0.07742782152230972, 0.385, 0.18766404199475065, 0.402]	no-link	answer-question	0.727	0.6864	0.5761	-0.009	-0.009	0.008	3
4th	Mrs.	[0.7637795275590551, 0.376, 0.8044619422572179, 0.393]	[0.38976377952755903, 0.433, 0.43963254593175854, 0.451]	no-link	answer-answer	0.4147	0.374	0.3241	-0.057	-0.058	-0.04	3
4th	Illinois	[0.7637795275590551, 0.376, 0.8044619422572179, 0.393]	[0.44881889763779526, 0.434, 0.5406824146981627, 0.448]	no-link	answer-answer	0.3556	0.315	0.2231	-0.058	-0.055	-0.041	3
4th	Beauty	[0.7637795275590551, 0.376, 0.8044619422572179, 0.393]	[0.5485564304461942, 0.434, 0.6141732283464567, 0.451]	no-link	answer-answer	0.2559	0.2152	0.1496	-0.058	-0.058	-0.041	3
4th	Name	[0.7637795275590551, 0.376, 0.8044619422572179, 0.393]	[0.07874015748031496, 0.443, 0.1325459317585302, 0.46]	no-link	answer-question	0.7257	0.685	0.6312	-0.067	-0.067	-0.05	3
4th	of	[0.7637795275590551, 0.376, 0.8044619422572179, 0.393]	[0.13910761154855644, 0.443, 0.16272965879265092, 0.456]	no-link	answer-question	0.6654	0.6247	0.601	-0.067	-0.063	-0.05	3
4th	(Sales)	[0.7637795275590551, 0.376, 0.8044619422572179, 0.393]	[0.5853018372703412, 0.521, 0.6601049868766404, 0.539]	no-link	answer-answer	0.2192	0.1785	0.1037	-0.145	-0.146	-0.128	3
4th	312/	[0.7637795275590551, 0.376, 0.8044619422572179, 0.393]	[0.6706036745406824, 0.522, 0.7125984251968503, 0.537]	no-link	answer-answer	0.1339	0.0932	0.0512	-0.146	-0.144	-0.129	3
4th	426	[0.7637795275590551, 0.376, 0.8044619422572179, 0.393]	[0.7125984251968503, 0.522, 0.7454068241469817, 0.537]	no-link	answer-answer	0.0919	0.0512	0.0184	-0.146	-0.144	-0.129	3
4th	-	[0.7637795275590551, 0.376, 0.8044619422572179, 0.393]	[0.7427821522309711, 0.522, 0.7611548556430446, 0.537]	no-link	answer-answer	0.0617	0.021	0.0026	-0.146	-0.144	-0.129	3
4th	Joy	[0.7637795275590551, 0.376, 0.8044619422572179, 0.393]	[0.43832020997375326, 0.524, 0.473753280839895, 0.539]	no-link	answer-answer	0.3661	0.3255	0.29	-0.148	-0.146	-0.131	3
4th	Weathers	[0.7637795275590551, 0.376, 0.8044619422572179, 0.393]	[0.4816272965879265, 0.524, 0.5774278215223098, 0.537]	no-link	answer-answer	0.3228	0.2822	0.1864	-0.148	-0.144	-0.131	3
4th	Ms.	[0.7637795275590551, 0.376, 0.8044619422572179, 0.393]	[0.3937007874015748, 0.525, 0.42650918635170604, 0.539]	no-link	answer-answer	0.4108	0.3701	0.3373	-0.149	-0.146	-0.132	3
&	5th,	[0.8097112860892388, 0.376, 0.8241469816272966, 0.393]	[0.8307086614173228, 0.376, 0.8779527559055118, 0.391]	word-word	answer-answer	0.0682	0.0	0.021	-0.002	0.0066	0.015	3
&	Dates:	[0.8097112860892388, 0.376, 0.8241469816272966, 0.393]	[0.5511811023622047, 0.38, 0.6220472440944882, 0.398]	no-link	answer-answer	0.273	0.2585	0.1877	-0.004	-0.005	0.013	3
&	Estimated	[0.8097112860892388, 0.376, 0.8241469816272966, 0.393]	[0.07742782152230972, 0.385, 0.18766404199475065, 0.402]	no-link	answer-question	0.7467	0.7323	0.622	-0.009	-0.009	0.008	3
&	Mrs.	[0.8097112860892388, 0.376, 0.8241469816272966, 0.393]	[0.38976377952755903, 0.433, 0.43963254593175854, 0.451]	no-link	answer-answer	0.4344	0.4199	0.3701	-0.057	-0.058	-0.04	3
&	Illinois	[0.8097112860892388, 0.376, 0.8241469816272966, 0.393]	[0.44881889763779526, 0.434, 0.5406824146981627, 0.448]	no-link	answer-answer	0.3753	0.3609	0.269	-0.058	-0.055	-0.041	3
&	Beauty	[0.8097112860892388, 0.376, 0.8241469816272966, 0.393]	[0.5485564304461942, 0.434, 0.6141732283464567, 0.451]	no-link	answer-answer	0.2756	0.2612	0.1955	-0.058	-0.058	-0.041	3
&	Name	[0.8097112860892388, 0.376, 0.8241469816272966, 0.393]	[0.07874015748031496, 0.443, 0.1325459317585302, 0.46]	no-link	answer-question	0.7454	0.731	0.6772	-0.067	-0.067	-0.05	3
&	of	[0.8097112860892388, 0.376, 0.8241469816272966, 0.393]	[0.13910761154855644, 0.443, 0.16272965879265092, 0.456]	no-link	answer-question	0.685	0.6706	0.647	-0.067	-0.063	-0.05	3
&	(Sales)	[0.8097112860892388, 0.376, 0.8241469816272966, 0.393]	[0.5853018372703412, 0.521, 0.6601049868766404, 0.539]	no-link	answer-answer	0.2388	0.2244	0.1496	-0.145	-0.146	-0.128	3
&	312/	[0.8097112860892388, 0.376, 0.8241469816272966, 0.393]	[0.6706036745406824, 0.522, 0.7125984251968503, 0.537]	no-link	answer-answer	0.1535	0.1391	0.0971	-0.146	-0.144	-0.129	3
&	426	[0.8097112860892388, 0.376, 0.8241469816272966, 0.393]	[0.7125984251968503, 0.522, 0.7454068241469817, 0.537]	no-link	answer-answer	0.1115	0.0971	0.0643	-0.146	-0.144	-0.129	3
&	-	[0.8097112860892388, 0.376, 0.8241469816272966, 0.393]	[0.7427821522309711, 0.522, 0.7611548556430446, 0.537]	no-link	answer-answer	0.0814	0.0669	0.0486	-0.146	-0.144	-0.129	3
&	Joy	[0.8097112860892388, 0.376, 0.8241469816272966, 0.393]	[0.43832020997375326, 0.524, 0.473753280839895, 0.539]	no-link	answer-answer	0.3858	0.3714	0.336	-0.148	-0.146	-0.131	3
&	Weathers	[0.8097112860892388, 0.376, 0.8241469816272966, 0.393]	[0.4816272965879265, 0.524, 0.5774278215223098, 0.537]	no-link	answer-answer	0.3425	0.3281	0.2323	-0.148	-0.144	-0.131	3
&	Ms.	[0.8097112860892388, 0.376, 0.8241469816272966, 0.393]	[0.3937007874015748, 0.525, 0.42650918635170604, 0.539]	no-link	answer-answer	0.4304	0.416	0.3832	-0.149	-0.146	-0.132	3
&	(Name/	[0.8097112860892388, 0.376, 0.8241469816272966, 0.393]	[0.17716535433070865, 0.528, 0.24540682414698162, 0.542]	no-link	answer-question	0.647	0.6325	0.5643	-0.152	-0.149	-0.135	3
3rd,	4th	[0.7112860892388452, 0.377, 0.7559055118110236, 0.392]	[0.7637795275590551, 0.376, 0.8044619422572179, 0.393]	word-word	answer-answer	0.0932	-0.001	0.0525	0.001	0.0079	0.016	3
3rd,	Estimated	[0.7112860892388452, 0.377, 0.7559055118110236, 0.392]	[0.07742782152230972, 0.385, 0.18766404199475065, 0.402]	no-link	answer-question	0.6785	0.6339	0.5236	-0.008	-0.01	0.007	3
3rd,	Mrs.	[0.7112860892388452, 0.377, 0.7559055118110236, 0.392]	[0.38976377952755903, 0.433, 0.43963254593175854, 0.451]	no-link	answer-answer	0.3661	0.3215	0.2717	-0.056	-0.059	-0.041	3
3rd,	Illinois	[0.7112860892388452, 0.377, 0.7559055118110236, 0.392]	[0.44881889763779526, 0.434, 0.5406824146981627, 0.448]	no-link	answer-answer	0.3071	0.2625	0.1706	-0.057	-0.056	-0.042	3
3rd,	Beauty	[0.7112860892388452, 0.377, 0.7559055118110236, 0.392]	[0.5485564304461942, 0.434, 0.6141732283464567, 0.451]	no-link	answer-answer	0.2073	0.1627	0.0971	-0.057	-0.059	-0.042	3
3rd,	Name	[0.7112860892388452, 0.377, 0.7559055118110236, 0.392]	[0.07874015748031496, 0.443, 0.1325459317585302, 0.46]	no-link	answer-question	0.6772	0.6325	0.5787	-0.066	-0.068	-0.051	3
3rd,	of	[0.7112860892388452, 0.377, 0.7559055118110236, 0.392]	[0.13910761154855644, 0.443, 0.16272965879265092, 0.456]	no-link	answer-question	0.6168	0.5722	0.5486	-0.066	-0.064	-0.051	3
3rd,	(Sales)	[0.7112860892388452, 0.377, 0.7559055118110236, 0.392]	[0.5853018372703412, 0.521, 0.6601049868766404, 0.539]	no-link	answer-answer	0.1706	0.126	0.0512	-0.144	-0.147	-0.129	3
3rd,	312/	[0.7112860892388452, 0.377, 0.7559055118110236, 0.392]	[0.6706036745406824, 0.522, 0.7125984251968503, 0.537]	no-link	answer-answer	0.0853	0.0407	-0.0013	-0.145	-0.145	-0.13	3
3rd,	426	[0.7112860892388452, 0.377, 0.7559055118110236, 0.392]	[0.7125984251968503, 0.522, 0.7454068241469817, 0.537]	no-link	answer-answer	0.0433	-0.0013	-0.0341	-0.145	-0.145	-0.13	3
3rd,	-	[0.7112860892388452, 0.377, 0.7559055118110236, 0.392]	[0.7427821522309711, 0.522, 0.7611548556430446, 0.537]	no-link	answer-answer	0.0131	-0.0315	-0.0499	-0.145	-0.145	-0.13	3
3rd,	Joy	[0.7112860892388452, 0.377, 0.7559055118110236, 0.392]	[0.43832020997375326, 0.524, 0.473753280839895, 0.539]	no-link	answer-answer	0.3176	0.273	0.2375	-0.147	-0.147	-0.132	3
3rd,	Weathers	[0.7112860892388452, 0.377, 0.7559055118110236, 0.392]	[0.4816272965879265, 0.524, 0.5774278215223098, 0.537]	no-link	answer-answer	0.2743	0.2297	0.1339	-0.147	-0.145	-0.132	3
3rd,	Ms.	[0.7112860892388452, 0.377, 0.7559055118110236, 0.392]	[0.3937007874015748, 0.525, 0.42650918635170604, 0.539]	no-link	answer-answer	0.3622	0.3176	0.2848	-0.148	-0.147	-0.133	3
3rd,	(Name/	[0.7112860892388452, 0.377, 0.7559055118110236, 0.392]	[0.17716535433070865, 0.528, 0.24540682414698162, 0.542]	no-link	answer-question	0.5787	0.5341	0.4659	-0.151	-0.15	-0.136	3
3rd,	Contact	[0.7112860892388452, 0.377, 0.7559055118110236, 0.392]	[0.08398950131233596, 0.529, 0.16404199475065617, 0.544]	no-link	answer-question	0.6719	0.6273	0.5472	-0.152	-0.152	-0.137	3
Dates:	March	[0.5511811023622047, 0.38, 0.6220472440944882, 0.398]	[0.6417322834645669, 0.376, 0.7060367454068242, 0.393]	question-answer	question-answer	0.1549	-0.004	0.0906	-0.005	0.0197	0.013	3
Dates:	Estimated	[0.5511811023622047, 0.38, 0.6220472440944882, 0.398]	[0.07742782152230972, 0.385, 0.18766404199475065, 0.402]	no-link	question-question	0.5446	0.4738	0.3635	-0.005	-0.004	0.013	3
Dates:	Mrs.	[0.5511811023622047, 0.38, 0.6220472440944882, 0.398]	[0.38976377952755903, 0.433, 0.43963254593175854, 0.451]	no-link	question-answer	0.2323	0.1614	0.1115	-0.053	-0.053	-0.035	3
Dates:	Illinois	[0.5511811023622047, 0.38, 0.6220472440944882, 0.398]	[0.44881889763779526, 0.434, 0.5406824146981627, 0.448]	no-link	question-answer	0.1732	0.1024	0.0105	-0.054	-0.05	-0.036	3
Dates:	Beauty	[0.5511811023622047, 0.38, 0.6220472440944882, 0.398]	[0.5485564304461942, 0.434, 0.6141732283464567, 0.451]	no-link	question-answer	0.0735	0.0026	-0.063	-0.054	-0.053	-0.036	3
Dates:	Name	[0.5511811023622047, 0.38, 0.6220472440944882, 0.398]	[0.07874015748031496, 0.443, 0.1325459317585302, 0.46]	no-link	question-question	0.5433	0.4724	0.4186	-0.063	-0.062	-0.045	3
Dates:	of	[0.5511811023622047, 0.38, 0.6220472440944882, 0.398]	[0.13910761154855644, 0.443, 0.16272965879265092, 0.456]	no-link	question-question	0.4829	0.4121	0.3885	-0.063	-0.058	-0.045	3
Dates:	(Sales)	[0.5511811023622047, 0.38, 0.6220472440944882, 0.398]	[0.5853018372703412, 0.521, 0.6601049868766404, 0.539]	no-link	question-answer	0.0367	-0.0341	-0.1089	-0.141	-0.141	-0.123	3
Dates:	312/	[0.5511811023622047, 0.38, 0.6220472440944882, 0.398]	[0.6706036745406824, 0.522, 0.7125984251968503, 0.537]	no-link	question-answer	-0.0486	-0.1194	-0.1614	-0.142	-0.139	-0.124	3
Dates:	426	[0.5511811023622047, 0.38, 0.6220472440944882, 0.398]	[0.7125984251968503, 0.522, 0.7454068241469817, 0.537]	no-link	question-answer	-0.0906	-0.1614	-0.1942	-0.142	-0.139	-0.124	3
Dates:	-	[0.5511811023622047, 0.38, 0.6220472440944882, 0.398]	[0.7427821522309711, 0.522, 0.7611548556430446, 0.537]	no-link	question-answer	-0.1207	-0.1916	-0.21	-0.142	-0.139	-0.124	3
Dates:	Joy	[0.5511811023622047, 0.38, 0.6220472440944882, 0.398]	[0.43832020997375326, 0.524, 0.473753280839895, 0.539]	no-link	question-answer	0.1837	0.1129	0.0774	-0.144	-0.141	-0.126	3
Dates:	Weathers	[0.5511811023622047, 0.38, 0.6220472440944882, 0.398]	[0.4816272965879265, 0.524, 0.5774278215223098, 0.537]	no-link	question-answer	0.1404	0.0696	-0.0262	-0.144	-0.139	-0.126	3
Dates:	Ms.	[0.5511811023622047, 0.38, 0.6220472440944882, 0.398]	[0.3937007874015748, 0.525, 0.42650918635170604, 0.539]	no-link	question-answer	0.2283	0.1575	0.1247	-0.145	-0.141	-0.127	3
Dates:	(Name/	[0.5511811023622047, 0.38, 0.6220472440944882, 0.398]	[0.17716535433070865, 0.528, 0.24540682414698162, 0.542]	no-link	question-question	0.4449	0.374	0.3058	-0.148	-0.144	-0.13	3
Dates:	Contact	[0.5511811023622047, 0.38, 0.6220472440944882, 0.398]	[0.08398950131233596, 0.529, 0.16404199475065617, 0.544]	no-link	question-question	0.5381	0.4672	0.3871	-0.149	-0.146	-0.131	3
Estimated	Dates:	[0.07742782152230972, 0.385, 0.18766404199475065, 0.402]	[0.5511811023622047, 0.38, 0.6220472440944882, 0.398]	question-question	question-question	0.5446	-0.005	0.4738	-0.004	0.3635	0.013	3
Estimated	Mrs.	[0.07742782152230972, 0.385, 0.18766404199475065, 0.402]	[0.38976377952755903, 0.433, 0.43963254593175854, 0.451]	no-link	question-answer	-0.2021	-0.3123	-0.3622	-0.048	-0.049	-0.031	3
Estimated	Illinois	[0.07742782152230972, 0.385, 0.18766404199475065, 0.402]	[0.44881889763779526, 0.434, 0.5406824146981627, 0.448]	no-link	question-answer	-0.2612	-0.3714	-0.4633	-0.049	-0.046	-0.032	3
Estimated	Beauty	[0.07742782152230972, 0.385, 0.18766404199475065, 0.402]	[0.5485564304461942, 0.434, 0.6141732283464567, 0.451]	no-link	question-answer	-0.3609	-0.4711	-0.5367	-0.049	-0.049	-0.032	3
Estimated	Name	[0.07742782152230972, 0.385, 0.18766404199475065, 0.402]	[0.07874015748031496, 0.443, 0.1325459317585302, 0.46]	no-link	question-question	0.1089	-0.0013	-0.0551	-0.058	-0.058	-0.041	3
Estimated	of	[0.07742782152230972, 0.385, 0.18766404199475065, 0.402]	[0.13910761154855644, 0.443, 0.16272965879265092, 0.456]	no-link	question-question	0.0486	-0.0617	-0.0853	-0.058	-0.054	-0.041	3
Estimated	(Sales)	[0.07742782152230972, 0.385, 0.18766404199475065, 0.402]	[0.5853018372703412, 0.521, 0.6601049868766404, 0.539]	no-link	question-answer	-0.3976	-0.5079	-0.5827	-0.136	-0.137	-0.119	3
Estimated	312/	[0.07742782152230972, 0.385, 0.18766404199475065, 0.402]	[0.6706036745406824, 0.522, 0.7125984251968503, 0.537]	no-link	question-answer	-0.4829	-0.5932	-0.6352	-0.137	-0.135	-0.12	3
Estimated	426	[0.07742782152230972, 0.385, 0.18766404199475065, 0.402]	[0.7125984251968503, 0.522, 0.7454068241469817, 0.537]	no-link	question-answer	-0.5249	-0.6352	-0.668	-0.137	-0.135	-0.12	3
Estimated	-	[0.07742782152230972, 0.385, 0.18766404199475065, 0.402]	[0.7427821522309711, 0.522, 0.7611548556430446, 0.537]	no-link	question-answer	-0.5551	-0.6654	-0.6837	-0.137	-0.135	-0.12	3
Estimated	Joy	[0.07742782152230972, 0.385, 0.18766404199475065, 0.402]	[0.43832020997375326, 0.524, 0.473753280839895, 0.539]	no-link	question-answer	-0.2507	-0.3609	-0.3963	-0.139	-0.137	-0.122	3
Estimated	Weathers	[0.07742782152230972, 0.385, 0.18766404199475065, 0.402]	[0.4816272965879265, 0.524, 0.5774278215223098, 0.537]	no-link	question-answer	-0.294	-0.4042	-0.5	-0.139	-0.135	-0.122	3
Estimated	Ms.	[0.07742782152230972, 0.385, 0.18766404199475065, 0.402]	[0.3937007874015748, 0.525, 0.42650918635170604, 0.539]	no-link	question-answer	-0.206	-0.3163	-0.3491	-0.14	-0.137	-0.123	3
Estimated	(Name/	[0.07742782152230972, 0.385, 0.18766404199475065, 0.402]	[0.17716535433070865, 0.528, 0.24540682414698162, 0.542]	no-link	question-question	0.0105	-0.0997	-0.168	-0.143	-0.14	-0.126	3
Estimated	Contact	[0.07742782152230972, 0.385, 0.18766404199475065, 0.402]	[0.08398950131233596, 0.529, 0.16404199475065617, 0.544]	no-link	question-question	0.1037	-0.0066	-0.0866	-0.144	-0.142	-0.127	3
Estimated	Name	[0.07742782152230972, 0.385, 0.18766404199475065, 0.402]	[0.07874015748031496, 0.443, 0.1325459317585302, 0.46]	line-line	question-question	0.0551	0.058	0.0013	0.058	-0.1089	0.075	3
Estimated	%	[0.07742782152230972, 0.385, 0.18766404199475065, 0.402]	[0.5485564304461942, 0.577, 0.5616797900262467, 0.594]	no-link	question-answer	-0.3609	-0.4711	-0.4843	-0.192	-0.192	-0.175	3
Estimated	Attendance	[0.07742782152230972, 0.385, 0.18766404199475065, 0.402]	[0.1942257217847769, 0.384, 0.32020997375328086, 0.399]	word-word	question-question	0.2428	-0.001	0.1168	-0.003	0.0066	0.014	3
Estimated	90	[0.07742782152230972, 0.385, 0.18766404199475065, 0.402]	[0.3937007874015748, 0.578, 0.4199475065616798, 0.595]	no-link	question-answer	-0.206	-0.3163	-0.3425	-0.193	-0.193	-0.176	3
Estimated	700	[0.07742782152230972, 0.385, 0.18766404199475065, 0.402]	[0.42913385826771655, 0.383, 0.4671916010498688, 0.398]	question-answer	question-answer	0.3898	-0.002	0.3517	-0.004	0.2415	0.013	3
Estimated	10	[0.07742782152230972, 0.385, 0.18766404199475065, 0.402]	[0.5275590551181102, 0.578, 0.5511811023622047, 0.595]	no-link	question-answer	-0.3399	-0.4501	-0.4738	-0.193	-0.193	-0.176	3
Mrs.	Illinois	[0.38976377952755903, 0.433, 0.43963254593175854, 0.451]	[0.44881889763779526, 0.434, 0.5406824146981627, 0.448]	word-word	answer-answer	0.1509	0.001	0.0591	-0.003	0.0092	0.015	4
Mrs.	Beauty	[0.38976377952755903, 0.433, 0.43963254593175854, 0.451]	[0.5485564304461942, 0.434, 0.6141732283464567, 0.451]	no-link	answer-answer	-0.1089	-0.1588	-0.2244	-0.001	0.0	0.017	4
Mrs.	Name	[0.38976377952755903, 0.433, 0.43963254593175854, 0.451]	[0.07874015748031496, 0.443, 0.1325459317585302, 0.46]	no-link	answer-question	0.3609	0.311	0.2572	-0.01	-0.009	0.008	4
Mrs.	of	[0.38976377952755903, 0.433, 0.43963254593175854, 0.451]	[0.13910761154855644, 0.443, 0.16272965879265092, 0.456]	no-link	answer-question	0.3005	0.2507	0.227	-0.01	-0.005	0.008	4
Mrs.	(Sales)	[0.38976377952755903, 0.433, 0.43963254593175854, 0.451]	[0.5853018372703412, 0.521, 0.6601049868766404, 0.539]	no-link	answer-answer	-0.1457	-0.1955	-0.2703	-0.088	-0.088	-0.07	4
Mrs.	312/	[0.38976377952755903, 0.433, 0.43963254593175854, 0.451]	[0.6706036745406824, 0.522, 0.7125984251968503, 0.537]	no-link	answer-answer	-0.231	-0.2808	-0.3228	-0.089	-0.086	-0.071	4
Mrs.	426	[0.38976377952755903, 0.433, 0.43963254593175854, 0.451]	[0.7125984251968503, 0.522, 0.7454068241469817, 0.537]	no-link	answer-answer	-0.273	-0.3228	-0.3556	-0.089	-0.086	-0.071	4
Mrs.	-	[0.38976377952755903, 0.433, 0.43963254593175854, 0.451]	[0.7427821522309711, 0.522, 0.7611548556430446, 0.537]	no-link	answer-answer	-0.3031	-0.353	-0.3714	-0.089	-0.086	-0.071	4
Mrs.	Joy	[0.38976377952755903, 0.433, 0.43963254593175854, 0.451]	[0.43832020997375326, 0.524, 0.473753280839895, 0.539]	no-link	answer-answer	0.0013	-0.0486	-0.084	-0.091	-0.088	-0.073	4
Mrs.	Weathers	[0.38976377952755903, 0.433, 0.43963254593175854, 0.451]	[0.4816272965879265, 0.524, 0.5774278215223098, 0.537]	no-link	answer-answer	-0.042	-0.0919	-0.1877	-0.091	-0.086	-0.073	4
Mrs.	Ms.	[0.38976377952755903, 0.433, 0.43963254593175854, 0.451]	[0.3937007874015748, 0.525, 0.42650918635170604, 0.539]	no-link	answer-answer	0.0459	-0.0039	-0.0367	-0.092	-0.088	-0.074	4
Mrs.	(Name/	[0.38976377952755903, 0.433, 0.43963254593175854, 0.451]	[0.17716535433070865, 0.528, 0.24540682414698162, 0.542]	no-link	answer-question	0.2625	0.2126	0.1444	-0.095	-0.091	-0.077	4
Mrs.	Contact	[0.38976377952755903, 0.433, 0.43963254593175854, 0.451]	[0.08398950131233596, 0.529, 0.16404199475065617, 0.544]	no-link	answer-question	0.3556	0.3058	0.2257	-0.096	-0.093	-0.078	4
Mrs.	%	[0.38976377952755903, 0.433, 0.43963254593175854, 0.451]	[0.5485564304461942, 0.577, 0.5616797900262467, 0.594]	no-link	answer-answer	-0.1089	-0.1588	-0.1719	-0.144	-0.143	-0.126	4
Mrs.	90	[0.38976377952755903, 0.433, 0.43963254593175854, 0.451]	[0.3937007874015748, 0.578, 0.4199475065616798, 0.595]	no-link	answer-answer	0.0459	-0.0039	-0.0302	-0.145	-0.144	-0.127	4
Mrs.	10	[0.38976377952755903, 0.433, 0.43963254593175854, 0.451]	[0.5275590551181102, 0.578, 0.5511811023622047, 0.595]	no-link	answer-answer	-0.0879	-0.1378	-0.1614	-0.145	-0.144	-0.127	4
Mrs.	White	[0.38976377952755903, 0.433, 0.43963254593175854, 0.451]	[0.4356955380577428, 0.58, 0.494750656167979, 0.594]	no-link	answer-answer	0.0039	-0.0459	-0.105	-0.147	-0.143	-0.129	4
Illinois	Beauty	[0.44881889763779526, 0.434, 0.5406824146981627, 0.448]	[0.5485564304461942, 0.434, 0.6141732283464567, 0.451]	word-word	answer-answer	0.1654	0.0	0.0997	0.003	0.0079	0.017	4
Illinois	Name	[0.44881889763779526, 0.434, 0.5406824146981627, 0.448]	[0.07874015748031496, 0.443, 0.1325459317585302, 0.46]	no-link	answer-question	0.4619	0.3701	0.3163	-0.009	-0.012	0.005	4
Illinois	of	[0.44881889763779526, 0.434, 0.5406824146981627, 0.448]	[0.13910761154855644, 0.443, 0.16272965879265092, 0.456]	no-link	answer-question	0.4016	0.3097	0.2861	-0.009	-0.008	0.005	4
Illinois	(Sales)	[0.44881889763779526, 0.434, 0.5406824146981627, 0.448]	[0.5853018372703412, 0.521, 0.6601049868766404, 0.539]	no-link	answer-answer	-0.0446	-0.1365	-0.2113	-0.087	-0.091	-0.073	4
Illinois	312/	[0.44881889763779526, 0.434, 0.5406824146981627, 0.448]	[0.6706036745406824, 0.522, 0.7125984251968503, 0.537]	no-link	answer-answer	-0.1299	-0.2218	-0.2638	-0.088	-0.089	-0.074	4
Illinois	426	[0.44881889763779526, 0.434, 0.5406824146981627, 0.448]	[0.7125984251968503, 0.522, 0.7454068241469817, 0.537]	no-link	answer-answer	-0.1719	-0.2638	-0.2966	-0.088	-0.089	-0.074	4
Illinois	-	[0.44881889763779526, 0.434, 0.5406824146981627, 0.448]	[0.7427821522309711, 0.522, 0.7611548556430446, 0.537]	no-link	answer-answer	-0.2021	-0.294	-0.3123	-0.088	-0.089	-0.074	4
Illinois	Joy	[0.44881889763779526, 0.434, 0.5406824146981627, 0.448]	[0.43832020997375326, 0.524, 0.473753280839895, 0.539]	no-link	answer-answer	0.1024	0.0105	-0.0249	-0.09	-0.091	-0.076	4
Illinois	Weathers	[0.44881889763779526, 0.434, 0.5406824146981627, 0.448]	[0.4816272965879265, 0.524, 0.5774278215223098, 0.537]	no-link	answer-answer	0.0591	-0.0328	-0.1286	-0.09	-0.089	-0.076	4
Illinois	Ms.	[0.44881889763779526, 0.434, 0.5406824146981627, 0.448]	[0.3937007874015748, 0.525, 0.42650918635170604, 0.539]	no-link	answer-answer	0.147	0.0551	0.0223	-0.091	-0.091	-0.077	4
Illinois	(Name/	[0.44881889763779526, 0.434, 0.5406824146981627, 0.448]	[0.17716535433070865, 0.528, 0.24540682414698162, 0.542]	no-link	answer-question	0.3635	0.2717	0.2034	-0.094	-0.094	-0.08	4
Illinois	Contact	[0.44881889763779526, 0.434, 0.5406824146981627, 0.448]	[0.08398950131233596, 0.529, 0.16404199475065617, 0.544]	no-link	answer-question	0.4567	0.3648	0.2848	-0.095	-0.096	-0.081	4
Illinois	%	[0.44881889763779526, 0.434, 0.5406824146981627, 0.448]	[0.5485564304461942, 0.577, 0.5616797900262467, 0.594]	no-link	answer-answer	-0.0079	-0.0997	-0.1129	-0.143	-0.146	-0.129	4
Illinois	90	[0.44881889763779526, 0.434, 0.5406824146981627, 0.448]	[0.3937007874015748, 0.578, 0.4199475065616798, 0.595]	no-link	answer-answer	0.147	0.0551	0.0289	-0.144	-0.147	-0.13	4
Illinois	10	[0.44881889763779526, 0.434, 0.5406824146981627, 0.448]	[0.5275590551181102, 0.578, 0.5511811023622047, 0.595]	no-link	answer-answer	0.0131	-0.0787	-0.1024	-0.144	-0.147	-0.13	4
Illinois	White	[0.44881889763779526, 0.434, 0.5406824146981627, 0.448]	[0.4356955380577428, 0.58, 0.494750656167979, 0.594]	no-link	answer-answer	0.105	0.0131	-0.0459	-0.146	-0.146	-0.132	4
Beauty	Pageant	[0.5485564304461942, 0.434, 0.6141732283464567, 0.451]	[0.6272965879265092, 0.434, 0.7020997375328084, 0.452]	word-word	answer-answer	0.1535	0.0	0.0787	0.001	0.0131	0.018	4
Beauty	312/	[0.5485564304461942, 0.434, 0.6141732283464567, 0.451]	[0.6706036745406824, 0.522, 0.7125984251968503, 0.537]	no-link	answer-answer	-0.0564	-0.122	-0.164	-0.088	-0.086	-0.071	4
Beauty	426	[0.5485564304461942, 0.434, 0.6141732283464567, 0.451]	[0.7125984251968503, 0.522, 0.7454068241469817, 0.537]	no-link	answer-answer	-0.0984	-0.164	-0.1969	-0.088	-0.086	-0.071	4
Beauty	-	[0.5485564304461942, 0.434, 0.6141732283464567, 0.451]	[0.7427821522309711, 0.522, 0.7611548556430446, 0.537]	no-link	answer-answer	-0.1286	-0.1942	-0.2126	-0.088	-0.086	-0.071	4
Beauty	Joy	[0.5485564304461942, 0.434, 0.6141732283464567, 0.451]	[0.43832020997375326, 0.524, 0.473753280839895, 0.539]	no-link	answer-answer	0.1759	0.1102	0.0748	-0.09	-0.088	-0.073	4
Beauty	Weathers	[0.5485564304461942, 0.434, 0.6141732283464567, 0.451]	[0.4816272965879265, 0.524, 0.5774278215223098, 0.537]	no-link	answer-answer	0.1325	0.0669	-0.0289	-0.09	-0.086	-0.073	4
Beauty	Ms.	[0.5485564304461942, 0.434, 0.6141732283464567, 0.451]	[0.3937007874015748, 0.525, 0.42650918635170604, 0.539]	no-link	answer-answer	0.2205	0.1549	0.122	-0.091	-0.088	-0.074	4
Beauty	(Name/	[0.5485564304461942, 0.434, 0.6141732283464567, 0.451]	[0.17716535433070865, 0.528, 0.24540682414698162, 0.542]	no-link	answer-question	0.437	0.3714	0.3031	-0.094	-0.091	-0.077	4
Beauty	Contact	[0.5485564304461942, 0.434, 0.6141732283464567, 0.451]	[0.08398950131233596, 0.529, 0.16404199475065617, 0.544]	no-link	answer-question	0.5302	0.4646	0.3845	-0.095	-0.093	-0.078	4
Beauty	%	[0.5485564304461942, 0.434, 0.6141732283464567, 0.451]	[0.5485564304461942, 0.577, 0.5616797900262467, 0.594]	no-link	answer-answer	0.0656	0.0	-0.0131	-0.143	-0.143	-0.126	4
Beauty	90	[0.5485564304461942, 0.434, 0.6141732283464567, 0.451]	[0.3937007874015748, 0.578, 0.4199475065616798, 0.595]	no-link	answer-answer	0.2205	0.1549	0.1286	-0.144	-0.144	-0.127	4
Beauty	10	[0.5485564304461942, 0.434, 0.6141732283464567, 0.451]	[0.5275590551181102, 0.578, 0.5511811023622047, 0.595]	no-link	answer-answer	0.0866	0.021	-0.0026	-0.144	-0.144	-0.127	4
Beauty	White	[0.5485564304461942, 0.434, 0.6141732283464567, 0.451]	[0.4356955380577428, 0.58, 0.494750656167979, 0.594]	no-link	answer-answer	0.1785	0.1129	0.0538	-0.146	-0.143	-0.129	4
Beauty	Black	[0.5485564304461942, 0.434, 0.6141732283464567, 0.451]	[0.5695538057742782, 0.58, 0.6286089238845144, 0.594]	no-link	answer-answer	0.0446	-0.021	-0.0801	-0.146	-0.143	-0.129	4
Name	Contact	[0.07874015748031496, 0.443, 0.1325459317585302, 0.46]	[0.08398950131233596, 0.529, 0.16404199475065617, 0.544]	line-line	question-question	0.0853	0.086	0.0052	0.084	-0.0486	0.101	4
Name	of	[0.07874015748031496, 0.443, 0.1325459317585302, 0.46]	[0.13910761154855644, 0.443, 0.16272965879265092, 0.456]	no-link	question-question	-0.0066	-0.0604	-0.084	0.0	0.004	0.017	4
Name	(Sales)	[0.07874015748031496, 0.443, 0.1325459317585302, 0.46]	[0.5853018372703412, 0.521, 0.6601049868766404, 0.539]	no-link	question-answer	-0.4528	-0.5066	-0.5814	-0.078	-0.079	-0.061	4
Name	312/	[0.07874015748031496, 0.443, 0.1325459317585302, 0.46]	[0.6706036745406824, 0.522, 0.7125984251968503, 0.537]	no-link	question-answer	-0.5381	-0.5919	-0.6339	-0.079	-0.077	-0.062	4
Name	426	[0.07874015748031496, 0.443, 0.1325459317585302, 0.46]	[0.7125984251968503, 0.522, 0.7454068241469817, 0.537]	no-link	question-answer	-0.5801	-0.6339	-0.6667	-0.079	-0.077	-0.062	4
Name	-	[0.07874015748031496, 0.443, 0.1325459317585302, 0.46]	[0.7427821522309711, 0.522, 0.7611548556430446, 0.537]	no-link	question-answer	-0.6102	-0.664	-0.6824	-0.079	-0.077	-0.062	4
Name	Joy	[0.07874015748031496, 0.443, 0.1325459317585302, 0.46]	[0.43832020997375326, 0.524, 0.473753280839895, 0.539]	no-link	question-answer	-0.3058	-0.3596	-0.395	-0.081	-0.079	-0.064	4
Name	Weathers	[0.07874015748031496, 0.443, 0.1325459317585302, 0.46]	[0.4816272965879265, 0.524, 0.5774278215223098, 0.537]	no-link	question-answer	-0.3491	-0.4029	-0.4987	-0.081	-0.077	-0.064	4
Name	Ms.	[0.07874015748031496, 0.443, 0.1325459317585302, 0.46]	[0.3937007874015748, 0.525, 0.42650918635170604, 0.539]	no-link	question-answer	-0.2612	-0.315	-0.3478	-0.082	-0.079	-0.065	4
Name	(Name/	[0.07874015748031496, 0.443, 0.1325459317585302, 0.46]	[0.17716535433070865, 0.528, 0.24540682414698162, 0.542]	no-link	question-question	-0.0446	-0.0984	-0.1667	-0.085	-0.082	-0.068	4
Name	%	[0.07874015748031496, 0.443, 0.1325459317585302, 0.46]	[0.5485564304461942, 0.577, 0.5616797900262467, 0.594]	no-link	question-answer	-0.416	-0.4698	-0.4829	-0.134	-0.134	-0.117	4
Name	90	[0.07874015748031496, 0.443, 0.1325459317585302, 0.46]	[0.3937007874015748, 0.578, 0.4199475065616798, 0.595]	no-link	question-answer	-0.2612	-0.315	-0.3412	-0.135	-0.135	-0.118	4
Name	10	[0.07874015748031496, 0.443, 0.1325459317585302, 0.46]	[0.5275590551181102, 0.578, 0.5511811023622047, 0.595]	no-link	question-answer	-0.395	-0.4488	-0.4724	-0.135	-0.135	-0.118	4
Name	White	[0.07874015748031496, 0.443, 0.1325459317585302, 0.46]	[0.4356955380577428, 0.58, 0.494750656167979, 0.594]	no-link	question-answer	-0.3031	-0.357	-0.416	-0.137	-0.134	-0.12	4
Name	Black	[0.07874015748031496, 0.443, 0.1325459317585302, 0.46]	[0.5695538057742782, 0.58, 0.6286089238845144, 0.594]	no-link	question-answer	-0.437	-0.4908	-0.5499	-0.137	-0.134	-0.12	4
Name	of	[0.07874015748031496, 0.443, 0.1325459317585302, 0.46]	[0.13910761154855644, 0.443, 0.16272965879265092, 0.456]	word-word	question-question	0.084	0.0	0.0604	-0.004	0.0066	0.013	4
Name	Audience	[0.07874015748031496, 0.443, 0.1325459317585302, 0.46]	[0.08398950131233596, 0.585, 0.17979002624671916, 0.599]	no-link	question-question	0.0486	-0.0052	-0.101	-0.142	-0.139	-0.125	4
of	Event:	[0.13910761154855644, 0.443, 0.16272965879265092, 0.456]	[0.17191601049868765, 0.441, 0.24015748031496062, 0.456]	word-word	question-question	0.101	-0.002	0.0328	0.0	0.0092	0.013	4
of	Weathers	[0.13910761154855644, 0.443, 0.16272965879265092, 0.456]	[0.4816272965879265, 0.524, 0.5774278215223098, 0.537]	no-link	question-answer	-0.3189	-0.3425	-0.4383	-0.081	-0.081	-0.068	4
of	Ms.	[0.13910761154855644, 0.443, 0.16272965879265092, 0.456]	[0.3937007874015748, 0.525, 0.42650918635170604, 0.539]	no-link	question-answer	-0.231	-0.2546	-0.2874	-0.082	-0.083	-0.069	4
of	(Name/	[0.13910761154855644, 0.443, 0.16272965879265092, 0.456]	[0.17716535433070865, 0.528, 0.24540682414698162, 0.542]	no-link	question-question	-0.0144	-0.0381	-0.1063	-0.085	-0.086	-0.072	4
of	Contact	[0.13910761154855644, 0.443, 0.16272965879265092, 0.456]	[0.08398950131233596, 0.529, 0.16404199475065617, 0.544]	no-link	question-question	0.0787	0.0551	-0.0249	-0.086	-0.088	-0.073	4
of	%	[0.13910761154855644, 0.443, 0.16272965879265092, 0.456]	[0.5485564304461942, 0.577, 0.5616797900262467, 0.594]	no-link	question-answer	-0.3858	-0.4094	-0.4226	-0.134	-0.138	-0.121	4
of	90	[0.13910761154855644, 0.443, 0.16272965879265092, 0.456]	[0.3937007874015748, 0.578, 0.4199475065616798, 0.595]	no-link	question-answer	-0.231	-0.2546	-0.2808	-0.135	-0.139	-0.122	4
of	10	[0.13910761154855644, 0.443, 0.16272965879265092, 0.456]	[0.5275590551181102, 0.578, 0.5511811023622047, 0.595]	no-link	question-answer	-0.3648	-0.3885	-0.4121	-0.135	-0.139	-0.122	4
of	White	[0.13910761154855644, 0.443, 0.16272965879265092, 0.456]	[0.4356955380577428, 0.58, 0.494750656167979, 0.594]	no-link	question-answer	-0.273	-0.2966	-0.3556	-0.137	-0.138	-0.124	4
of	Black	[0.13910761154855644, 0.443, 0.16272965879265092, 0.456]	[0.5695538057742782, 0.58, 0.6286089238845144, 0.594]	no-link	question-answer	-0.4068	-0.4304	-0.4895	-0.137	-0.138	-0.124	4
of	Audience	[0.13910761154855644, 0.443, 0.16272965879265092, 0.456]	[0.08398950131233596, 0.585, 0.17979002624671916, 0.599]	no-link	question-question	0.0787	0.0551	-0.0407	-0.142	-0.143	-0.129	4
Name	Mrs.	[0.07874015748031496, 0.443, 0.1325459317585302, 0.46]	[0.38976377952755903, 0.433, 0.43963254593175854, 0.451]	question-answer	question-answer	0.3609	-0.01	0.311	-0.009	0.2572	0.008	4
Name	category	[0.07874015748031496, 0.443, 0.1325459317585302, 0.46]	[0.442257217847769, 0.605, 0.531496062992126, 0.625]	no-link	question-answer	-0.3097	-0.3635	-0.4528	-0.162	-0.165	-0.145	4
(Sales)	312/	[0.5853018372703412, 0.521, 0.6601049868766404, 0.539]	[0.6706036745406824, 0.522, 0.7125984251968503, 0.537]	word-word	answer-answer	0.1273	0.001	0.0853	-0.002	0.0105	0.016	5
(Sales)	426	[0.5853018372703412, 0.521, 0.6601049868766404, 0.539]	[0.7125984251968503, 0.522, 0.7454068241469817, 0.537]	no-link	answer-answer	-0.0525	-0.1273	-0.1601	-0.001	0.002	0.017	5
(Sales)	-	[0.5853018372703412, 0.521, 0.6601049868766404, 0.539]	[0.7427821522309711, 0.522, 0.7611548556430446, 0.537]	no-link	answer-answer	-0.0827	-0.1575	-0.1759	-0.001	0.002	0.017	5
(Sales)	Joy	[0.5853018372703412, 0.521, 0.6601049868766404, 0.539]	[0.43832020997375326, 0.524, 0.473753280839895, 0.539]	no-link	answer-answer	0.2218	0.147	0.1115	-0.003	0.0	0.015	5
(Sales)	Weathers	[0.5853018372703412, 0.521, 0.6601049868766404, 0.539]	[0.4816272965879265, 0.524, 0.5774278215223098, 0.537]	no-link	answer-answer	0.1785	0.1037	0.0079	-0.003	0.002	0.015	5
(Sales)	Ms.	[0.5853018372703412, 0.521, 0.6601049868766404, 0.539]	[0.3937007874015748, 0.525, 0.42650918635170604, 0.539]	no-link	answer-answer	0.2664	0.1916	0.1588	-0.004	0.0	0.014	5
(Sales)	(Name/	[0.5853018372703412, 0.521, 0.6601049868766404, 0.539]	[0.17716535433070865, 0.528, 0.24540682414698162, 0.542]	no-link	answer-question	0.4829	0.4081	0.3399	-0.007	-0.003	0.011	5
(Sales)	Contact	[0.5853018372703412, 0.521, 0.6601049868766404, 0.539]	[0.08398950131233596, 0.529, 0.16404199475065617, 0.544]	no-link	answer-question	0.5761	0.5013	0.4213	-0.008	-0.005	0.01	5
(Sales)	%	[0.5853018372703412, 0.521, 0.6601049868766404, 0.539]	[0.5485564304461942, 0.577, 0.5616797900262467, 0.594]	no-link	answer-answer	0.1115	0.0367	0.0236	-0.056	-0.055	-0.038	5
(Sales)	90	[0.5853018372703412, 0.521, 0.6601049868766404, 0.539]	[0.3937007874015748, 0.578, 0.4199475065616798, 0.595]	no-link	answer-answer	0.2664	0.1916	0.1654	-0.057	-0.056	-0.039	5
(Sales)	10	[0.5853018372703412, 0.521, 0.6601049868766404, 0.539]	[0.5275590551181102, 0.578, 0.5511811023622047, 0.595]	no-link	answer-answer	0.1325	0.0577	0.0341	-0.057	-0.056	-0.039	5
(Sales)	White	[0.5853018372703412, 0.521, 0.6601049868766404, 0.539]	[0.4356955380577428, 0.58, 0.494750656167979, 0.594]	no-link	answer-answer	0.2244	0.1496	0.0906	-0.059	-0.055	-0.041	5
(Sales)	Black	[0.5853018372703412, 0.521, 0.6601049868766404, 0.539]	[0.5695538057742782, 0.58, 0.6286089238845144, 0.594]	no-link	answer-answer	0.0906	0.0157	-0.0433	-0.059	-0.055	-0.041	5
(Sales)	Audience	[0.5853018372703412, 0.521, 0.6601049868766404, 0.539]	[0.08398950131233596, 0.585, 0.17979002624671916, 0.599]	no-link	answer-question	0.5761	0.5013	0.4055	-0.064	-0.06	-0.046	5
(Sales)	category	[0.5853018372703412, 0.521, 0.6601049868766404, 0.539]	[0.442257217847769, 0.605, 0.531496062992126, 0.625]	no-link	answer-answer	0.2178	0.143	0.0538	-0.084	-0.086	-0.066	5
(Sales)	yrs.	[0.5853018372703412, 0.521, 0.6601049868766404, 0.539]	[0.5721784776902887, 0.605, 0.6167979002624672, 0.622]	no-link	answer-answer	0.0879	0.0131	-0.0315	-0.084	-0.083	-0.066	5
312/	426	[0.6706036745406824, 0.522, 0.7125984251968503, 0.537]	[0.7125984251968503, 0.522, 0.7454068241469817, 0.537]	word-word	answer-answer	0.0748	0.0	0.042	0.0	0.0	0.015	5
312/	-	[0.6706036745406824, 0.522, 0.7125984251968503, 0.537]	[0.7427821522309711, 0.522, 0.7611548556430446, 0.537]	no-link	answer-answer	-0.0302	-0.0722	-0.0906	0.0	0.0	0.015	5
312/	Joy	[0.6706036745406824, 0.522, 0.7125984251968503, 0.537]	[0.43832020997375326, 0.524, 0.473753280839895, 0.539]	no-link	answer-answer	0.2743	0.2323	0.1969	-0.002	-0.002	0.013	5
312/	Weathers	[0.6706036745406824, 0.522, 0.7125984251968503, 0.537]	[0.4816272965879265, 0.524, 0.5774278215223098, 0.537]	no-link	answer-answer	0.231	0.189	0.0932	-0.002	0.0	0.013	5
312/	Ms.	[0.6706036745406824, 0.522, 0.7125984251968503, 0.537]	[0.3937007874015748, 0.525, 0.42650918635170604, 0.539]	no-link	answer-answer	0.3189	0.2769	0.2441	-0.003	-0.002	0.012	5
312/	(Name/	[0.6706036745406824, 0.522, 0.7125984251968503, 0.537]	[0.17716535433070865, 0.528, 0.24540682414698162, 0.542]	no-link	answer-question	0.5354	0.4934	0.4252	-0.006	-0.005	0.009	5
312/	Contact	[0.6706036745406824, 0.522, 0.7125984251968503, 0.537]	[0.08398950131233596, 0.529, 0.16404199475065617, 0.544]	no-link	answer-question	0.6286	0.5866	0.5066	-0.007	-0.007	0.008	5
312/	%	[0.6706036745406824, 0.522, 0.7125984251968503, 0.537]	[0.5485564304461942, 0.577, 0.5616797900262467, 0.594]	no-link	answer-answer	0.164	0.122	0.1089	-0.055	-0.057	-0.04	5
312/	90	[0.6706036745406824, 0.522, 0.7125984251968503, 0.537]	[0.3937007874015748, 0.578, 0.4199475065616798, 0.595]	no-link	answer-answer	0.3189	0.2769	0.2507	-0.056	-0.058	-0.041	5
312/	10	[0.6706036745406824, 0.522, 0.7125984251968503, 0.537]	[0.5275590551181102, 0.578, 0.5511811023622047, 0.595]	no-link	answer-answer	0.185	0.143	0.1194	-0.056	-0.058	-0.041	5
312/	White	[0.6706036745406824, 0.522, 0.7125984251968503, 0.537]	[0.4356955380577428, 0.58, 0.494750656167979, 0.594]	no-link	answer-answer	0.2769	0.2349	0.1759	-0.058	-0.057	-0.043	5
312/	Black	[0.6706036745406824, 0.522, 0.7125984251968503, 0.537]	[0.5695538057742782, 0.58, 0.6286089238845144, 0.594]	no-link	answer-answer	0.143	0.101	0.042	-0.058	-0.057	-0.043	5
312/	Audience	[0.6706036745406824, 0.522, 0.7125984251968503, 0.537]	[0.08398950131233596, 0.585, 0.17979002624671916, 0.599]	no-link	answer-question	0.6286	0.5866	0.4908	-0.063	-0.062	-0.048	5
312/	category	[0.6706036745406824, 0.522, 0.7125984251968503, 0.537]	[0.442257217847769, 0.605, 0.531496062992126, 0.625]	no-link	answer-answer	0.2703	0.2283	0.1391	-0.083	-0.088	-0.068	5
312/	yrs.	[0.6706036745406824, 0.522, 0.7125984251968503, 0.537]	[0.5721784776902887, 0.605, 0.6167979002624672, 0.622]	no-link	answer-answer	0.1404	0.0984	0.0538	-0.083	-0.085	-0.068	5
312/	45	[0.6706036745406824, 0.522, 0.7125984251968503, 0.537]	[0.6614173228346457, 0.605, 0.6850393700787402, 0.62]	no-link	answer-answer	0.0512	0.0092	-0.0144	-0.083	-0.083	-0.068	5
426	-	[0.7125984251968503, 0.522, 0.7454068241469817, 0.537]	[0.7427821522309711, 0.522, 0.7611548556430446, 0.537]	word-word	answer-answer	0.0486	0.0	0.0302	0.0	-0.0026	0.015	5
426	Joy	[0.7125984251968503, 0.522, 0.7454068241469817, 0.537]	[0.43832020997375326, 0.524, 0.473753280839895, 0.539]	no-link	answer-answer	0.3071	0.2743	0.2388	-0.002	-0.002	0.013	5
426	Weathers	[0.7125984251968503, 0.522, 0.7454068241469817, 0.537]	[0.4816272965879265, 0.524, 0.5774278215223098, 0.537]	no-link	answer-answer	0.2638	0.231	0.1352	-0.002	0.0	0.013	5
426	Ms.	[0.7125984251968503, 0.522, 0.7454068241469817, 0.537]	[0.3937007874015748, 0.525, 0.42650918635170604, 0.539]	no-link	answer-answer	0.3517	0.3189	0.2861	-0.003	-0.002	0.012	5
426	(Name/	[0.7125984251968503, 0.522, 0.7454068241469817, 0.537]	[0.17716535433070865, 0.528, 0.24540682414698162, 0.542]	no-link	answer-question	0.5682	0.5354	0.4672	-0.006	-0.005	0.009	5
426	Contact	[0.7125984251968503, 0.522, 0.7454068241469817, 0.537]	[0.08398950131233596, 0.529, 0.16404199475065617, 0.544]	no-link	answer-question	0.6614	0.6286	0.5486	-0.007	-0.007	0.008	5
426	%	[0.7125984251968503, 0.522, 0.7454068241469817, 0.537]	[0.5485564304461942, 0.577, 0.5616797900262467, 0.594]	no-link	answer-answer	0.1969	0.164	0.1509	-0.055	-0.057	-0.04	5
426	90	[0.7125984251968503, 0.522, 0.7454068241469817, 0.537]	[0.3937007874015748, 0.578, 0.4199475065616798, 0.595]	no-link	answer-answer	0.3517	0.3189	0.2927	-0.056	-0.058	-0.041	5
426	10	[0.7125984251968503, 0.522, 0.7454068241469817, 0.537]	[0.5275590551181102, 0.578, 0.5511811023622047, 0.595]	no-link	answer-answer	0.2178	0.185	0.1614	-0.056	-0.058	-0.041	5
426	White	[0.7125984251968503, 0.522, 0.7454068241469817, 0.537]	[0.4356955380577428, 0.58, 0.494750656167979, 0.594]	no-link	answer-answer	0.3097	0.2769	0.2178	-0.058	-0.057	-0.043	5
426	Black	[0.7125984251968503, 0.522, 0.7454068241469817, 0.537]	[0.5695538057742782, 0.58, 0.6286089238845144, 0.594]	no-link	answer-answer	0.1759	0.143	0.084	-0.058	-0.057	-0.043	5
426	Audience	[0.7125984251968503, 0.522, 0.7454068241469817, 0.537]	[0.08398950131233596, 0.585, 0.17979002624671916, 0.599]	no-link	answer-question	0.6614	0.6286	0.5328	-0.063	-0.062	-0.048	5
426	category	[0.7125984251968503, 0.522, 0.7454068241469817, 0.537]	[0.442257217847769, 0.605, 0.531496062992126, 0.625]	no-link	answer-answer	0.3031	0.2703	0.1811	-0.083	-0.088	-0.068	5
426	yrs.	[0.7125984251968503, 0.522, 0.7454068241469817, 0.537]	[0.5721784776902887, 0.605, 0.6167979002624672, 0.622]	no-link	answer-answer	0.1732	0.1404	0.0958	-0.083	-0.085	-0.068	5
426	45	[0.7125984251968503, 0.522, 0.7454068241469817, 0.537]	[0.6614173228346457, 0.605, 0.6850393700787402, 0.62]	no-link	answer-answer	0.084	0.0512	0.0276	-0.083	-0.083	-0.068	5
426	21	[0.7125984251968503, 0.522, 0.7454068241469817, 0.537]	[0.536745406824147, 0.606, 0.5643044619422573, 0.62]	no-link	answer-answer	0.2087	0.1759	0.1483	-0.084	-0.083	-0.069	5
-	8000	[0.7427821522309711, 0.522, 0.7611548556430446, 0.537]	[0.7585301837270341, 0.522, 0.8044619422572179, 0.536]	word-word	answer-answer	0.0617	0.0	0.0157	-0.001	-0.0026	0.014	5
-	Weathers	[0.7427821522309711, 0.522, 0.7611548556430446, 0.537]	[0.4816272965879265, 0.524, 0.5774278215223098, 0.537]	no-link	answer-answer	0.2795	0.2612	0.1654	-0.002	0.0	0.013	5
-	Ms.	[0.7427821522309711, 0.522, 0.7611548556430446, 0.537]	[0.3937007874015748, 0.525, 0.42650918635170604, 0.539]	no-link	answer-answer	0.3675	0.3491	0.3163	-0.003	-0.002	0.012	5
-	(Name/	[0.7427821522309711, 0.522, 0.7611548556430446, 0.537]	[0.17716535433070865, 0.528, 0.24540682414698162, 0.542]	no-link	answer-question	0.584	0.5656	0.4974	-0.006	-0.005	0.009	5
-	Contact	[0.7427821522309711, 0.522, 0.7611548556430446, 0.537]	[0.08398950131233596, 0.529, 0.16404199475065617, 0.544]	no-link	answer-question	0.6772	0.6588	0.5787	-0.007	-0.007	0.008	5
-	%	[0.7427821522309711, 0.522, 0.7611548556430446, 0.537]	[0.5485564304461942, 0.577, 0.5616797900262467, 0.594]	no-link	answer-answer	0.2126	0.1942	0.1811	-0.055	-0.057	-0.04	5
-	90	[0.7427821522309711, 0.522, 0.7611548556430446, 0.537]	[0.3937007874015748, 0.578, 0.4199475065616798, 0.595]	no-link	answer-answer	0.3675	0.3491	0.3228	-0.056	-0.058	-0.041	5
-	10	[0.7427821522309711, 0.522, 0.7611548556430446, 0.537]	[0.5275590551181102, 0.578, 0.5511811023622047, 0.595]	no-link	answer-answer	0.2336	0.2152	0.1916	-0.056	-0.058	-0.041	5
-	White	[0.7427821522309711, 0.522, 0.7611548556430446, 0.537]	[0.4356955380577428, 0.58, 0.494750656167979, 0.594]	no-link	answer-answer	0.3255	0.3071	0.248	-0.058	-0.057	-0.043	5
-	Black	[0.7427821522309711, 0.522, 0.7611548556430446, 0.537]	[0.5695538057742782, 0.58, 0.6286089238845144, 0.594]	no-link	answer-answer	0.1916	0.1732	0.1142	-0.058	-0.057	-0.043	5
-	Audience	[0.7427821522309711, 0.522, 0.7611548556430446, 0.537]	[0.08398950131233596, 0.585, 0.17979002624671916, 0.599]	no-link	answer-question	0.6772	0.6588	0.563	-0.063	-0.062	-0.048	5
-	category	[0.7427821522309711, 0.522, 0.7611548556430446, 0.537]	[0.442257217847769, 0.605, 0.531496062992126, 0.625]	no-link	answer-answer	0.3189	0.3005	0.2113	-0.083	-0.088	-0.068	5
-	yrs.	[0.7427821522309711, 0.522, 0.7611548556430446, 0.537]	[0.5721784776902887, 0.605, 0.6167979002624672, 0.622]	no-link	answer-answer	0.189	0.1706	0.126	-0.083	-0.085	-0.068	5
-	45	[0.7427821522309711, 0.522, 0.7611548556430446, 0.537]	[0.6614173228346457, 0.605, 0.6850393700787402, 0.62]	no-link	answer-answer	0.0997	0.0814	0.0577	-0.083	-0.083	-0.068	5
-	21	[0.7427821522309711, 0.522, 0.7611548556430446, 0.537]	[0.536745406824147, 0.606, 0.5643044619422573, 0.62]	no-link	answer-answer	0.2244	0.206	0.1785	-0.084	-0.083	-0.069	5
-	to	[0.7427821522309711, 0.522, 0.7611548556430446, 0.537]	[0.6286089238845144, 0.608, 0.6561679790026247, 0.623]	no-link	answer-answer	0.1325	0.1142	0.0866	-0.086	-0.086	-0.071	5
Joy	Weathers	[0.43832020997375326, 0.524, 0.473753280839895, 0.539]	[0.4816272965879265, 0.524, 0.5774278215223098, 0.537]	word-word	answer-answer	0.1391	0.0	0.0433	-0.002	0.0079	0.013	5
Joy	Ms.	[0.43832020997375326, 0.524, 0.473753280839895, 0.539]	[0.3937007874015748, 0.525, 0.42650918635170604, 0.539]	no-link	answer-answer	0.0801	0.0446	0.0118	-0.001	0.0	0.014	5
Joy	(Name/	[0.43832020997375326, 0.524, 0.473753280839895, 0.539]	[0.17716535433070865, 0.528, 0.24540682414698162, 0.542]	no-link	answer-question	0.2966	0.2612	0.1929	-0.004	-0.003	0.011	5
Joy	Contact	[0.43832020997375326, 0.524, 0.473753280839895, 0.539]	[0.08398950131233596, 0.529, 0.16404199475065617, 0.544]	no-link	answer-question	0.3898	0.3543	0.2743	-0.005	-0.005	0.01	5
Joy	%	[0.43832020997375326, 0.524, 0.473753280839895, 0.539]	[0.5485564304461942, 0.577, 0.5616797900262467, 0.594]	no-link	answer-answer	-0.0748	-0.1102	-0.1234	-0.053	-0.055	-0.038	5
Joy	90	[0.43832020997375326, 0.524, 0.473753280839895, 0.539]	[0.3937007874015748, 0.578, 0.4199475065616798, 0.595]	no-link	answer-answer	0.0801	0.0446	0.0184	-0.054	-0.056	-0.039	5
Joy	10	[0.43832020997375326, 0.524, 0.473753280839895, 0.539]	[0.5275590551181102, 0.578, 0.5511811023622047, 0.595]	no-link	answer-answer	-0.0538	-0.0892	-0.1129	-0.054	-0.056	-0.039	5
Joy	White	[0.43832020997375326, 0.524, 0.473753280839895, 0.539]	[0.4356955380577428, 0.58, 0.494750656167979, 0.594]	no-link	answer-answer	0.0381	0.0026	-0.0564	-0.056	-0.055	-0.041	5
Joy	-	[0.43832020997375326, 0.524, 0.473753280839895, 0.539]	[0.5026246719160105, 0.58, 0.520997375328084, 0.591]	no-link	answer-answer	-0.0289	-0.0643	-0.0827	-0.056	-0.052	-0.041	5
Joy	Black	[0.43832020997375326, 0.524, 0.473753280839895, 0.539]	[0.5695538057742782, 0.58, 0.6286089238845144, 0.594]	no-link	answer-answer	-0.0958	-0.1312	-0.1903	-0.056	-0.055	-0.041	5
Joy	Audience	[0.43832020997375326, 0.524, 0.473753280839895, 0.539]	[0.08398950131233596, 0.585, 0.17979002624671916, 0.599]	no-link	answer-question	0.3898	0.3543	0.2585	-0.061	-0.06	-0.046	5
Joy	category	[0.43832020997375326, 0.524, 0.473753280839895, 0.539]	[0.442257217847769, 0.605, 0.531496062992126, 0.625]	no-link	answer-answer	0.0315	-0.0039	-0.0932	-0.081	-0.086	-0.066	5
Joy	yrs.	[0.43832020997375326, 0.524, 0.473753280839895, 0.539]	[0.5721784776902887, 0.605, 0.6167979002624672, 0.622]	no-link	answer-answer	-0.0984	-0.1339	-0.1785	-0.081	-0.083	-0.066	5
Joy	45	[0.43832020997375326, 0.524, 0.473753280839895, 0.539]	[0.6614173228346457, 0.605, 0.6850393700787402, 0.62]	no-link	answer-answer	-0.1877	-0.2231	-0.2467	-0.081	-0.081	-0.066	5
Joy	21	[0.43832020997375326, 0.524, 0.473753280839895, 0.539]	[0.536745406824147, 0.606, 0.5643044619422573, 0.62]	no-link	answer-answer	-0.063	-0.0984	-0.126	-0.082	-0.081	-0.067	5
Joy	to	[0.43832020997375326, 0.524, 0.473753280839895, 0.539]	[0.6286089238845144, 0.608, 0.6561679790026247, 0.623]	no-link	answer-answer	-0.1549	-0.1903	-0.2178	-0.084	-0.084	-0.069	5
Joy	Age	[0.43832020997375326, 0.524, 0.473753280839895, 0.539]	[0.39763779527559057, 0.609, 0.4343832020997375, 0.624]	no-link	answer-answer	0.0761	0.0407	0.0039	-0.085	-0.085	-0.07	5
Weathers	(Sales)	[0.4816272965879265, 0.524, 0.5774278215223098, 0.537]	[0.5853018372703412, 0.521, 0.6601049868766404, 0.539]	word-word	answer-answer	0.1785	-0.003	0.1037	0.002	0.0079	0.015	5
Weathers	(Name/	[0.4816272965879265, 0.524, 0.5774278215223098, 0.537]	[0.17716535433070865, 0.528, 0.24540682414698162, 0.542]	no-link	answer-question	0.4003	0.3045	0.2362	-0.004	-0.005	0.009	5
Weathers	Contact	[0.4816272965879265, 0.524, 0.5774278215223098, 0.537]	[0.08398950131233596, 0.529, 0.16404199475065617, 0.544]	no-link	answer-question	0.4934	0.3976	0.3176	-0.005	-0.007	0.008	5
Weathers	%	[0.4816272965879265, 0.524, 0.5774278215223098, 0.537]	[0.5485564304461942, 0.577, 0.5616797900262467, 0.594]	no-link	answer-answer	0.0289	-0.0669	-0.0801	-0.053	-0.057	-0.04	5
Weathers	90	[0.4816272965879265, 0.524, 0.5774278215223098, 0.537]	[0.3937007874015748, 0.578, 0.4199475065616798, 0.595]	no-link	answer-answer	0.1837	0.0879	0.0617	-0.054	-0.058	-0.041	5
Weathers	10	[0.4816272965879265, 0.524, 0.5774278215223098, 0.537]	[0.5275590551181102, 0.578, 0.5511811023622047, 0.595]	no-link	answer-answer	0.0499	-0.0459	-0.0696	-0.054	-0.058	-0.041	5
Weathers	White	[0.4816272965879265, 0.524, 0.5774278215223098, 0.537]	[0.4356955380577428, 0.58, 0.494750656167979, 0.594]	no-link	answer-answer	0.1417	0.0459	-0.0131	-0.056	-0.057	-0.043	5
Weathers	-	[0.4816272965879265, 0.524, 0.5774278215223098, 0.537]	[0.5026246719160105, 0.58, 0.520997375328084, 0.591]	no-link	answer-answer	0.0748	-0.021	-0.0394	-0.056	-0.054	-0.043	5
Weathers	Black	[0.4816272965879265, 0.524, 0.5774278215223098, 0.537]	[0.5695538057742782, 0.58, 0.6286089238845144, 0.594]	no-link	answer-answer	0.0079	-0.0879	-0.147	-0.056	-0.057	-0.043	5
Weathers	Audience	[0.4816272965879265, 0.524, 0.5774278215223098, 0.537]	[0.08398950131233596, 0.585, 0.17979002624671916, 0.599]	no-link	answer-question	0.4934	0.3976	0.3018	-0.061	-0.062	-0.048	5
Weathers	category	[0.4816272965879265, 0.524, 0.5774278215223098, 0.537]	[0.442257217847769, 0.605, 0.531496062992126, 0.625]	no-link	answer-answer	0.1352	0.0394	-0.0499	-0.081	-0.088	-0.068	5
Weathers	yrs.	[0.4816272965879265, 0.524, 0.5774278215223098, 0.537]	[0.5721784776902887, 0.605, 0.6167979002624672, 0.622]	no-link	answer-answer	0.0052	-0.0906	-0.1352	-0.081	-0.085	-0.068	5
Weathers	45	[0.4816272965879265, 0.524, 0.5774278215223098, 0.537]	[0.6614173228346457, 0.605, 0.6850393700787402, 0.62]	no-link	answer-answer	-0.084	-0.1798	-0.2034	-0.081	-0.083	-0.068	5
Weathers	21	[0.4816272965879265, 0.524, 0.5774278215223098, 0.537]	[0.536745406824147, 0.606, 0.5643044619422573, 0.62]	no-link	answer-answer	0.0407	-0.0551	-0.0827	-0.082	-0.083	-0.069	5
Weathers	to	[0.4816272965879265, 0.524, 0.5774278215223098, 0.537]	[0.6286089238845144, 0.608, 0.6561679790026247, 0.623]	no-link	answer-answer	-0.0512	-0.147	-0.1745	-0.084	-0.086	-0.071	5
Weathers	Age	[0.4816272965879265, 0.524, 0.5774278215223098, 0.537]	[0.39763779527559057, 0.609, 0.4343832020997375, 0.624]	no-link	answer-answer	0.1798	0.084	0.0472	-0.085	-0.087	-0.072	5
Ms.	Joy	[0.3937007874015748, 0.525, 0.42650918635170604, 0.539]	[0.43832020997375326, 0.524, 0.473753280839895, 0.539]	word-word	answer-answer	0.0801	-0.001	0.0446	0.0	0.0118	0.014	5
Ms.	Contact	[0.3937007874015748, 0.525, 0.42650918635170604, 0.539]	[0.08398950131233596, 0.529, 0.16404199475065617, 0.544]	no-link	answer-question	0.3425	0.3097	0.2297	-0.004	-0.005	0.01	5
Ms.	%	[0.3937007874015748, 0.525, 0.42650918635170604, 0.539]	[0.5485564304461942, 0.577, 0.5616797900262467, 0.594]	no-link	answer-answer	-0.122	-0.1549	-0.168	-0.052	-0.055	-0.038	5
Ms.	90	[0.3937007874015748, 0.525, 0.42650918635170604, 0.539]	[0.3937007874015748, 0.578, 0.4199475065616798, 0.595]	no-link	answer-answer	0.0328	0.0	-0.0262	-0.053	-0.056	-0.039	5
Ms.	10	[0.3937007874015748, 0.525, 0.42650918635170604, 0.539]	[0.5275590551181102, 0.578, 0.5511811023622047, 0.595]	no-link	answer-answer	-0.101	-0.1339	-0.1575	-0.053	-0.056	-0.039	5
Ms.	White	[0.3937007874015748, 0.525, 0.42650918635170604, 0.539]	[0.4356955380577428, 0.58, 0.494750656167979, 0.594]	no-link	answer-answer	-0.0092	-0.042	-0.101	-0.055	-0.055	-0.041	5
Ms.	-	[0.3937007874015748, 0.525, 0.42650918635170604, 0.539]	[0.5026246719160105, 0.58, 0.520997375328084, 0.591]	no-link	answer-answer	-0.0761	-0.1089	-0.1273	-0.055	-0.052	-0.041	5
Ms.	Black	[0.3937007874015748, 0.525, 0.42650918635170604, 0.539]	[0.5695538057742782, 0.58, 0.6286089238845144, 0.594]	no-link	answer-answer	-0.143	-0.1759	-0.2349	-0.055	-0.055	-0.041	5
Ms.	Audience	[0.3937007874015748, 0.525, 0.42650918635170604, 0.539]	[0.08398950131233596, 0.585, 0.17979002624671916, 0.599]	no-link	answer-question	0.3425	0.3097	0.2139	-0.06	-0.06	-0.046	5
Ms.	category	[0.3937007874015748, 0.525, 0.42650918635170604, 0.539]	[0.442257217847769, 0.605, 0.531496062992126, 0.625]	no-link	answer-answer	-0.0157	-0.0486	-0.1378	-0.08	-0.086	-0.066	5
Ms.	yrs.	[0.3937007874015748, 0.525, 0.42650918635170604, 0.539]	[0.5721784776902887, 0.605, 0.6167979002624672, 0.622]	no-link	answer-answer	-0.1457	-0.1785	-0.2231	-0.08	-0.083	-0.066	5
Ms.	45	[0.3937007874015748, 0.525, 0.42650918635170604, 0.539]	[0.6614173228346457, 0.605, 0.6850393700787402, 0.62]	no-link	answer-answer	-0.2349	-0.2677	-0.2913	-0.08	-0.081	-0.066	5
Ms.	21	[0.3937007874015748, 0.525, 0.42650918635170604, 0.539]	[0.536745406824147, 0.606, 0.5643044619422573, 0.62]	no-link	answer-answer	-0.1102	-0.143	-0.1706	-0.081	-0.081	-0.067	5
Ms.	to	[0.3937007874015748, 0.525, 0.42650918635170604, 0.539]	[0.6286089238845144, 0.608, 0.6561679790026247, 0.623]	no-link	answer-answer	-0.2021	-0.2349	-0.2625	-0.083	-0.084	-0.069	5
Ms.	Age	[0.3937007874015748, 0.525, 0.42650918635170604, 0.539]	[0.39763779527559057, 0.609, 0.4343832020997375, 0.624]	no-link	answer-answer	0.0289	-0.0039	-0.0407	-0.084	-0.085	-0.07	5
(Name/	Telephone):	[0.17716535433070865, 0.528, 0.24540682414698162, 0.542]	[0.2440944881889764, 0.525, 0.36876640419947504, 0.542]	word-word	question-question	0.1916	-0.003	0.0669	0.0	-0.0013	0.014	5
(Name/	Contact	[0.17716535433070865, 0.528, 0.24540682414698162, 0.542]	[0.08398950131233596, 0.529, 0.16404199475065617, 0.544]	no-link	question-question	0.1614	0.0932	0.0131	-0.001	-0.002	0.013	5
(Name/	%	[0.17716535433070865, 0.528, 0.24540682414698162, 0.542]	[0.5485564304461942, 0.577, 0.5616797900262467, 0.594]	no-link	question-answer	-0.3031	-0.3714	-0.3845	-0.049	-0.052	-0.035	5
(Name/	90	[0.17716535433070865, 0.528, 0.24540682414698162, 0.542]	[0.3937007874015748, 0.578, 0.4199475065616798, 0.595]	no-link	question-answer	-0.1483	-0.2165	-0.2428	-0.05	-0.053	-0.036	5
(Name/	10	[0.17716535433070865, 0.528, 0.24540682414698162, 0.542]	[0.5275590551181102, 0.578, 0.5511811023622047, 0.595]	no-link	question-answer	-0.2822	-0.3504	-0.374	-0.05	-0.053	-0.036	5
(Name/	White	[0.17716535433070865, 0.528, 0.24540682414698162, 0.542]	[0.4356955380577428, 0.58, 0.494750656167979, 0.594]	no-link	question-answer	-0.1903	-0.2585	-0.3176	-0.052	-0.052	-0.038	5
(Name/	-	[0.17716535433070865, 0.528, 0.24540682414698162, 0.542]	[0.5026246719160105, 0.58, 0.520997375328084, 0.591]	no-link	question-answer	-0.2572	-0.3255	-0.3438	-0.052	-0.049	-0.038	5
(Name/	Black	[0.17716535433070865, 0.528, 0.24540682414698162, 0.542]	[0.5695538057742782, 0.58, 0.6286089238845144, 0.594]	no-link	question-answer	-0.3241	-0.3924	-0.4514	-0.052	-0.052	-0.038	5
(Name/	Audience	[0.17716535433070865, 0.528, 0.24540682414698162, 0.542]	[0.08398950131233596, 0.585, 0.17979002624671916, 0.599]	no-link	question-question	0.1614	0.0932	-0.0026	-0.057	-0.057	-0.043	5
(Name/	category	[0.17716535433070865, 0.528, 0.24540682414698162, 0.542]	[0.442257217847769, 0.605, 0.531496062992126, 0.625]	no-link	question-answer	-0.1969	-0.2651	-0.3543	-0.077	-0.083	-0.063	5
(Name/	yrs.	[0.17716535433070865, 0.528, 0.24540682414698162, 0.542]	[0.5721784776902887, 0.605, 0.6167979002624672, 0.622]	no-link	question-answer	-0.3268	-0.395	-0.4396	-0.077	-0.08	-0.063	5
(Name/	45	[0.17716535433070865, 0.528, 0.24540682414698162, 0.542]	[0.6614173228346457, 0.605, 0.6850393700787402, 0.62]	no-link	question-answer	-0.416	-0.4843	-0.5079	-0.077	-0.078	-0.063	5
(Name/	21	[0.17716535433070865, 0.528, 0.24540682414698162, 0.542]	[0.536745406824147, 0.606, 0.5643044619422573, 0.62]	no-link	question-answer	-0.2913	-0.3596	-0.3871	-0.078	-0.078	-0.064	5
(Name/	to	[0.17716535433070865, 0.528, 0.24540682414698162, 0.542]	[0.6286089238845144, 0.608, 0.6561679790026247, 0.623]	no-link	question-answer	-0.3832	-0.4514	-0.479	-0.08	-0.081	-0.066	5
(Name/	Age	[0.17716535433070865, 0.528, 0.24540682414698162, 0.542]	[0.39763779527559057, 0.609, 0.4343832020997375, 0.624]	no-link	question-answer	-0.1522	-0.2205	-0.2572	-0.081	-0.082	-0.067	5
Contact	Audience	[0.08398950131233596, 0.529, 0.16404199475065617, 0.544]	[0.08398950131233596, 0.585, 0.17979002624671916, 0.599]	line-line	question-question	0.0958	0.056	0.0	0.055	-0.0801	0.07	5
Contact	%	[0.08398950131233596, 0.529, 0.16404199475065617, 0.544]	[0.5485564304461942, 0.577, 0.5616797900262467, 0.594]	no-link	question-answer	-0.3845	-0.4646	-0.4777	-0.048	-0.05	-0.033	5
Contact	90	[0.08398950131233596, 0.529, 0.16404199475065617, 0.544]	[0.3937007874015748, 0.578, 0.4199475065616798, 0.595]	no-link	question-answer	-0.2297	-0.3097	-0.336	-0.049	-0.051	-0.034	5
Contact	10	[0.08398950131233596, 0.529, 0.16404199475065617, 0.544]	[0.5275590551181102, 0.578, 0.5511811023622047, 0.595]	no-link	question-answer	-0.3635	-0.4436	-0.4672	-0.049	-0.051	-0.034	5
Contact	White	[0.08398950131233596, 0.529, 0.16404199475065617, 0.544]	[0.4356955380577428, 0.58, 0.494750656167979, 0.594]	no-link	question-answer	-0.2717	-0.3517	-0.4108	-0.051	-0.05	-0.036	5
Contact	-	[0.08398950131233596, 0.529, 0.16404199475065617, 0.544]	[0.5026246719160105, 0.58, 0.520997375328084, 0.591]	no-link	question-answer	-0.3386	-0.4186	-0.437	-0.051	-0.047	-0.036	5
Contact	Black	[0.08398950131233596, 0.529, 0.16404199475065617, 0.544]	[0.5695538057742782, 0.58, 0.6286089238845144, 0.594]	no-link	question-answer	-0.4055	-0.4856	-0.5446	-0.051	-0.05	-0.036	5
Contact	category	[0.08398950131233596, 0.529, 0.16404199475065617, 0.544]	[0.442257217847769, 0.605, 0.531496062992126, 0.625]	no-link	question-answer	-0.2782	-0.3583	-0.4475	-0.076	-0.081	-0.061	5
Contact	yrs.	[0.08398950131233596, 0.529, 0.16404199475065617, 0.544]	[0.5721784776902887, 0.605, 0.6167979002624672, 0.622]	no-link	question-answer	-0.4081	-0.4882	-0.5328	-0.076	-0.078	-0.061	5
Contact	45	[0.08398950131233596, 0.529, 0.16404199475065617, 0.544]	[0.6614173228346457, 0.605, 0.6850393700787402, 0.62]	no-link	question-answer	-0.4974	-0.5774	-0.601	-0.076	-0.076	-0.061	5
Contact	21	[0.08398950131233596, 0.529, 0.16404199475065617, 0.544]	[0.536745406824147, 0.606, 0.5643044619422573, 0.62]	no-link	question-answer	-0.3727	-0.4528	-0.4803	-0.077	-0.076	-0.062	5
Contact	to	[0.08398950131233596, 0.529, 0.16404199475065617, 0.544]	[0.6286089238845144, 0.608, 0.6561679790026247, 0.623]	no-link	question-answer	-0.4646	-0.5446	-0.5722	-0.079	-0.079	-0.064	5
Contact	Age	[0.08398950131233596, 0.529, 0.16404199475065617, 0.544]	[0.39763779527559057, 0.609, 0.4343832020997375, 0.624]	no-link	question-answer	-0.2336	-0.3136	-0.3504	-0.08	-0.08	-0.065	5
Contact	(Name/	[0.08398950131233596, 0.529, 0.16404199475065617, 0.544]	[0.17716535433070865, 0.528, 0.24540682414698162, 0.542]	word-word	question-question	0.1614	-0.001	0.0932	-0.002	0.0131	0.013	5
Contact	Ms.	[0.08398950131233596, 0.529, 0.16404199475065617, 0.544]	[0.3937007874015748, 0.525, 0.42650918635170604, 0.539]	question-answer	question-answer	0.3425	-0.004	0.3097	-0.005	0.2297	0.01	5
%	Black	[0.5485564304461942, 0.577, 0.5616797900262467, 0.594]	[0.5695538057742782, 0.58, 0.6286089238845144, 0.594]	word-word	answer-answer	0.0801	0.003	0.021	0.0	0.0079	0.017	6
%	10	[0.5485564304461942, 0.577, 0.5616797900262467, 0.594]	[0.5275590551181102, 0.578, 0.5511811023622047, 0.595]	no-link	answer-answer	0.0341	0.021	-0.0026	-0.001	-0.001	0.016	6
%	White	[0.5485564304461942, 0.577, 0.5616797900262467, 0.594]	[0.4356955380577428, 0.58, 0.494750656167979, 0.594]	no-link	answer-answer	0.126	0.1129	0.0538	-0.003	0.0	0.014	6
%	-	[0.5485564304461942, 0.577, 0.5616797900262467, 0.594]	[0.5026246719160105, 0.58, 0.520997375328084, 0.591]	no-link	answer-answer	0.0591	0.0459	0.0276	-0.003	0.003	0.014	6
%	Audience	[0.5485564304461942, 0.577, 0.5616797900262467, 0.594]	[0.08398950131233596, 0.585, 0.17979002624671916, 0.599]	no-link	answer-question	0.4777	0.4646	0.3688	-0.008	-0.005	0.009	6
%	category	[0.5485564304461942, 0.577, 0.5616797900262467, 0.594]	[0.442257217847769, 0.605, 0.531496062992126, 0.625]	no-link	answer-answer	0.1194	0.1063	0.0171	-0.028	-0.031	-0.011	6
%	yrs.	[0.5485564304461942, 0.577, 0.5616797900262467, 0.594]	[0.5721784776902887, 0.605, 0.6167979002624672, 0.622]	no-link	answer-answer	-0.0105	-0.0236	-0.0682	-0.028	-0.028	-0.011	6
%	45	[0.5485564304461942, 0.577, 0.5616797900262467, 0.594]	[0.6614173228346457, 0.605, 0.6850393700787402, 0.62]	no-link	answer-answer	-0.0997	-0.1129	-0.1365	-0.028	-0.026	-0.011	6
%	21	[0.5485564304461942, 0.577, 0.5616797900262467, 0.594]	[0.536745406824147, 0.606, 0.5643044619422573, 0.62]	no-link	answer-answer	0.0249	0.0118	-0.0157	-0.029	-0.026	-0.012	6
%	to	[0.5485564304461942, 0.577, 0.5616797900262467, 0.594]	[0.6286089238845144, 0.608, 0.6561679790026247, 0.623]	no-link	answer-answer	-0.0669	-0.0801	-0.1076	-0.031	-0.029	-0.014	6
%	Age	[0.5485564304461942, 0.577, 0.5616797900262467, 0.594]	[0.39763779527559057, 0.609, 0.4343832020997375, 0.624]	no-link	answer-answer	0.164	0.1509	0.1142	-0.032	-0.03	-0.015	6
90	%	[0.3937007874015748, 0.578, 0.4199475065616798, 0.595]	[0.4199475065616798, 0.581, 0.4330708661417323, 0.596]	word-word	answer-answer	0.0394	0.003	0.0262	0.001	0.0	0.018	6
90	White	[0.3937007874015748, 0.578, 0.4199475065616798, 0.595]	[0.4356955380577428, 0.58, 0.494750656167979, 0.594]	no-link	answer-answer	-0.0157	-0.042	-0.101	-0.002	0.001	0.015	6
90	-	[0.3937007874015748, 0.578, 0.4199475065616798, 0.595]	[0.5026246719160105, 0.58, 0.520997375328084, 0.591]	no-link	answer-answer	-0.0827	-0.1089	-0.1273	-0.002	0.004	0.015	6
90	Black	[0.3937007874015748, 0.578, 0.4199475065616798, 0.595]	[0.5695538057742782, 0.58, 0.6286089238845144, 0.594]	no-link	answer-answer	-0.1496	-0.1759	-0.2349	-0.002	0.001	0.015	6
90	Audience	[0.3937007874015748, 0.578, 0.4199475065616798, 0.595]	[0.08398950131233596, 0.585, 0.17979002624671916, 0.599]	no-link	answer-question	0.336	0.3097	0.2139	-0.007	-0.004	0.01	6
90	category	[0.3937007874015748, 0.578, 0.4199475065616798, 0.595]	[0.442257217847769, 0.605, 0.531496062992126, 0.625]	no-link	answer-answer	-0.0223	-0.0486	-0.1378	-0.027	-0.03	-0.01	6
90	yrs.	[0.3937007874015748, 0.578, 0.4199475065616798, 0.595]	[0.5721784776902887, 0.605, 0.6167979002624672, 0.622]	no-link	answer-answer	-0.1522	-0.1785	-0.2231	-0.027	-0.027	-0.01	6
90	45	[0.3937007874015748, 0.578, 0.4199475065616798, 0.595]	[0.6614173228346457, 0.605, 0.6850393700787402, 0.62]	no-link	answer-answer	-0.2415	-0.2677	-0.2913	-0.027	-0.025	-0.01	6
90	21	[0.3937007874015748, 0.578, 0.4199475065616798, 0.595]	[0.536745406824147, 0.606, 0.5643044619422573, 0.62]	no-link	answer-answer	-0.1168	-0.143	-0.1706	-0.028	-0.025	-0.011	6
90	to	[0.3937007874015748, 0.578, 0.4199475065616798, 0.595]	[0.6286089238845144, 0.608, 0.6561679790026247, 0.623]	no-link	answer-answer	-0.2087	-0.2349	-0.2625	-0.03	-0.028	-0.013	6
90	Age	[0.3937007874015748, 0.578, 0.4199475065616798, 0.595]	[0.39763779527559057, 0.609, 0.4343832020997375, 0.624]	no-link	answer-answer	0.0223	-0.0039	-0.0407	-0.031	-0.029	-0.014	6
10	%	[0.5275590551181102, 0.578, 0.5511811023622047, 0.595]	[0.5485564304461942, 0.577, 0.5616797900262467, 0.594]	word-word	answer-answer	0.0341	-0.001	0.021	-0.001	-0.0026	0.016	6
10	-	[0.5275590551181102, 0.578, 0.5511811023622047, 0.595]	[0.5026246719160105, 0.58, 0.520997375328084, 0.591]	no-link	answer-answer	0.0486	0.0249	0.0066	-0.002	0.004	0.015	6
10	Black	[0.5275590551181102, 0.578, 0.5511811023622047, 0.595]	[0.5695538057742782, 0.58, 0.6286089238845144, 0.594]	no-link	answer-answer	-0.0184	-0.042	-0.101	-0.002	0.001	0.015	6
10	Audience	[0.5275590551181102, 0.578, 0.5511811023622047, 0.595]	[0.08398950131233596, 0.585, 0.17979002624671916, 0.599]	no-link	answer-question	0.4672	0.4436	0.3478	-0.007	-0.004	0.01	6
10	category	[0.5275590551181102, 0.578, 0.5511811023622047, 0.595]	[0.442257217847769, 0.605, 0.531496062992126, 0.625]	no-link	answer-answer	0.1089	0.0853	-0.0039	-0.027	-0.03	-0.01	6
10	yrs.	[0.5275590551181102, 0.578, 0.5511811023622047, 0.595]	[0.5721784776902887, 0.605, 0.6167979002624672, 0.622]	no-link	answer-answer	-0.021	-0.0446	-0.0892	-0.027	-0.027	-0.01	6
10	45	[0.5275590551181102, 0.578, 0.5511811023622047, 0.595]	[0.6614173228346457, 0.605, 0.6850393700787402, 0.62]	no-link	answer-answer	-0.1102	-0.1339	-0.1575	-0.027	-0.025	-0.01	6
10	21	[0.5275590551181102, 0.578, 0.5511811023622047, 0.595]	[0.536745406824147, 0.606, 0.5643044619422573, 0.62]	no-link	answer-answer	0.0144	-0.0092	-0.0367	-0.028	-0.025	-0.011	6
10	to	[0.5275590551181102, 0.578, 0.5511811023622047, 0.595]	[0.6286089238845144, 0.608, 0.6561679790026247, 0.623]	no-link	answer-answer	-0.0774	-0.101	-0.1286	-0.03	-0.028	-0.013	6
10	Age	[0.5275590551181102, 0.578, 0.5511811023622047, 0.595]	[0.39763779527559057, 0.609, 0.4343832020997375, 0.624]	no-link	answer-answer	0.1535	0.1299	0.0932	-0.031	-0.029	-0.014	6
White	-	[0.4356955380577428, 0.58, 0.494750656167979, 0.594]	[0.5026246719160105, 0.58, 0.520997375328084, 0.591]	word-word	answer-answer	0.0853	0.0	0.0669	-0.003	0.0079	0.011	6
White	Black	[0.4356955380577428, 0.58, 0.494750656167979, 0.594]	[0.5695538057742782, 0.58, 0.6286089238845144, 0.594]	no-link	answer-answer	-0.0748	-0.1339	-0.1929	0.0	0.0	0.014	6
White	%	[0.4356955380577428, 0.58, 0.494750656167979, 0.594]	[0.4199475065616798, 0.581, 0.4330708661417323, 0.596]	no-link	answer-answer	0.0748	0.0157	0.0026	-0.001	-0.002	0.013	6
White	Audience	[0.4356955380577428, 0.58, 0.494750656167979, 0.594]	[0.08398950131233596, 0.585, 0.17979002624671916, 0.599]	no-link	answer-question	0.4108	0.3517	0.2559	-0.005	-0.005	0.009	6
White	category	[0.4356955380577428, 0.58, 0.494750656167979, 0.594]	[0.442257217847769, 0.605, 0.531496062992126, 0.625]	no-link	answer-answer	0.0525	-0.0066	-0.0958	-0.025	-0.031	-0.011	6
White	yrs.	[0.4356955380577428, 0.58, 0.494750656167979, 0.594]	[0.5721784776902887, 0.605, 0.6167979002624672, 0.622]	no-link	answer-answer	-0.0774	-0.1365	-0.1811	-0.025	-0.028	-0.011	6
White	45	[0.4356955380577428, 0.58, 0.494750656167979, 0.594]	[0.6614173228346457, 0.605, 0.6850393700787402, 0.62]	no-link	answer-answer	-0.1667	-0.2257	-0.2493	-0.025	-0.026	-0.011	6
White	21	[0.4356955380577428, 0.58, 0.494750656167979, 0.594]	[0.536745406824147, 0.606, 0.5643044619422573, 0.62]	no-link	answer-answer	-0.042	-0.101	-0.1286	-0.026	-0.026	-0.012	6
White	to	[0.4356955380577428, 0.58, 0.494750656167979, 0.594]	[0.6286089238845144, 0.608, 0.6561679790026247, 0.623]	no-link	answer-answer	-0.1339	-0.1929	-0.2205	-0.028	-0.029	-0.014	6
White	Age	[0.4356955380577428, 0.58, 0.494750656167979, 0.594]	[0.39763779527559057, 0.609, 0.4343832020997375, 0.624]	no-link	answer-answer	0.0971	0.0381	0.0013	-0.029	-0.03	-0.015	6
-	10	[0.5026246719160105, 0.58, 0.520997375328084, 0.591]	[0.5275590551181102, 0.578, 0.5511811023622047, 0.595]	word-word	answer-answer	0.0486	-0.002	0.0249	0.004	0.0066	0.015	6
-	Age	[0.5026246719160105, 0.58, 0.520997375328084, 0.591]	[0.39763779527559057, 0.609, 0.4343832020997375, 0.624]	no-link	answer-answer	0.1234	0.105	0.0682	-0.029	-0.033	-0.018	6
Black	Age	[0.5695538057742782, 0.58, 0.6286089238845144, 0.594]	[0.39763779527559057, 0.609, 0.4343832020997375, 0.624]	word-word	answer-answer	-0.1352	0.029	-0.1719	0.03	-0.231	0.044	6
Black	Audience	[0.5695538057742782, 0.58, 0.6286089238845144, 0.594]	[0.08398950131233596, 0.585, 0.17979002624671916, 0.599]	no-link	answer-question	0.5446	0.4856	0.3898	-0.005	-0.005	0.009	6
Black	category	[0.5695538057742782, 0.58, 0.6286089238845144, 0.594]	[0.442257217847769, 0.605, 0.531496062992126, 0.625]	no-link	answer-answer	0.1864	0.1273	0.0381	-0.025	-0.031	-0.011	6
Black	yrs.	[0.5695538057742782, 0.58, 0.6286089238845144, 0.594]	[0.5721784776902887, 0.605, 0.6167979002624672, 0.622]	no-link	answer-answer	0.0564	-0.0026	-0.0472	-0.025	-0.028	-0.011	6
Black	45	[0.5695538057742782, 0.58, 0.6286089238845144, 0.594]	[0.6614173228346457, 0.605, 0.6850393700787402, 0.62]	no-link	answer-answer	-0.0328	-0.0919	-0.1155	-0.025	-0.026	-0.011	6
Black	21	[0.5695538057742782, 0.58, 0.6286089238845144, 0.594]	[0.536745406824147, 0.606, 0.5643044619422573, 0.62]	no-link	answer-answer	0.0919	0.0328	0.0052	-0.026	-0.026	-0.012	6
Black	to	[0.5695538057742782, 0.58, 0.6286089238845144, 0.594]	[0.6286089238845144, 0.608, 0.6561679790026247, 0.623]	no-link	answer-answer	0.0	-0.0591	-0.0866	-0.028	-0.029	-0.014	6
%	White	[0.4199475065616798, 0.581, 0.4330708661417323, 0.596]	[0.4356955380577428, 0.58, 0.494750656167979, 0.594]	word-word	answer-answer	0.0748	-0.001	0.0157	-0.002	0.0026	0.013	6
Audience	Concentration	[0.08398950131233596, 0.585, 0.17979002624671916, 0.599]	[0.18503937007874016, 0.584, 0.3425196850393701, 0.599]	word-word	question-question	0.2585	-0.001	0.101	0.0	0.0052	0.014	6
Audience	category	[0.08398950131233596, 0.585, 0.17979002624671916, 0.599]	[0.442257217847769, 0.605, 0.531496062992126, 0.625]	no-link	question-answer	-0.2625	-0.3583	-0.4475	-0.02	-0.026	-0.006	6
Audience	yrs.	[0.08398950131233596, 0.585, 0.17979002624671916, 0.599]	[0.5721784776902887, 0.605, 0.6167979002624672, 0.622]	no-link	question-answer	-0.3924	-0.4882	-0.5328	-0.02	-0.023	-0.006	6
Audience	45	[0.08398950131233596, 0.585, 0.17979002624671916, 0.599]	[0.6614173228346457, 0.605, 0.6850393700787402, 0.62]	no-link	question-answer	-0.4816	-0.5774	-0.601	-0.02	-0.021	-0.006	6
Audience	21	[0.08398950131233596, 0.585, 0.17979002624671916, 0.599]	[0.536745406824147, 0.606, 0.5643044619422573, 0.62]	no-link	question-answer	-0.357	-0.4528	-0.4803	-0.021	-0.021	-0.007	6
Audience	to	[0.08398950131233596, 0.585, 0.17979002624671916, 0.599]	[0.6286089238845144, 0.608, 0.6561679790026247, 0.623]	no-link	question-answer	-0.4488	-0.5446	-0.5722	-0.023	-0.024	-0.009	6
Audience	Age	[0.08398950131233596, 0.585, 0.17979002624671916, 0.599]	[0.39763779527559057, 0.609, 0.4343832020997375, 0.624]	no-link	question-answer	-0.2178	-0.3136	-0.3504	-0.024	-0.025	-0.01	6
Audience	90	[0.08398950131233596, 0.585, 0.17979002624671916, 0.599]	[0.3937007874015748, 0.578, 0.4199475065616798, 0.595]	question-answer	question-answer	0.336	-0.007	0.3097	-0.004	0.2139	0.01	6
category	21	[0.442257217847769, 0.605, 0.531496062992126, 0.625]	[0.536745406824147, 0.606, 0.5643044619422573, 0.62]	word-word	answer-answer	0.122	0.001	0.0945	-0.005	0.0052	0.015	6
category	45	[0.442257217847769, 0.605, 0.531496062992126, 0.625]	[0.6614173228346457, 0.605, 0.6850393700787402, 0.62]	no-link	answer-answer	-0.1299	-0.2192	-0.2428	0.0	0.005	0.02	6
category	to	[0.442257217847769, 0.605, 0.531496062992126, 0.625]	[0.6286089238845144, 0.608, 0.6561679790026247, 0.623]	no-link	answer-answer	-0.0971	-0.1864	-0.2139	-0.003	0.002	0.017	6
category	Age	[0.442257217847769, 0.605, 0.531496062992126, 0.625]	[0.39763779527559057, 0.609, 0.4343832020997375, 0.624]	no-link	answer-answer	0.1339	0.0446	0.0079	-0.004	0.001	0.016	6
yrs.	to	[0.5721784776902887, 0.605, 0.6167979002624672, 0.622]	[0.6286089238845144, 0.608, 0.6561679790026247, 0.623]	word-word	answer-answer	0.084	0.003	0.0564	0.001	0.0118	0.018	6
yrs.	21	[0.5721784776902887, 0.605, 0.6167979002624672, 0.622]	[0.536745406824147, 0.606, 0.5643044619422573, 0.62]	no-link	answer-answer	0.0801	0.0354	0.0079	-0.001	0.002	0.016	6
yrs.	Age	[0.5721784776902887, 0.605, 0.6167979002624672, 0.622]	[0.39763779527559057, 0.609, 0.4343832020997375, 0.624]	no-link	answer-answer	0.2192	0.1745	0.1378	-0.004	-0.002	0.013	6
45	yrs.	[0.6614173228346457, 0.605, 0.6850393700787402, 0.62]	[0.6929133858267716, 0.608, 0.7349081364829396, 0.622]	word-word	answer-answer	0.0735	0.003	0.0315	0.002	0.0079	0.017	6
45	to	[0.6614173228346457, 0.605, 0.6850393700787402, 0.62]	[0.6286089238845144, 0.608, 0.6561679790026247, 0.623]	no-link	answer-answer	0.0564	0.0328	0.0052	-0.003	-0.003	0.012	6
45	Age	[0.6614173228346457, 0.605, 0.6850393700787402, 0.62]	[0.39763779527559057, 0.609, 0.4343832020997375, 0.624]	no-link	answer-answer	0.2874	0.2638	0.227	-0.004	-0.004	0.011	6
21	yrs.	[0.536745406824147, 0.606, 0.5643044619422573, 0.62]	[0.5721784776902887, 0.605, 0.6167979002624672, 0.622]	word-word	answer-answer	0.0801	-0.001	0.0354	0.002	0.0079	0.016	6
21	Age	[0.536745406824147, 0.606, 0.5643044619422573, 0.62]	[0.39763779527559057, 0.609, 0.4343832020997375, 0.624]	no-link	answer-answer	0.1667	0.1391	0.1024	-0.003	-0.004	0.011	6
to	45	[0.6286089238845144, 0.608, 0.6561679790026247, 0.623]	[0.6614173228346457, 0.605, 0.6850393700787402, 0.62]	word-word	answer-answer	0.0564	-0.003	0.0328	-0.003	0.0052	0.012	6
Age	category	[0.39763779527559057, 0.609, 0.4343832020997375, 0.624]	[0.442257217847769, 0.605, 0.531496062992126, 0.625]	word-word	answer-answer	0.1339	-0.004	0.0446	0.001	0.0079	0.016	6
