Batten,	CLIENT	[0.3700787401574803, 0.057, 0.46194225721784776, 0.082]	[0.27296587926509186, 0.145, 0.32808398950131235, 0.159]	line-line	header-question	-0.042	0.088	-0.0971	0.077	-0.189	0.102	0
Batten,	Durstine	[0.3700787401574803, 0.057, 0.46194225721784776, 0.082]	[0.5813648293963255, 0.06, 0.6889763779527559, 0.085]	no-link	header-header	-0.1194	-0.2113	-0.3189	-0.003	-0.003	0.022	0
Batten,	&	[0.3700787401574803, 0.057, 0.46194225721784776, 0.082]	[0.7007874015748031, 0.06, 0.7283464566929134, 0.08]	no-link	header-header	-0.2388	-0.3307	-0.3583	-0.003	0.002	0.022	0
Batten,	Osborn	[0.3700787401574803, 0.057, 0.46194225721784776, 0.082]	[0.7388451443569554, 0.06, 0.8372703412073491, 0.082]	no-link	header-header	-0.2769	-0.3688	-0.4672	-0.003	0.0	0.022	0
Batten,	Barton,	[0.3700787401574803, 0.057, 0.46194225721784776, 0.082]	[0.46981627296587924, 0.063, 0.568241469816273, 0.087]	no-link	header-header	-0.0079	-0.0997	-0.1982	-0.006	-0.005	0.019	0
Batten,	INCORPORATED	[0.3700787401574803, 0.057, 0.46194225721784776, 0.082]	[0.5577427821522309, 0.084, 0.6627296587926509, 0.098]	no-link	header-header	-0.0958	-0.1877	-0.2927	-0.027	-0.016	-0.002	0
Batten,	CHANGE	[0.3700787401574803, 0.057, 0.46194225721784776, 0.082]	[0.2742782152230971, 0.106, 0.44881889763779526, 0.13]	no-link	header-header	0.1877	0.0958	-0.0787	-0.049	-0.048	-0.024	0
Batten,	IN	[0.3700787401574803, 0.057, 0.46194225721784776, 0.082]	[0.47112860892388453, 0.106, 0.5223097112860893, 0.127]	no-link	header-header	-0.0092	-0.101	-0.1522	-0.049	-0.045	-0.024	0
Batten,	RADIO	[0.3700787401574803, 0.057, 0.46194225721784776, 0.082]	[0.5538057742782152, 0.106, 0.6916010498687664, 0.131]	no-link	header-header	-0.0919	-0.1837	-0.3215	-0.049	-0.049	-0.024	0
Batten,	(LUCKY	[0.3700787401574803, 0.057, 0.46194225721784776, 0.082]	[0.6916010498687664, 0.134, 0.7506561679790026, 0.155]	no-link	header-answer	-0.2297	-0.3215	-0.3806	-0.077	-0.073	-0.052	0
Batten,	THE	[0.3700787401574803, 0.057, 0.46194225721784776, 0.082]	[0.40551181102362205, 0.135, 0.4435695538057743, 0.155]	no-link	header-answer	0.0564	-0.0354	-0.0735	-0.078	-0.073	-0.053	0
Batten,	AMERICAN	[0.3700787401574803, 0.057, 0.46194225721784776, 0.082]	[0.442257217847769, 0.137, 0.526246719160105, 0.152]	no-link	header-answer	0.0197	-0.0722	-0.1562	-0.08	-0.07	-0.055	0
Batten,	TOBACCO	[0.3700787401574803, 0.057, 0.46194225721784776, 0.082]	[0.5236220472440944, 0.137, 0.594488188976378, 0.154]	no-link	header-answer	-0.0617	-0.1535	-0.2244	-0.08	-0.072	-0.055	0
Batten,	COMPANY	[0.3700787401574803, 0.057, 0.46194225721784776, 0.082]	[0.5997375328083989, 0.137, 0.6771653543307087, 0.154]	no-link	header-answer	-0.1378	-0.2297	-0.3071	-0.08	-0.072	-0.055	0
Batten,	1/2	[0.3700787401574803, 0.057, 0.46194225721784776, 0.082]	[0.410761154855643, 0.165, 0.4461942257217848, 0.179]	no-link	header-answer	0.0512	-0.0407	-0.0761	-0.108	-0.097	-0.083	0
Batten,	HOUR	[0.3700787401574803, 0.057, 0.46194225721784776, 0.082]	[0.44750656167979, 0.166, 0.484251968503937, 0.18]	no-link	header-answer	0.0144	-0.0774	-0.1142	-0.109	-0.098	-0.084	0
Batten,	PROGRAM	[0.3700787401574803, 0.057, 0.46194225721784776, 0.082]	[0.27165354330708663, 0.172, 0.34908136482939633, 0.183]	no-link	header-question	0.1903	0.0984	0.021	-0.115	-0.101	-0.09	0
Batten,	LOUISVILLE,	[0.3700787401574803, 0.057, 0.46194225721784776, 0.082]	[0.489501312335958, 0.191, 0.5918635170603674, 0.209]	no-link	header-answer	-0.0276	-0.1194	-0.2218	-0.134	-0.127	-0.109	0
Batten,	Barton,	[0.3700787401574803, 0.057, 0.46194225721784776, 0.082]	[0.46981627296587924, 0.063, 0.568241469816273, 0.087]	word-word	header-header	0.1982	0.006	0.0997	0.005	0.0079	0.03	0
Batten,	WHAS	[0.3700787401574803, 0.057, 0.46194225721784776, 0.082]	[0.40551181102362205, 0.193, 0.45013123359580054, 0.21]	no-link	header-answer	0.0564	-0.0354	-0.0801	-0.136	-0.128	-0.111	0
Durstine	&	[0.5813648293963255, 0.06, 0.6889763779527559, 0.085]	[0.7007874015748031, 0.06, 0.7283464566929134, 0.08]	word-word	header-header	0.147	0.0	0.1194	-0.005	0.0118	0.02	0
Durstine	Osborn	[0.5813648293963255, 0.06, 0.6889763779527559, 0.085]	[0.7388451443569554, 0.06, 0.8372703412073491, 0.082]	no-link	header-header	-0.0499	-0.1575	-0.2559	0.0	0.003	0.025	0
Durstine	Barton,	[0.5813648293963255, 0.06, 0.6889763779527559, 0.085]	[0.46981627296587924, 0.063, 0.568241469816273, 0.087]	no-link	header-header	0.2192	0.1115	0.0131	-0.003	-0.002	0.022	0
Durstine	INCORPORATED	[0.5813648293963255, 0.06, 0.6889763779527559, 0.085]	[0.5577427821522309, 0.084, 0.6627296587926509, 0.098]	no-link	header-header	0.1312	0.0236	-0.0814	-0.024	-0.013	0.001	0
Durstine	CHANGE	[0.5813648293963255, 0.06, 0.6889763779527559, 0.085]	[0.2742782152230971, 0.106, 0.44881889763779526, 0.13]	no-link	header-header	0.4147	0.3071	0.1325	-0.046	-0.045	-0.021	0
Durstine	IN	[0.5813648293963255, 0.06, 0.6889763779527559, 0.085]	[0.47112860892388453, 0.106, 0.5223097112860893, 0.127]	no-link	header-header	0.2178	0.1102	0.0591	-0.046	-0.042	-0.021	0
Durstine	RADIO	[0.5813648293963255, 0.06, 0.6889763779527559, 0.085]	[0.5538057742782152, 0.106, 0.6916010498687664, 0.131]	no-link	header-header	0.1352	0.0276	-0.1102	-0.046	-0.046	-0.021	0
Durstine	(LUCKY	[0.5813648293963255, 0.06, 0.6889763779527559, 0.085]	[0.6916010498687664, 0.134, 0.7506561679790026, 0.155]	no-link	header-answer	-0.0026	-0.1102	-0.1693	-0.074	-0.07	-0.049	0
Durstine	THE	[0.5813648293963255, 0.06, 0.6889763779527559, 0.085]	[0.40551181102362205, 0.135, 0.4435695538057743, 0.155]	no-link	header-answer	0.2835	0.1759	0.1378	-0.075	-0.07	-0.05	0
Durstine	AMERICAN	[0.5813648293963255, 0.06, 0.6889763779527559, 0.085]	[0.442257217847769, 0.137, 0.526246719160105, 0.152]	no-link	header-answer	0.2467	0.1391	0.0551	-0.077	-0.067	-0.052	0
Durstine	TOBACCO	[0.5813648293963255, 0.06, 0.6889763779527559, 0.085]	[0.5236220472440944, 0.137, 0.594488188976378, 0.154]	no-link	header-answer	0.1654	0.0577	-0.0131	-0.077	-0.069	-0.052	0
Durstine	COMPANY	[0.5813648293963255, 0.06, 0.6889763779527559, 0.085]	[0.5997375328083989, 0.137, 0.6771653543307087, 0.154]	no-link	header-answer	0.0892	-0.0184	-0.0958	-0.077	-0.069	-0.052	0
Durstine	CLIENT	[0.5813648293963255, 0.06, 0.6889763779527559, 0.085]	[0.27296587926509186, 0.145, 0.32808398950131235, 0.159]	no-link	header-question	0.416	0.3084	0.2533	-0.085	-0.074	-0.06	0
Durstine	1/2	[0.5813648293963255, 0.06, 0.6889763779527559, 0.085]	[0.410761154855643, 0.165, 0.4461942257217848, 0.179]	no-link	header-answer	0.2782	0.1706	0.1352	-0.105	-0.094	-0.08	0
Durstine	HOUR	[0.5813648293963255, 0.06, 0.6889763779527559, 0.085]	[0.44750656167979, 0.166, 0.484251968503937, 0.18]	no-link	header-answer	0.2415	0.1339	0.0971	-0.106	-0.095	-0.081	0
Durstine	PROGRAM	[0.5813648293963255, 0.06, 0.6889763779527559, 0.085]	[0.27165354330708663, 0.172, 0.34908136482939633, 0.183]	no-link	header-question	0.4173	0.3097	0.2323	-0.112	-0.098	-0.087	0
Durstine	LOUISVILLE,	[0.5813648293963255, 0.06, 0.6889763779527559, 0.085]	[0.489501312335958, 0.191, 0.5918635170603674, 0.209]	no-link	header-answer	0.1995	0.0919	-0.0105	-0.131	-0.124	-0.106	0
Durstine	WHAS	[0.5813648293963255, 0.06, 0.6889763779527559, 0.085]	[0.40551181102362205, 0.193, 0.45013123359580054, 0.21]	no-link	header-answer	0.2835	0.1759	0.1312	-0.133	-0.125	-0.108	0
Durstine	STATIONS	[0.5813648293963255, 0.06, 0.6889763779527559, 0.085]	[0.3241469816272966, 0.196, 0.3937007874015748, 0.207]	no-link	header-question	0.3648	0.2572	0.1877	-0.136	-0.122	-0.111	0
&	Osborn	[0.7007874015748031, 0.06, 0.7283464566929134, 0.08]	[0.7388451443569554, 0.06, 0.8372703412073491, 0.082]	word-word	header-header	0.1365	0.0	0.0381	0.002	0.0105	0.022	0
&	Barton,	[0.7007874015748031, 0.06, 0.7283464566929134, 0.08]	[0.46981627296587924, 0.063, 0.568241469816273, 0.087]	no-link	header-header	0.2585	0.231	0.1325	-0.003	-0.007	0.017	0
&	INCORPORATED	[0.7007874015748031, 0.06, 0.7283464566929134, 0.08]	[0.5577427821522309, 0.084, 0.6627296587926509, 0.098]	no-link	header-header	0.1706	0.143	0.0381	-0.024	-0.018	-0.004	0
&	CHANGE	[0.7007874015748031, 0.06, 0.7283464566929134, 0.08]	[0.2742782152230971, 0.106, 0.44881889763779526, 0.13]	no-link	header-header	0.4541	0.4265	0.252	-0.046	-0.05	-0.026	0
&	IN	[0.7007874015748031, 0.06, 0.7283464566929134, 0.08]	[0.47112860892388453, 0.106, 0.5223097112860893, 0.127]	no-link	header-header	0.2572	0.2297	0.1785	-0.046	-0.047	-0.026	0
&	RADIO	[0.7007874015748031, 0.06, 0.7283464566929134, 0.08]	[0.5538057742782152, 0.106, 0.6916010498687664, 0.131]	no-link	header-header	0.1745	0.147	0.0092	-0.046	-0.051	-0.026	0
&	(LUCKY	[0.7007874015748031, 0.06, 0.7283464566929134, 0.08]	[0.6916010498687664, 0.134, 0.7506561679790026, 0.155]	no-link	header-answer	0.0367	0.0092	-0.0499	-0.074	-0.075	-0.054	0
&	THE	[0.7007874015748031, 0.06, 0.7283464566929134, 0.08]	[0.40551181102362205, 0.135, 0.4435695538057743, 0.155]	no-link	header-answer	0.3228	0.2953	0.2572	-0.075	-0.075	-0.055	0
&	AMERICAN	[0.7007874015748031, 0.06, 0.7283464566929134, 0.08]	[0.442257217847769, 0.137, 0.526246719160105, 0.152]	no-link	header-answer	0.2861	0.2585	0.1745	-0.077	-0.072	-0.057	0
&	TOBACCO	[0.7007874015748031, 0.06, 0.7283464566929134, 0.08]	[0.5236220472440944, 0.137, 0.594488188976378, 0.154]	no-link	header-answer	0.2047	0.1772	0.1063	-0.077	-0.074	-0.057	0
&	COMPANY	[0.7007874015748031, 0.06, 0.7283464566929134, 0.08]	[0.5997375328083989, 0.137, 0.6771653543307087, 0.154]	no-link	header-answer	0.1286	0.101	0.0236	-0.077	-0.074	-0.057	0
&	CLIENT	[0.7007874015748031, 0.06, 0.7283464566929134, 0.08]	[0.27296587926509186, 0.145, 0.32808398950131235, 0.159]	no-link	header-question	0.4554	0.4278	0.3727	-0.085	-0.079	-0.065	0
&	1/2	[0.7007874015748031, 0.06, 0.7283464566929134, 0.08]	[0.410761154855643, 0.165, 0.4461942257217848, 0.179]	no-link	header-answer	0.3176	0.29	0.2546	-0.105	-0.099	-0.085	0
&	HOUR	[0.7007874015748031, 0.06, 0.7283464566929134, 0.08]	[0.44750656167979, 0.166, 0.484251968503937, 0.18]	no-link	header-answer	0.2808	0.2533	0.2165	-0.106	-0.1	-0.086	0
&	PROGRAM	[0.7007874015748031, 0.06, 0.7283464566929134, 0.08]	[0.27165354330708663, 0.172, 0.34908136482939633, 0.183]	no-link	header-question	0.4567	0.4291	0.3517	-0.112	-0.103	-0.092	0
&	LOUISVILLE,	[0.7007874015748031, 0.06, 0.7283464566929134, 0.08]	[0.489501312335958, 0.191, 0.5918635170603674, 0.209]	no-link	header-answer	0.2388	0.2113	0.1089	-0.131	-0.129	-0.111	0
&	WHAS	[0.7007874015748031, 0.06, 0.7283464566929134, 0.08]	[0.40551181102362205, 0.193, 0.45013123359580054, 0.21]	no-link	header-answer	0.3228	0.2953	0.2507	-0.133	-0.13	-0.113	0
&	STATIONS	[0.7007874015748031, 0.06, 0.7283464566929134, 0.08]	[0.3241469816272966, 0.196, 0.3937007874015748, 0.207]	no-link	header-question	0.4042	0.3766	0.3071	-0.136	-0.127	-0.116	0
Osborn	INCORPORATED	[0.7388451443569554, 0.06, 0.8372703412073491, 0.082]	[0.5577427821522309, 0.084, 0.6627296587926509, 0.098]	word-word	header-header	-0.0761	0.024	-0.1811	0.016	-0.2795	0.038	0
Osborn	CHANGE	[0.7388451443569554, 0.06, 0.8372703412073491, 0.082]	[0.2742782152230971, 0.106, 0.44881889763779526, 0.13]	no-link	header-header	0.563	0.4646	0.29	-0.046	-0.048	-0.024	0
Osborn	IN	[0.7388451443569554, 0.06, 0.8372703412073491, 0.082]	[0.47112860892388453, 0.106, 0.5223097112860893, 0.127]	no-link	header-header	0.3661	0.2677	0.2165	-0.046	-0.045	-0.024	0
Osborn	RADIO	[0.7388451443569554, 0.06, 0.8372703412073491, 0.082]	[0.5538057742782152, 0.106, 0.6916010498687664, 0.131]	no-link	header-header	0.2835	0.185	0.0472	-0.046	-0.049	-0.024	0
Osborn	(LUCKY	[0.7388451443569554, 0.06, 0.8372703412073491, 0.082]	[0.6916010498687664, 0.134, 0.7506561679790026, 0.155]	no-link	header-answer	0.1457	0.0472	-0.0118	-0.074	-0.073	-0.052	0
Osborn	THE	[0.7388451443569554, 0.06, 0.8372703412073491, 0.082]	[0.40551181102362205, 0.135, 0.4435695538057743, 0.155]	no-link	header-answer	0.4318	0.3333	0.2953	-0.075	-0.073	-0.053	0
Osborn	AMERICAN	[0.7388451443569554, 0.06, 0.8372703412073491, 0.082]	[0.442257217847769, 0.137, 0.526246719160105, 0.152]	no-link	header-answer	0.395	0.2966	0.2126	-0.077	-0.07	-0.055	0
Osborn	TOBACCO	[0.7388451443569554, 0.06, 0.8372703412073491, 0.082]	[0.5236220472440944, 0.137, 0.594488188976378, 0.154]	no-link	header-answer	0.3136	0.2152	0.1444	-0.077	-0.072	-0.055	0
Osborn	COMPANY	[0.7388451443569554, 0.06, 0.8372703412073491, 0.082]	[0.5997375328083989, 0.137, 0.6771653543307087, 0.154]	no-link	header-answer	0.2375	0.1391	0.0617	-0.077	-0.072	-0.055	0
Osborn	CLIENT	[0.7388451443569554, 0.06, 0.8372703412073491, 0.082]	[0.27296587926509186, 0.145, 0.32808398950131235, 0.159]	no-link	header-question	0.5643	0.4659	0.4108	-0.085	-0.077	-0.063	0
Osborn	1/2	[0.7388451443569554, 0.06, 0.8372703412073491, 0.082]	[0.410761154855643, 0.165, 0.4461942257217848, 0.179]	no-link	header-answer	0.4265	0.3281	0.2927	-0.105	-0.097	-0.083	0
Osborn	HOUR	[0.7388451443569554, 0.06, 0.8372703412073491, 0.082]	[0.44750656167979, 0.166, 0.484251968503937, 0.18]	no-link	header-answer	0.3898	0.2913	0.2546	-0.106	-0.098	-0.084	0
Osborn	PROGRAM	[0.7388451443569554, 0.06, 0.8372703412073491, 0.082]	[0.27165354330708663, 0.172, 0.34908136482939633, 0.183]	no-link	header-question	0.5656	0.4672	0.3898	-0.112	-0.101	-0.09	0
Osborn	LOUISVILLE,	[0.7388451443569554, 0.06, 0.8372703412073491, 0.082]	[0.489501312335958, 0.191, 0.5918635170603674, 0.209]	no-link	header-answer	0.3478	0.2493	0.147	-0.131	-0.127	-0.109	0
Osborn	WHAS	[0.7388451443569554, 0.06, 0.8372703412073491, 0.082]	[0.40551181102362205, 0.193, 0.45013123359580054, 0.21]	no-link	header-answer	0.4318	0.3333	0.2887	-0.133	-0.128	-0.111	0
Osborn	STATIONS	[0.7388451443569554, 0.06, 0.8372703412073491, 0.082]	[0.3241469816272966, 0.196, 0.3937007874015748, 0.207]	no-link	header-question	0.5131	0.4147	0.3451	-0.136	-0.125	-0.114	0
Osborn	CONTRACT	[0.7388451443569554, 0.06, 0.8372703412073491, 0.082]	[0.4068241469816273, 0.218, 0.48556430446194226, 0.233]	no-link	header-answer	0.4304	0.332	0.2533	-0.158	-0.151	-0.136	0
Barton,	Durstine	[0.46981627296587924, 0.063, 0.568241469816273, 0.087]	[0.5813648293963255, 0.06, 0.6889763779527559, 0.085]	word-word	header-header	0.2192	-0.003	0.1115	-0.002	0.0131	0.022	0
Barton,	CHANGE	[0.46981627296587924, 0.063, 0.568241469816273, 0.087]	[0.2742782152230971, 0.106, 0.44881889763779526, 0.13]	no-link	header-header	0.294	0.1955	0.021	-0.043	-0.043	-0.019	0
Barton,	IN	[0.46981627296587924, 0.063, 0.568241469816273, 0.087]	[0.47112860892388453, 0.106, 0.5223097112860893, 0.127]	no-link	header-header	0.0971	-0.0013	-0.0525	-0.043	-0.04	-0.019	0
Barton,	RADIO	[0.46981627296587924, 0.063, 0.568241469816273, 0.087]	[0.5538057742782152, 0.106, 0.6916010498687664, 0.131]	no-link	header-header	0.0144	-0.084	-0.2218	-0.043	-0.044	-0.019	0
Barton,	(LUCKY	[0.46981627296587924, 0.063, 0.568241469816273, 0.087]	[0.6916010498687664, 0.134, 0.7506561679790026, 0.155]	no-link	header-answer	-0.1234	-0.2218	-0.2808	-0.071	-0.068	-0.047	0
Barton,	THE	[0.46981627296587924, 0.063, 0.568241469816273, 0.087]	[0.40551181102362205, 0.135, 0.4435695538057743, 0.155]	no-link	header-answer	0.1627	0.0643	0.0262	-0.072	-0.068	-0.048	0
Barton,	AMERICAN	[0.46981627296587924, 0.063, 0.568241469816273, 0.087]	[0.442257217847769, 0.137, 0.526246719160105, 0.152]	no-link	header-answer	0.126	0.0276	-0.0564	-0.074	-0.065	-0.05	0
Barton,	TOBACCO	[0.46981627296587924, 0.063, 0.568241469816273, 0.087]	[0.5236220472440944, 0.137, 0.594488188976378, 0.154]	no-link	header-answer	0.0446	-0.0538	-0.1247	-0.074	-0.067	-0.05	0
Barton,	COMPANY	[0.46981627296587924, 0.063, 0.568241469816273, 0.087]	[0.5997375328083989, 0.137, 0.6771653543307087, 0.154]	no-link	header-answer	-0.0315	-0.1299	-0.2073	-0.074	-0.067	-0.05	0
Barton,	CLIENT	[0.46981627296587924, 0.063, 0.568241469816273, 0.087]	[0.27296587926509186, 0.145, 0.32808398950131235, 0.159]	no-link	header-question	0.2953	0.1969	0.1417	-0.082	-0.072	-0.058	0
Barton,	1/2	[0.46981627296587924, 0.063, 0.568241469816273, 0.087]	[0.410761154855643, 0.165, 0.4461942257217848, 0.179]	no-link	header-answer	0.1575	0.0591	0.0236	-0.102	-0.092	-0.078	0
Barton,	HOUR	[0.46981627296587924, 0.063, 0.568241469816273, 0.087]	[0.44750656167979, 0.166, 0.484251968503937, 0.18]	no-link	header-answer	0.1207	0.0223	-0.0144	-0.103	-0.093	-0.079	0
Barton,	PROGRAM	[0.46981627296587924, 0.063, 0.568241469816273, 0.087]	[0.27165354330708663, 0.172, 0.34908136482939633, 0.183]	no-link	header-question	0.2966	0.1982	0.1207	-0.109	-0.096	-0.085	0
Barton,	LOUISVILLE,	[0.46981627296587924, 0.063, 0.568241469816273, 0.087]	[0.489501312335958, 0.191, 0.5918635170603674, 0.209]	no-link	header-answer	0.0787	-0.0197	-0.122	-0.128	-0.122	-0.104	0
Barton,	WHAS	[0.46981627296587924, 0.063, 0.568241469816273, 0.087]	[0.40551181102362205, 0.193, 0.45013123359580054, 0.21]	no-link	header-answer	0.1627	0.0643	0.0197	-0.13	-0.123	-0.106	0
Barton,	STATIONS	[0.46981627296587924, 0.063, 0.568241469816273, 0.087]	[0.3241469816272966, 0.196, 0.3937007874015748, 0.207]	no-link	header-question	0.2441	0.1457	0.0761	-0.133	-0.12	-0.109	0
Barton,	CONTRACT	[0.46981627296587924, 0.063, 0.568241469816273, 0.087]	[0.4068241469816273, 0.218, 0.48556430446194226, 0.233]	no-link	header-answer	0.1614	0.063	-0.0157	-0.155	-0.146	-0.131	0
Barton,		[0.46981627296587924, 0.063, 0.568241469816273, 0.087]	[0.3228346456692913, 0.221, 0.38713910761154857, 0.235]	no-link	header-question	0.2454	0.147	0.0827	-0.158	-0.148	-0.134	0
INCORPORATED	CHANGE	[0.5577427821522309, 0.084, 0.6627296587926509, 0.098]	[0.2742782152230971, 0.106, 0.44881889763779526, 0.13]	word-word	header-header	-0.1089	0.022	-0.2835	0.032	-0.3885	0.046	0
INCORPORATED	IN	[0.5577427821522309, 0.084, 0.6627296587926509, 0.098]	[0.47112860892388453, 0.106, 0.5223097112860893, 0.127]	no-link	header-header	0.1916	0.0866	0.0354	-0.022	-0.029	-0.008	0
INCORPORATED	RADIO	[0.5577427821522309, 0.084, 0.6627296587926509, 0.098]	[0.5538057742782152, 0.106, 0.6916010498687664, 0.131]	no-link	header-header	0.1089	0.0039	-0.1339	-0.022	-0.033	-0.008	0
INCORPORATED	(LUCKY	[0.5577427821522309, 0.084, 0.6627296587926509, 0.098]	[0.6916010498687664, 0.134, 0.7506561679790026, 0.155]	no-link	header-answer	-0.0289	-0.1339	-0.1929	-0.05	-0.057	-0.036	0
INCORPORATED	THE	[0.5577427821522309, 0.084, 0.6627296587926509, 0.098]	[0.40551181102362205, 0.135, 0.4435695538057743, 0.155]	no-link	header-answer	0.2572	0.1522	0.1142	-0.051	-0.057	-0.037	0
INCORPORATED	AMERICAN	[0.5577427821522309, 0.084, 0.6627296587926509, 0.098]	[0.442257217847769, 0.137, 0.526246719160105, 0.152]	no-link	header-answer	0.2205	0.1155	0.0315	-0.053	-0.054	-0.039	0
INCORPORATED	TOBACCO	[0.5577427821522309, 0.084, 0.6627296587926509, 0.098]	[0.5236220472440944, 0.137, 0.594488188976378, 0.154]	no-link	header-answer	0.1391	0.0341	-0.0367	-0.053	-0.056	-0.039	0
INCORPORATED	COMPANY	[0.5577427821522309, 0.084, 0.6627296587926509, 0.098]	[0.5997375328083989, 0.137, 0.6771653543307087, 0.154]	no-link	header-answer	0.063	-0.042	-0.1194	-0.053	-0.056	-0.039	0
INCORPORATED	CLIENT	[0.5577427821522309, 0.084, 0.6627296587926509, 0.098]	[0.27296587926509186, 0.145, 0.32808398950131235, 0.159]	no-link	header-question	0.3898	0.2848	0.2297	-0.061	-0.061	-0.047	0
INCORPORATED	1/2	[0.5577427821522309, 0.084, 0.6627296587926509, 0.098]	[0.410761154855643, 0.165, 0.4461942257217848, 0.179]	no-link	header-answer	0.252	0.147	0.1115	-0.081	-0.081	-0.067	0
INCORPORATED	HOUR	[0.5577427821522309, 0.084, 0.6627296587926509, 0.098]	[0.44750656167979, 0.166, 0.484251968503937, 0.18]	no-link	header-answer	0.2152	0.1102	0.0735	-0.082	-0.082	-0.068	0
INCORPORATED	PROGRAM	[0.5577427821522309, 0.084, 0.6627296587926509, 0.098]	[0.27165354330708663, 0.172, 0.34908136482939633, 0.183]	no-link	header-question	0.3911	0.2861	0.2087	-0.088	-0.085	-0.074	0
INCORPORATED	LOUISVILLE,	[0.5577427821522309, 0.084, 0.6627296587926509, 0.098]	[0.489501312335958, 0.191, 0.5918635170603674, 0.209]	no-link	header-answer	0.1732	0.0682	-0.0341	-0.107	-0.111	-0.093	0
INCORPORATED	WHAS	[0.5577427821522309, 0.084, 0.6627296587926509, 0.098]	[0.40551181102362205, 0.193, 0.45013123359580054, 0.21]	no-link	header-answer	0.2572	0.1522	0.1076	-0.109	-0.112	-0.095	0
INCORPORATED	STATIONS	[0.5577427821522309, 0.084, 0.6627296587926509, 0.098]	[0.3241469816272966, 0.196, 0.3937007874015748, 0.207]	no-link	header-question	0.3386	0.2336	0.164	-0.112	-0.109	-0.098	0
INCORPORATED	CONTRACT	[0.5577427821522309, 0.084, 0.6627296587926509, 0.098]	[0.4068241469816273, 0.218, 0.48556430446194226, 0.233]	no-link	header-answer	0.2559	0.1509	0.0722	-0.134	-0.135	-0.12	0
INCORPORATED		[0.5577427821522309, 0.084, 0.6627296587926509, 0.098]	[0.3228346456692913, 0.221, 0.38713910761154857, 0.235]	no-link	header-question	0.3399	0.2349	0.1706	-0.137	-0.137	-0.123	0
CHANGE	IN	[0.2742782152230971, 0.106, 0.44881889763779526, 0.13]	[0.47112860892388453, 0.106, 0.5223097112860893, 0.127]	word-word	header-header	0.248	0.0	0.1969	-0.003	0.0223	0.021	0
CHANGE	RADIO	[0.2742782152230971, 0.106, 0.44881889763779526, 0.13]	[0.5538057742782152, 0.106, 0.6916010498687664, 0.131]	no-link	header-header	-0.105	-0.2795	-0.4173	0.0	-0.001	0.024	0
CHANGE	(LUCKY	[0.2742782152230971, 0.106, 0.44881889763779526, 0.13]	[0.6916010498687664, 0.134, 0.7506561679790026, 0.155]	no-link	header-answer	-0.2428	-0.4173	-0.4764	-0.028	-0.025	-0.004	0
CHANGE	THE	[0.2742782152230971, 0.106, 0.44881889763779526, 0.13]	[0.40551181102362205, 0.135, 0.4435695538057743, 0.155]	no-link	header-answer	0.0433	-0.1312	-0.1693	-0.029	-0.025	-0.005	0
CHANGE	AMERICAN	[0.2742782152230971, 0.106, 0.44881889763779526, 0.13]	[0.442257217847769, 0.137, 0.526246719160105, 0.152]	no-link	header-answer	0.0066	-0.168	-0.252	-0.031	-0.022	-0.007	0
CHANGE	TOBACCO	[0.2742782152230971, 0.106, 0.44881889763779526, 0.13]	[0.5236220472440944, 0.137, 0.594488188976378, 0.154]	no-link	header-answer	-0.0748	-0.2493	-0.3202	-0.031	-0.024	-0.007	0
CHANGE	COMPANY	[0.2742782152230971, 0.106, 0.44881889763779526, 0.13]	[0.5997375328083989, 0.137, 0.6771653543307087, 0.154]	no-link	header-answer	-0.1509	-0.3255	-0.4029	-0.031	-0.024	-0.007	0
CHANGE	CLIENT	[0.2742782152230971, 0.106, 0.44881889763779526, 0.13]	[0.27296587926509186, 0.145, 0.32808398950131235, 0.159]	no-link	header-question	0.1759	0.0013	-0.0538	-0.039	-0.029	-0.015	0
CHANGE	1/2	[0.2742782152230971, 0.106, 0.44881889763779526, 0.13]	[0.410761154855643, 0.165, 0.4461942257217848, 0.179]	no-link	header-answer	0.0381	-0.1365	-0.1719	-0.059	-0.049	-0.035	0
CHANGE	HOUR	[0.2742782152230971, 0.106, 0.44881889763779526, 0.13]	[0.44750656167979, 0.166, 0.484251968503937, 0.18]	no-link	header-answer	0.0013	-0.1732	-0.21	-0.06	-0.05	-0.036	0
CHANGE	PROGRAM	[0.2742782152230971, 0.106, 0.44881889763779526, 0.13]	[0.27165354330708663, 0.172, 0.34908136482939633, 0.183]	no-link	header-question	0.1772	0.0026	-0.0748	-0.066	-0.053	-0.042	0
CHANGE	LOUISVILLE,	[0.2742782152230971, 0.106, 0.44881889763779526, 0.13]	[0.489501312335958, 0.191, 0.5918635170603674, 0.209]	no-link	header-answer	-0.0407	-0.2152	-0.3176	-0.085	-0.079	-0.061	0
CHANGE	WHAS	[0.2742782152230971, 0.106, 0.44881889763779526, 0.13]	[0.40551181102362205, 0.193, 0.45013123359580054, 0.21]	no-link	header-answer	0.0433	-0.1312	-0.1759	-0.087	-0.08	-0.063	0
CHANGE	STATIONS	[0.2742782152230971, 0.106, 0.44881889763779526, 0.13]	[0.3241469816272966, 0.196, 0.3937007874015748, 0.207]	no-link	header-question	0.1247	-0.0499	-0.1194	-0.09	-0.077	-0.066	0
CHANGE	CONTRACT	[0.2742782152230971, 0.106, 0.44881889763779526, 0.13]	[0.4068241469816273, 0.218, 0.48556430446194226, 0.233]	no-link	header-answer	0.042	-0.1325	-0.2113	-0.112	-0.103	-0.088	0
CHANGE		[0.2742782152230971, 0.106, 0.44881889763779526, 0.13]	[0.3228346456692913, 0.221, 0.38713910761154857, 0.235]	no-link	header-question	0.126	-0.0486	-0.1129	-0.115	-0.105	-0.091	0
IN	RADIO	[0.47112860892388453, 0.106, 0.5223097112860893, 0.127]	[0.5538057742782152, 0.106, 0.6916010498687664, 0.131]	word-word	header-header	0.2205	0.0	0.0827	0.004	0.0315	0.025	0
IN	(LUCKY	[0.47112860892388453, 0.106, 0.5223097112860893, 0.127]	[0.6916010498687664, 0.134, 0.7506561679790026, 0.155]	no-link	header-answer	-0.1693	-0.2205	-0.2795	-0.028	-0.028	-0.007	0
IN	THE	[0.47112860892388453, 0.106, 0.5223097112860893, 0.127]	[0.40551181102362205, 0.135, 0.4435695538057743, 0.155]	no-link	header-answer	0.1168	0.0656	0.0276	-0.029	-0.028	-0.008	0
IN	AMERICAN	[0.47112860892388453, 0.106, 0.5223097112860893, 0.127]	[0.442257217847769, 0.137, 0.526246719160105, 0.152]	no-link	header-answer	0.0801	0.0289	-0.0551	-0.031	-0.025	-0.01	0
IN	TOBACCO	[0.47112860892388453, 0.106, 0.5223097112860893, 0.127]	[0.5236220472440944, 0.137, 0.594488188976378, 0.154]	no-link	header-answer	-0.0013	-0.0525	-0.1234	-0.031	-0.027	-0.01	0
IN	COMPANY	[0.47112860892388453, 0.106, 0.5223097112860893, 0.127]	[0.5997375328083989, 0.137, 0.6771653543307087, 0.154]	no-link	header-answer	-0.0774	-0.1286	-0.206	-0.031	-0.027	-0.01	0
IN	CLIENT	[0.47112860892388453, 0.106, 0.5223097112860893, 0.127]	[0.27296587926509186, 0.145, 0.32808398950131235, 0.159]	no-link	header-question	0.2493	0.1982	0.143	-0.039	-0.032	-0.018	0
IN	1/2	[0.47112860892388453, 0.106, 0.5223097112860893, 0.127]	[0.410761154855643, 0.165, 0.4461942257217848, 0.179]	no-link	header-answer	0.1115	0.0604	0.0249	-0.059	-0.052	-0.038	0
IN	HOUR	[0.47112860892388453, 0.106, 0.5223097112860893, 0.127]	[0.44750656167979, 0.166, 0.484251968503937, 0.18]	no-link	header-answer	0.0748	0.0236	-0.0131	-0.06	-0.053	-0.039	0
IN	PROGRAM	[0.47112860892388453, 0.106, 0.5223097112860893, 0.127]	[0.27165354330708663, 0.172, 0.34908136482939633, 0.183]	no-link	header-question	0.2507	0.1995	0.122	-0.066	-0.056	-0.045	0
IN	LOUISVILLE,	[0.47112860892388453, 0.106, 0.5223097112860893, 0.127]	[0.489501312335958, 0.191, 0.5918635170603674, 0.209]	no-link	header-answer	0.0328	-0.0184	-0.1207	-0.085	-0.082	-0.064	0
IN	WHAS	[0.47112860892388453, 0.106, 0.5223097112860893, 0.127]	[0.40551181102362205, 0.193, 0.45013123359580054, 0.21]	no-link	header-answer	0.1168	0.0656	0.021	-0.087	-0.083	-0.066	0
IN	STATIONS	[0.47112860892388453, 0.106, 0.5223097112860893, 0.127]	[0.3241469816272966, 0.196, 0.3937007874015748, 0.207]	no-link	header-question	0.1982	0.147	0.0774	-0.09	-0.08	-0.069	0
IN	CONTRACT	[0.47112860892388453, 0.106, 0.5223097112860893, 0.127]	[0.4068241469816273, 0.218, 0.48556430446194226, 0.233]	no-link	header-answer	0.1155	0.0643	-0.0144	-0.112	-0.106	-0.091	0
IN		[0.47112860892388453, 0.106, 0.5223097112860893, 0.127]	[0.3228346456692913, 0.221, 0.38713910761154857, 0.235]	no-link	header-question	0.1995	0.1483	0.084	-0.115	-0.108	-0.094	0
IN	REVISED	[0.47112860892388453, 0.106, 0.5223097112860893, 0.127]	[0.23097112860892388, 0.272, 0.30446194225721784, 0.283]	no-link	header-question	0.2913	0.2402	0.1667	-0.166	-0.156	-0.145	0
RADIO	SCHEDULE	[0.5538057742782152, 0.106, 0.6916010498687664, 0.131]	[0.7217847769028871, 0.108, 0.9396325459317585, 0.128]	word-word	header-header	0.3858	0.002	0.168	-0.003	0.0302	0.022	0
RADIO	THE	[0.5538057742782152, 0.106, 0.6916010498687664, 0.131]	[0.40551181102362205, 0.135, 0.4435695538057743, 0.155]	no-link	header-answer	0.2861	0.1483	0.1102	-0.029	-0.024	-0.004	0
RADIO	AMERICAN	[0.5538057742782152, 0.106, 0.6916010498687664, 0.131]	[0.442257217847769, 0.137, 0.526246719160105, 0.152]	no-link	header-answer	0.2493	0.1115	0.0276	-0.031	-0.021	-0.006	0
RADIO	TOBACCO	[0.5538057742782152, 0.106, 0.6916010498687664, 0.131]	[0.5236220472440944, 0.137, 0.594488188976378, 0.154]	no-link	header-answer	0.168	0.0302	-0.0407	-0.031	-0.023	-0.006	0
RADIO	COMPANY	[0.5538057742782152, 0.106, 0.6916010498687664, 0.131]	[0.5997375328083989, 0.137, 0.6771653543307087, 0.154]	no-link	header-answer	0.0919	-0.0459	-0.1234	-0.031	-0.023	-0.006	0
RADIO	CLIENT	[0.5538057742782152, 0.106, 0.6916010498687664, 0.131]	[0.27296587926509186, 0.145, 0.32808398950131235, 0.159]	no-link	header-question	0.4186	0.2808	0.2257	-0.039	-0.028	-0.014	0
RADIO	1/2	[0.5538057742782152, 0.106, 0.6916010498687664, 0.131]	[0.410761154855643, 0.165, 0.4461942257217848, 0.179]	no-link	header-answer	0.2808	0.143	0.1076	-0.059	-0.048	-0.034	0
RADIO	HOUR	[0.5538057742782152, 0.106, 0.6916010498687664, 0.131]	[0.44750656167979, 0.166, 0.484251968503937, 0.18]	no-link	header-answer	0.2441	0.1063	0.0696	-0.06	-0.049	-0.035	0
RADIO	PROGRAM	[0.5538057742782152, 0.106, 0.6916010498687664, 0.131]	[0.27165354330708663, 0.172, 0.34908136482939633, 0.183]	no-link	header-question	0.4199	0.2822	0.2047	-0.066	-0.052	-0.041	0
RADIO	LOUISVILLE,	[0.5538057742782152, 0.106, 0.6916010498687664, 0.131]	[0.489501312335958, 0.191, 0.5918635170603674, 0.209]	no-link	header-answer	0.2021	0.0643	-0.0381	-0.085	-0.078	-0.06	0
RADIO	WHAS	[0.5538057742782152, 0.106, 0.6916010498687664, 0.131]	[0.40551181102362205, 0.193, 0.45013123359580054, 0.21]	no-link	header-answer	0.2861	0.1483	0.1037	-0.087	-0.079	-0.062	0
RADIO	STATIONS	[0.5538057742782152, 0.106, 0.6916010498687664, 0.131]	[0.3241469816272966, 0.196, 0.3937007874015748, 0.207]	no-link	header-question	0.3675	0.2297	0.1601	-0.09	-0.076	-0.065	0
RADIO	CONTRACT	[0.5538057742782152, 0.106, 0.6916010498687664, 0.131]	[0.4068241469816273, 0.218, 0.48556430446194226, 0.233]	no-link	header-answer	0.2848	0.147	0.0682	-0.112	-0.102	-0.087	0
RADIO		[0.5538057742782152, 0.106, 0.6916010498687664, 0.131]	[0.3228346456692913, 0.221, 0.38713910761154857, 0.235]	no-link	header-question	0.3688	0.231	0.1667	-0.115	-0.104	-0.09	0
RADIO	REVISED	[0.5538057742782152, 0.106, 0.6916010498687664, 0.131]	[0.23097112860892388, 0.272, 0.30446194225721784, 0.283]	no-link	header-question	0.4606	0.3228	0.2493	-0.166	-0.152	-0.141	0
(LUCKY	STRIKE)	[0.6916010498687664, 0.134, 0.7506561679790026, 0.155]	[0.7572178477690289, 0.137, 0.8254593175853019, 0.152]	word-word	answer-answer	0.1339	0.003	0.0656	-0.003	0.0066	0.018	1
(LUCKY	AMERICAN	[0.6916010498687664, 0.134, 0.7506561679790026, 0.155]	[0.442257217847769, 0.137, 0.526246719160105, 0.152]	no-link	answer-answer	0.3084	0.2493	0.1654	-0.003	0.003	0.018	1
(LUCKY	TOBACCO	[0.6916010498687664, 0.134, 0.7506561679790026, 0.155]	[0.5236220472440944, 0.137, 0.594488188976378, 0.154]	no-link	answer-answer	0.227	0.168	0.0971	-0.003	0.001	0.018	1
(LUCKY	COMPANY	[0.6916010498687664, 0.134, 0.7506561679790026, 0.155]	[0.5997375328083989, 0.137, 0.6771653543307087, 0.154]	no-link	answer-answer	0.1509	0.0919	0.0144	-0.003	0.001	0.018	1
(LUCKY	CLIENT	[0.6916010498687664, 0.134, 0.7506561679790026, 0.155]	[0.27296587926509186, 0.145, 0.32808398950131235, 0.159]	no-link	answer-question	0.4777	0.4186	0.3635	-0.011	-0.004	0.01	1
(LUCKY	1/2	[0.6916010498687664, 0.134, 0.7506561679790026, 0.155]	[0.410761154855643, 0.165, 0.4461942257217848, 0.179]	no-link	answer-answer	0.3399	0.2808	0.2454	-0.031	-0.024	-0.01	1
(LUCKY	HOUR	[0.6916010498687664, 0.134, 0.7506561679790026, 0.155]	[0.44750656167979, 0.166, 0.484251968503937, 0.18]	no-link	answer-answer	0.3031	0.2441	0.2073	-0.032	-0.025	-0.011	1
(LUCKY	PROGRAM	[0.6916010498687664, 0.134, 0.7506561679790026, 0.155]	[0.27165354330708663, 0.172, 0.34908136482939633, 0.183]	no-link	answer-question	0.479	0.4199	0.3425	-0.038	-0.028	-0.017	1
(LUCKY	LOUISVILLE,	[0.6916010498687664, 0.134, 0.7506561679790026, 0.155]	[0.489501312335958, 0.191, 0.5918635170603674, 0.209]	no-link	answer-answer	0.2612	0.2021	0.0997	-0.057	-0.054	-0.036	1
(LUCKY	WHAS	[0.6916010498687664, 0.134, 0.7506561679790026, 0.155]	[0.40551181102362205, 0.193, 0.45013123359580054, 0.21]	no-link	answer-answer	0.3451	0.2861	0.2415	-0.059	-0.055	-0.038	1
(LUCKY	STATIONS	[0.6916010498687664, 0.134, 0.7506561679790026, 0.155]	[0.3241469816272966, 0.196, 0.3937007874015748, 0.207]	no-link	answer-question	0.4265	0.3675	0.2979	-0.062	-0.052	-0.041	1
(LUCKY	CONTRACT	[0.6916010498687664, 0.134, 0.7506561679790026, 0.155]	[0.4068241469816273, 0.218, 0.48556430446194226, 0.233]	no-link	answer-answer	0.3438	0.2848	0.206	-0.084	-0.078	-0.063	1
(LUCKY		[0.6916010498687664, 0.134, 0.7506561679790026, 0.155]	[0.3228346456692913, 0.221, 0.38713910761154857, 0.235]	no-link	answer-question	0.4278	0.3688	0.3045	-0.087	-0.08	-0.066	1
(LUCKY	REVISED	[0.6916010498687664, 0.134, 0.7506561679790026, 0.155]	[0.23097112860892388, 0.272, 0.30446194225721784, 0.283]	no-link	answer-question	0.5197	0.4606	0.3871	-0.138	-0.128	-0.117	1
THE	AMERICAN	[0.40551181102362205, 0.135, 0.4435695538057743, 0.155]	[0.442257217847769, 0.137, 0.526246719160105, 0.152]	word-word	answer-answer	0.1207	0.002	0.0367	-0.003	-0.0013	0.017	1
THE	TOBACCO	[0.40551181102362205, 0.135, 0.4435695538057743, 0.155]	[0.5236220472440944, 0.137, 0.594488188976378, 0.154]	no-link	answer-answer	-0.0801	-0.1181	-0.189	-0.002	0.001	0.018	1
THE	COMPANY	[0.40551181102362205, 0.135, 0.4435695538057743, 0.155]	[0.5997375328083989, 0.137, 0.6771653543307087, 0.154]	no-link	answer-answer	-0.1562	-0.1942	-0.2717	-0.002	0.001	0.018	1
THE	CLIENT	[0.40551181102362205, 0.135, 0.4435695538057743, 0.155]	[0.27296587926509186, 0.145, 0.32808398950131235, 0.159]	no-link	answer-question	0.1706	0.1325	0.0774	-0.01	-0.004	0.01	1
THE	1/2	[0.40551181102362205, 0.135, 0.4435695538057743, 0.155]	[0.410761154855643, 0.165, 0.4461942257217848, 0.179]	no-link	answer-answer	0.0328	-0.0052	-0.0407	-0.03	-0.024	-0.01	1
THE	HOUR	[0.40551181102362205, 0.135, 0.4435695538057743, 0.155]	[0.44750656167979, 0.166, 0.484251968503937, 0.18]	no-link	answer-answer	-0.0039	-0.042	-0.0787	-0.031	-0.025	-0.011	1
THE	PROGRAM	[0.40551181102362205, 0.135, 0.4435695538057743, 0.155]	[0.27165354330708663, 0.172, 0.34908136482939633, 0.183]	no-link	answer-question	0.1719	0.1339	0.0564	-0.037	-0.028	-0.017	1
THE	LOUISVILLE,	[0.40551181102362205, 0.135, 0.4435695538057743, 0.155]	[0.489501312335958, 0.191, 0.5918635170603674, 0.209]	no-link	answer-answer	-0.0459	-0.084	-0.1864	-0.056	-0.054	-0.036	1
THE	WHAS	[0.40551181102362205, 0.135, 0.4435695538057743, 0.155]	[0.40551181102362205, 0.193, 0.45013123359580054, 0.21]	no-link	answer-answer	0.0381	0.0	-0.0446	-0.058	-0.055	-0.038	1
THE	STATIONS	[0.40551181102362205, 0.135, 0.4435695538057743, 0.155]	[0.3241469816272966, 0.196, 0.3937007874015748, 0.207]	no-link	answer-question	0.1194	0.0814	0.0118	-0.061	-0.052	-0.041	1
THE	CONTRACT	[0.40551181102362205, 0.135, 0.4435695538057743, 0.155]	[0.4068241469816273, 0.218, 0.48556430446194226, 0.233]	no-link	answer-answer	0.0367	-0.0013	-0.0801	-0.083	-0.078	-0.063	1
THE		[0.40551181102362205, 0.135, 0.4435695538057743, 0.155]	[0.3228346456692913, 0.221, 0.38713910761154857, 0.235]	no-link	answer-question	0.1207	0.0827	0.0184	-0.086	-0.08	-0.066	1
THE	REVISED	[0.40551181102362205, 0.135, 0.4435695538057743, 0.155]	[0.23097112860892388, 0.272, 0.30446194225721784, 0.283]	no-link	answer-question	0.2126	0.1745	0.101	-0.137	-0.128	-0.117	1
AMERICAN	TOBACCO	[0.442257217847769, 0.137, 0.526246719160105, 0.152]	[0.5236220472440944, 0.137, 0.594488188976378, 0.154]	word-word	answer-answer	0.1522	0.0	0.0814	0.002	-0.0026	0.017	1
AMERICAN	COMPANY	[0.442257217847769, 0.137, 0.526246719160105, 0.152]	[0.5997375328083989, 0.137, 0.6771653543307087, 0.154]	no-link	answer-answer	-0.0735	-0.1575	-0.2349	0.0	-0.002	0.015	1
AMERICAN	CLIENT	[0.442257217847769, 0.137, 0.526246719160105, 0.152]	[0.27296587926509186, 0.145, 0.32808398950131235, 0.159]	no-link	answer-question	0.2533	0.1693	0.1142	-0.008	-0.007	0.007	1
AMERICAN	1/2	[0.442257217847769, 0.137, 0.526246719160105, 0.152]	[0.410761154855643, 0.165, 0.4461942257217848, 0.179]	no-link	answer-answer	0.1155	0.0315	-0.0039	-0.028	-0.027	-0.013	1
AMERICAN	HOUR	[0.442257217847769, 0.137, 0.526246719160105, 0.152]	[0.44750656167979, 0.166, 0.484251968503937, 0.18]	no-link	answer-answer	0.0787	-0.0052	-0.042	-0.029	-0.028	-0.014	1
AMERICAN	PROGRAM	[0.442257217847769, 0.137, 0.526246719160105, 0.152]	[0.27165354330708663, 0.172, 0.34908136482939633, 0.183]	no-link	answer-question	0.2546	0.1706	0.0932	-0.035	-0.031	-0.02	1
AMERICAN	LOUISVILLE,	[0.442257217847769, 0.137, 0.526246719160105, 0.152]	[0.489501312335958, 0.191, 0.5918635170603674, 0.209]	no-link	answer-answer	0.0367	-0.0472	-0.1496	-0.054	-0.057	-0.039	1
AMERICAN	WHAS	[0.442257217847769, 0.137, 0.526246719160105, 0.152]	[0.40551181102362205, 0.193, 0.45013123359580054, 0.21]	no-link	answer-answer	0.1207	0.0367	-0.0079	-0.056	-0.058	-0.041	1
AMERICAN	STATIONS	[0.442257217847769, 0.137, 0.526246719160105, 0.152]	[0.3241469816272966, 0.196, 0.3937007874015748, 0.207]	no-link	answer-question	0.2021	0.1181	0.0486	-0.059	-0.055	-0.044	1
AMERICAN	CONTRACT	[0.442257217847769, 0.137, 0.526246719160105, 0.152]	[0.4068241469816273, 0.218, 0.48556430446194226, 0.233]	no-link	answer-answer	0.1194	0.0354	-0.0433	-0.081	-0.081	-0.066	1
AMERICAN		[0.442257217847769, 0.137, 0.526246719160105, 0.152]	[0.3228346456692913, 0.221, 0.38713910761154857, 0.235]	no-link	answer-question	0.2034	0.1194	0.0551	-0.084	-0.083	-0.069	1
AMERICAN	REVISED	[0.442257217847769, 0.137, 0.526246719160105, 0.152]	[0.23097112860892388, 0.272, 0.30446194225721784, 0.283]	no-link	answer-question	0.2953	0.2113	0.1378	-0.135	-0.131	-0.12	1
AMERICAN	@	[0.442257217847769, 0.137, 0.526246719160105, 0.152]	[0.49868766404199477, 0.296, 0.5131233595800525, 0.31]	no-link	answer-answer	0.0276	-0.0564	-0.0709	-0.159	-0.158	-0.144	1
TOBACCO	COMPANY	[0.5236220472440944, 0.137, 0.594488188976378, 0.154]	[0.5997375328083989, 0.137, 0.6771653543307087, 0.154]	word-word	answer-answer	0.1535	0.0	0.0761	0.0	0.0052	0.017	1
TOBACCO	CLIENT	[0.5236220472440944, 0.137, 0.594488188976378, 0.154]	[0.27296587926509186, 0.145, 0.32808398950131235, 0.159]	no-link	answer-question	0.3215	0.2507	0.1955	-0.008	-0.005	0.009	1
TOBACCO	1/2	[0.5236220472440944, 0.137, 0.594488188976378, 0.154]	[0.410761154855643, 0.165, 0.4461942257217848, 0.179]	no-link	answer-answer	0.1837	0.1129	0.0774	-0.028	-0.025	-0.011	1
TOBACCO	HOUR	[0.5236220472440944, 0.137, 0.594488188976378, 0.154]	[0.44750656167979, 0.166, 0.484251968503937, 0.18]	no-link	answer-answer	0.147	0.0761	0.0394	-0.029	-0.026	-0.012	1
TOBACCO	PROGRAM	[0.5236220472440944, 0.137, 0.594488188976378, 0.154]	[0.27165354330708663, 0.172, 0.34908136482939633, 0.183]	no-link	answer-question	0.3228	0.252	0.1745	-0.035	-0.029	-0.018	1
TOBACCO	LOUISVILLE,	[0.5236220472440944, 0.137, 0.594488188976378, 0.154]	[0.489501312335958, 0.191, 0.5918635170603674, 0.209]	no-link	answer-answer	0.105	0.0341	-0.0682	-0.054	-0.055	-0.037	1
TOBACCO	WHAS	[0.5236220472440944, 0.137, 0.594488188976378, 0.154]	[0.40551181102362205, 0.193, 0.45013123359580054, 0.21]	no-link	answer-answer	0.189	0.1181	0.0735	-0.056	-0.056	-0.039	1
TOBACCO	STATIONS	[0.5236220472440944, 0.137, 0.594488188976378, 0.154]	[0.3241469816272966, 0.196, 0.3937007874015748, 0.207]	no-link	answer-question	0.2703	0.1995	0.1299	-0.059	-0.053	-0.042	1
TOBACCO	CONTRACT	[0.5236220472440944, 0.137, 0.594488188976378, 0.154]	[0.4068241469816273, 0.218, 0.48556430446194226, 0.233]	no-link	answer-answer	0.1877	0.1168	0.0381	-0.081	-0.079	-0.064	1
TOBACCO		[0.5236220472440944, 0.137, 0.594488188976378, 0.154]	[0.3228346456692913, 0.221, 0.38713910761154857, 0.235]	no-link	answer-question	0.2717	0.2008	0.1365	-0.084	-0.081	-0.067	1
TOBACCO	REVISED	[0.5236220472440944, 0.137, 0.594488188976378, 0.154]	[0.23097112860892388, 0.272, 0.30446194225721784, 0.283]	no-link	answer-question	0.3635	0.2927	0.2192	-0.135	-0.129	-0.118	1
TOBACCO	@	[0.5236220472440944, 0.137, 0.594488188976378, 0.154]	[0.49868766404199477, 0.296, 0.5131233595800525, 0.31]	no-link	answer-answer	0.0958	0.0249	0.0105	-0.159	-0.156	-0.142	1
TOBACCO	150.00	[0.5236220472440944, 0.137, 0.594488188976378, 0.154]	[0.5328083989501312, 0.296, 0.5971128608923885, 0.31]	no-link	answer-answer	0.0617	-0.0092	-0.0735	-0.159	-0.156	-0.142	1
COMPANY	(LUCKY	[0.5997375328083989, 0.137, 0.6771653543307087, 0.154]	[0.6916010498687664, 0.134, 0.7506561679790026, 0.155]	word-word	answer-answer	0.1509	-0.003	0.0919	0.001	0.0144	0.018	1
COMPANY	CLIENT	[0.5997375328083989, 0.137, 0.6771653543307087, 0.154]	[0.27296587926509186, 0.145, 0.32808398950131235, 0.159]	no-link	answer-answer	0.4042	0.3268	0.2717	-0.008	-0.005	0.009	1
COMPANY	1/2	[0.5997375328083989, 0.137, 0.6771653543307087, 0.154]	[0.410761154855643, 0.165, 0.4461942257217848, 0.179]	no-link	answer-answer	0.2664	0.189	0.1535	-0.028	-0.025	-0.011	1
COMPANY	HOUR	[0.5997375328083989, 0.137, 0.6771653543307087, 0.154]	[0.44750656167979, 0.166, 0.484251968503937, 0.18]	no-link	answer-answer	0.2297	0.1522	0.1155	-0.029	-0.026	-0.012	1
COMPANY	PROGRAM	[0.5997375328083989, 0.137, 0.6771653543307087, 0.154]	[0.27165354330708663, 0.172, 0.34908136482939633, 0.183]	no-link	answer-question	0.4055	0.3281	0.2507	-0.035	-0.029	-0.018	1
COMPANY	LOUISVILLE,	[0.5997375328083989, 0.137, 0.6771653543307087, 0.154]	[0.489501312335958, 0.191, 0.5918635170603674, 0.209]	no-link	answer-answer	0.1877	0.1102	0.0079	-0.054	-0.055	-0.037	1
COMPANY	WHAS	[0.5997375328083989, 0.137, 0.6771653543307087, 0.154]	[0.40551181102362205, 0.193, 0.45013123359580054, 0.21]	no-link	answer-answer	0.2717	0.1942	0.1496	-0.056	-0.056	-0.039	1
COMPANY	STATIONS	[0.5997375328083989, 0.137, 0.6771653543307087, 0.154]	[0.3241469816272966, 0.196, 0.3937007874015748, 0.207]	no-link	answer-question	0.353	0.2756	0.206	-0.059	-0.053	-0.042	1
COMPANY	CONTRACT	[0.5997375328083989, 0.137, 0.6771653543307087, 0.154]	[0.4068241469816273, 0.218, 0.48556430446194226, 0.233]	no-link	answer-answer	0.2703	0.1929	0.1142	-0.081	-0.079	-0.064	1
COMPANY		[0.5997375328083989, 0.137, 0.6771653543307087, 0.154]	[0.3228346456692913, 0.221, 0.38713910761154857, 0.235]	no-link	answer-question	0.3543	0.2769	0.2126	-0.084	-0.081	-0.067	1
COMPANY	REVISED	[0.5997375328083989, 0.137, 0.6771653543307087, 0.154]	[0.23097112860892388, 0.272, 0.30446194225721784, 0.283]	no-link	answer-question	0.4462	0.3688	0.2953	-0.135	-0.129	-0.118	1
COMPANY	@	[0.5997375328083989, 0.137, 0.6771653543307087, 0.154]	[0.49868766404199477, 0.296, 0.5131233595800525, 0.31]	no-link	answer-answer	0.1785	0.101	0.0866	-0.159	-0.156	-0.142	1
COMPANY	150.00	[0.5997375328083989, 0.137, 0.6771653543307087, 0.154]	[0.5328083989501312, 0.296, 0.5971128608923885, 0.31]	no-link	answer-answer	0.1444	0.0669	0.0026	-0.159	-0.156	-0.142	1
COMPANY	24	[0.5997375328083989, 0.137, 0.6771653543307087, 0.154]	[0.47112860892388453, 0.297, 0.49868766404199477, 0.31]	no-link	answer-answer	0.206	0.1286	0.101	-0.16	-0.156	-0.143	1
CLIENT	PROGRAM	[0.27296587926509186, 0.145, 0.32808398950131235, 0.159]	[0.27165354330708663, 0.172, 0.34908136482939633, 0.183]	line-line	question-question	0.0761	0.027	-0.0013	0.024	-0.0564	0.038	1
CLIENT	1/2	[0.27296587926509186, 0.145, 0.32808398950131235, 0.159]	[0.410761154855643, 0.165, 0.4461942257217848, 0.179]	no-link	question-answer	-0.0827	-0.1378	-0.1732	-0.02	-0.02	-0.006	1
CLIENT	HOUR	[0.27296587926509186, 0.145, 0.32808398950131235, 0.159]	[0.44750656167979, 0.166, 0.484251968503937, 0.18]	no-link	question-answer	-0.1194	-0.1745	-0.2113	-0.021	-0.021	-0.007	1
CLIENT	LOUISVILLE,	[0.27296587926509186, 0.145, 0.32808398950131235, 0.159]	[0.489501312335958, 0.191, 0.5918635170603674, 0.209]	no-link	question-answer	-0.1614	-0.2165	-0.3189	-0.046	-0.05	-0.032	1
CLIENT	WHAS	[0.27296587926509186, 0.145, 0.32808398950131235, 0.159]	[0.40551181102362205, 0.193, 0.45013123359580054, 0.21]	no-link	question-answer	-0.0774	-0.1325	-0.1772	-0.048	-0.051	-0.034	1
CLIENT	STATIONS	[0.27296587926509186, 0.145, 0.32808398950131235, 0.159]	[0.3241469816272966, 0.196, 0.3937007874015748, 0.207]	no-link	question-question	0.0039	-0.0512	-0.1207	-0.051	-0.048	-0.037	1
CLIENT	CONTRACT	[0.27296587926509186, 0.145, 0.32808398950131235, 0.159]	[0.4068241469816273, 0.218, 0.48556430446194226, 0.233]	no-link	question-answer	-0.0787	-0.1339	-0.2126	-0.073	-0.074	-0.059	1
CLIENT		[0.27296587926509186, 0.145, 0.32808398950131235, 0.159]	[0.3228346456692913, 0.221, 0.38713910761154857, 0.235]	no-link	question-question	0.0052	-0.0499	-0.1142	-0.076	-0.076	-0.062	1
CLIENT	REVISED	[0.27296587926509186, 0.145, 0.32808398950131235, 0.159]	[0.23097112860892388, 0.272, 0.30446194225721784, 0.283]	no-link	question-question	0.0971	0.042	-0.0315	-0.127	-0.124	-0.113	1
CLIENT	@	[0.27296587926509186, 0.145, 0.32808398950131235, 0.159]	[0.49868766404199477, 0.296, 0.5131233595800525, 0.31]	no-link	question-answer	-0.1706	-0.2257	-0.2402	-0.151	-0.151	-0.137	1
CLIENT	150.00	[0.27296587926509186, 0.145, 0.32808398950131235, 0.159]	[0.5328083989501312, 0.296, 0.5971128608923885, 0.31]	no-link	question-answer	-0.2047	-0.2598	-0.3241	-0.151	-0.151	-0.137	1
CLIENT	24	[0.27296587926509186, 0.145, 0.32808398950131235, 0.159]	[0.47112860892388453, 0.297, 0.49868766404199477, 0.31]	no-link	question-answer	-0.143	-0.1982	-0.2257	-0.152	-0.151	-0.138	1
CLIENT	$	[0.27296587926509186, 0.145, 0.32808398950131235, 0.159]	[0.5144356955380578, 0.297, 0.5288713910761155, 0.311]	no-link	question-answer	-0.1864	-0.2415	-0.2559	-0.152	-0.152	-0.138	1
CLIENT	THE	[0.27296587926509186, 0.145, 0.32808398950131235, 0.159]	[0.40551181102362205, 0.135, 0.4435695538057743, 0.155]	question-answer	question-answer	0.1706	-0.01	0.1325	-0.004	0.0774	0.01	1
1/2	HOUR	[0.410761154855643, 0.165, 0.4461942257217848, 0.179]	[0.44750656167979, 0.166, 0.484251968503937, 0.18]	word-word	answer-answer	0.0735	0.001	0.0367	0.001	0.0013	0.015	2
1/2	PROGRAM	[0.410761154855643, 0.165, 0.4461942257217848, 0.179]	[0.27165354330708663, 0.172, 0.34908136482939633, 0.183]	no-link	answer-question	0.1745	0.1391	0.0617	-0.007	-0.004	0.007	2
1/2	LOUISVILLE,	[0.410761154855643, 0.165, 0.4461942257217848, 0.179]	[0.489501312335958, 0.191, 0.5918635170603674, 0.209]	no-link	answer-answer	-0.0433	-0.0787	-0.1811	-0.026	-0.03	-0.012	2
1/2	WHAS	[0.410761154855643, 0.165, 0.4461942257217848, 0.179]	[0.40551181102362205, 0.193, 0.45013123359580054, 0.21]	no-link	answer-answer	0.0407	0.0052	-0.0394	-0.028	-0.031	-0.014	2
1/2	STATIONS	[0.410761154855643, 0.165, 0.4461942257217848, 0.179]	[0.3241469816272966, 0.196, 0.3937007874015748, 0.207]	no-link	answer-question	0.122	0.0866	0.0171	-0.031	-0.028	-0.017	2
1/2	CONTRACT	[0.410761154855643, 0.165, 0.4461942257217848, 0.179]	[0.4068241469816273, 0.218, 0.48556430446194226, 0.233]	no-link	answer-answer	0.0394	0.0039	-0.0748	-0.053	-0.054	-0.039	2
1/2		[0.410761154855643, 0.165, 0.4461942257217848, 0.179]	[0.3228346456692913, 0.221, 0.38713910761154857, 0.235]	no-link	answer-question	0.1234	0.0879	0.0236	-0.056	-0.056	-0.042	2
1/2	REVISED	[0.410761154855643, 0.165, 0.4461942257217848, 0.179]	[0.23097112860892388, 0.272, 0.30446194225721784, 0.283]	no-link	answer-question	0.2152	0.1798	0.1063	-0.107	-0.104	-0.093	2
1/2	@	[0.410761154855643, 0.165, 0.4461942257217848, 0.179]	[0.49868766404199477, 0.296, 0.5131233595800525, 0.31]	no-link	answer-answer	-0.0525	-0.0879	-0.1024	-0.131	-0.131	-0.117	2
1/2	150.00	[0.410761154855643, 0.165, 0.4461942257217848, 0.179]	[0.5328083989501312, 0.296, 0.5971128608923885, 0.31]	no-link	answer-answer	-0.0866	-0.122	-0.1864	-0.131	-0.131	-0.117	2
1/2	24	[0.410761154855643, 0.165, 0.4461942257217848, 0.179]	[0.47112860892388453, 0.297, 0.49868766404199477, 0.31]	no-link	answer-answer	-0.0249	-0.0604	-0.0879	-0.132	-0.131	-0.118	2
1/2	$	[0.410761154855643, 0.165, 0.4461942257217848, 0.179]	[0.5144356955380578, 0.297, 0.5288713910761155, 0.311]	no-link	answer-answer	-0.0682	-0.1037	-0.1181	-0.132	-0.132	-0.118	2
1/2	125.00	[0.410761154855643, 0.165, 0.4461942257217848, 0.179]	[0.536745406824147, 0.324, 0.5971128608923885, 0.341]	no-link	answer-answer	-0.0906	-0.126	-0.1864	-0.159	-0.162	-0.145	2
HOUR	PROGRAMES	[0.44750656167979, 0.166, 0.484251968503937, 0.18]	[0.489501312335958, 0.168, 0.5695538057742782, 0.181]	word-word	answer-answer	0.122	0.002	0.042	0.001	0.0052	0.015	2
HOUR	PROGRAM	[0.44750656167979, 0.166, 0.484251968503937, 0.18]	[0.27165354330708663, 0.172, 0.34908136482939633, 0.183]	no-link	answer-answer	0.2126	0.1759	0.0984	-0.006	-0.003	0.008	2
HOUR	LOUISVILLE,	[0.44750656167979, 0.166, 0.484251968503937, 0.18]	[0.489501312335958, 0.191, 0.5918635170603674, 0.209]	no-link	answer-answer	-0.0052	-0.042	-0.1444	-0.025	-0.029	-0.011	2
HOUR	WHAS	[0.44750656167979, 0.166, 0.484251968503937, 0.18]	[0.40551181102362205, 0.193, 0.45013123359580054, 0.21]	no-link	answer-answer	0.0787	0.042	-0.0026	-0.027	-0.03	-0.013	2
HOUR	STATIONS	[0.44750656167979, 0.166, 0.484251968503937, 0.18]	[0.3241469816272966, 0.196, 0.3937007874015748, 0.207]	no-link	answer-question	0.1601	0.1234	0.0538	-0.03	-0.027	-0.016	2
HOUR	CONTRACT	[0.44750656167979, 0.166, 0.484251968503937, 0.18]	[0.4068241469816273, 0.218, 0.48556430446194226, 0.233]	no-link	answer-answer	0.0774	0.0407	-0.0381	-0.052	-0.053	-0.038	2
HOUR		[0.44750656167979, 0.166, 0.484251968503937, 0.18]	[0.3228346456692913, 0.221, 0.38713910761154857, 0.235]	no-link	answer-question	0.1614	0.1247	0.0604	-0.055	-0.055	-0.041	2
HOUR	REVISED	[0.44750656167979, 0.166, 0.484251968503937, 0.18]	[0.23097112860892388, 0.272, 0.30446194225721784, 0.283]	no-link	answer-question	0.2533	0.2165	0.143	-0.106	-0.103	-0.092	2
HOUR	@	[0.44750656167979, 0.166, 0.484251968503937, 0.18]	[0.49868766404199477, 0.296, 0.5131233595800525, 0.31]	no-link	answer-answer	-0.0144	-0.0512	-0.0656	-0.13	-0.13	-0.116	2
HOUR	150.00	[0.44750656167979, 0.166, 0.484251968503937, 0.18]	[0.5328083989501312, 0.296, 0.5971128608923885, 0.31]	no-link	answer-answer	-0.0486	-0.0853	-0.1496	-0.13	-0.13	-0.116	2
HOUR	24	[0.44750656167979, 0.166, 0.484251968503937, 0.18]	[0.47112860892388453, 0.297, 0.49868766404199477, 0.31]	no-link	answer-answer	0.0131	-0.0236	-0.0512	-0.131	-0.13	-0.117	2
HOUR	$	[0.44750656167979, 0.166, 0.484251968503937, 0.18]	[0.5144356955380578, 0.297, 0.5288713910761155, 0.311]	no-link	answer-answer	-0.0302	-0.0669	-0.0814	-0.131	-0.131	-0.117	2
HOUR	125.00	[0.44750656167979, 0.166, 0.484251968503937, 0.18]	[0.536745406824147, 0.324, 0.5971128608923885, 0.341]	no-link	answer-answer	-0.0525	-0.0892	-0.1496	-0.158	-0.161	-0.144	2
PROGRAM	STATIONS	[0.27165354330708663, 0.172, 0.34908136482939633, 0.183]	[0.3241469816272966, 0.196, 0.3937007874015748, 0.207]	line-line	question-question	0.122	0.024	0.0525	0.024	-0.0249	0.035	2
PROGRAM	LOUISVILLE,	[0.27165354330708663, 0.172, 0.34908136482939633, 0.183]	[0.489501312335958, 0.191, 0.5918635170603674, 0.209]	no-link	question-answer	-0.1404	-0.2178	-0.3202	-0.019	-0.026	-0.008	2
PROGRAM	WHAS	[0.27165354330708663, 0.172, 0.34908136482939633, 0.183]	[0.40551181102362205, 0.193, 0.45013123359580054, 0.21]	no-link	question-answer	-0.0564	-0.1339	-0.1785	-0.021	-0.027	-0.01	2
PROGRAM	CONTRACT	[0.27165354330708663, 0.172, 0.34908136482939633, 0.183]	[0.4068241469816273, 0.218, 0.48556430446194226, 0.233]	no-link	question-answer	-0.0577	-0.1352	-0.2139	-0.046	-0.05	-0.035	2
PROGRAM		[0.27165354330708663, 0.172, 0.34908136482939633, 0.183]	[0.3228346456692913, 0.221, 0.38713910761154857, 0.235]	no-link	question-question	0.0262	-0.0512	-0.1155	-0.049	-0.052	-0.038	2
PROGRAM	REVISED	[0.27165354330708663, 0.172, 0.34908136482939633, 0.183]	[0.23097112860892388, 0.272, 0.30446194225721784, 0.283]	no-link	question-question	0.1181	0.0407	-0.0328	-0.1	-0.1	-0.089	2
PROGRAM	@	[0.27165354330708663, 0.172, 0.34908136482939633, 0.183]	[0.49868766404199477, 0.296, 0.5131233595800525, 0.31]	no-link	question-answer	-0.1496	-0.227	-0.2415	-0.124	-0.127	-0.113	2
PROGRAM	150.00	[0.27165354330708663, 0.172, 0.34908136482939633, 0.183]	[0.5328083989501312, 0.296, 0.5971128608923885, 0.31]	no-link	question-answer	-0.1837	-0.2612	-0.3255	-0.124	-0.127	-0.113	2
PROGRAM	24	[0.27165354330708663, 0.172, 0.34908136482939633, 0.183]	[0.47112860892388453, 0.297, 0.49868766404199477, 0.31]	no-link	question-answer	-0.122	-0.1995	-0.227	-0.125	-0.127	-0.114	2
PROGRAM	$	[0.27165354330708663, 0.172, 0.34908136482939633, 0.183]	[0.5144356955380578, 0.297, 0.5288713910761155, 0.311]	no-link	question-answer	-0.1654	-0.2428	-0.2572	-0.125	-0.128	-0.114	2
PROGRAM	125.00	[0.27165354330708663, 0.172, 0.34908136482939633, 0.183]	[0.536745406824147, 0.324, 0.5971128608923885, 0.341]	no-link	question-answer	-0.1877	-0.2651	-0.3255	-0.152	-0.158	-0.141	2
PROGRAM	NET	[0.27165354330708663, 0.172, 0.34908136482939633, 0.183]	[0.6010498687664042, 0.325, 0.6325459317585301, 0.339]	no-link	question-answer	-0.252	-0.3294	-0.3609	-0.153	-0.156	-0.142	2
PROGRAM	1/2	[0.27165354330708663, 0.172, 0.34908136482939633, 0.183]	[0.410761154855643, 0.165, 0.4461942257217848, 0.179]	question-answer	question-answer	0.1745	-0.007	0.1391	-0.004	0.0617	0.007	2
LOUISVILLE,	KENTUCKY	[0.489501312335958, 0.191, 0.5918635170603674, 0.209]	[0.6010498687664042, 0.196, 0.6811023622047244, 0.207]	word-word	answer-answer	0.1916	0.005	0.1115	-0.002	0.0092	0.016	3
LOUISVILLE,	STATIONS	[0.489501312335958, 0.191, 0.5918635170603674, 0.209]	[0.3241469816272966, 0.196, 0.3937007874015748, 0.207]	no-link	answer-question	0.2677	0.1654	0.0958	-0.005	0.002	0.013	3
LOUISVILLE,	CONTRACT	[0.489501312335958, 0.191, 0.5918635170603674, 0.209]	[0.4068241469816273, 0.218, 0.48556430446194226, 0.233]	no-link	answer-answer	0.185	0.0827	0.0039	-0.027	-0.024	-0.009	3
LOUISVILLE,		[0.489501312335958, 0.191, 0.5918635170603674, 0.209]	[0.3228346456692913, 0.221, 0.38713910761154857, 0.235]	no-link	answer-question	0.269	0.1667	0.1024	-0.03	-0.026	-0.012	3
LOUISVILLE,	REVISED	[0.489501312335958, 0.191, 0.5918635170603674, 0.209]	[0.23097112860892388, 0.272, 0.30446194225721784, 0.283]	no-link	answer-question	0.3609	0.2585	0.185	-0.081	-0.074	-0.063	3
LOUISVILLE,	@	[0.489501312335958, 0.191, 0.5918635170603674, 0.209]	[0.49868766404199477, 0.296, 0.5131233595800525, 0.31]	no-link	answer-answer	0.0932	-0.0092	-0.0236	-0.105	-0.101	-0.087	3
LOUISVILLE,	150.00	[0.489501312335958, 0.191, 0.5918635170603674, 0.209]	[0.5328083989501312, 0.296, 0.5971128608923885, 0.31]	no-link	answer-answer	0.0591	-0.0433	-0.1076	-0.105	-0.101	-0.087	3
LOUISVILLE,	24	[0.489501312335958, 0.191, 0.5918635170603674, 0.209]	[0.47112860892388453, 0.297, 0.49868766404199477, 0.31]	no-link	answer-answer	0.1207	0.0184	-0.0092	-0.106	-0.101	-0.088	3
LOUISVILLE,	$	[0.489501312335958, 0.191, 0.5918635170603674, 0.209]	[0.5144356955380578, 0.297, 0.5288713910761155, 0.311]	no-link	answer-answer	0.0774	-0.0249	-0.0394	-0.106	-0.102	-0.088	3
LOUISVILLE,	125.00	[0.489501312335958, 0.191, 0.5918635170603674, 0.209]	[0.536745406824147, 0.324, 0.5971128608923885, 0.341]	no-link	answer-answer	0.0551	-0.0472	-0.1076	-0.133	-0.132	-0.115	3
LOUISVILLE,	NET	[0.489501312335958, 0.191, 0.5918635170603674, 0.209]	[0.6010498687664042, 0.325, 0.6325459317585301, 0.339]	no-link	answer-answer	-0.0092	-0.1115	-0.143	-0.134	-0.13	-0.116	3
WHAS	LOUISVILLE,	[0.40551181102362205, 0.193, 0.45013123359580054, 0.21]	[0.489501312335958, 0.191, 0.5918635170603674, 0.209]	word-word	answer-answer	0.1864	-0.002	0.084	-0.001	0.0394	0.016	3
WHAS	STATIONS	[0.40551181102362205, 0.193, 0.45013123359580054, 0.21]	[0.3241469816272966, 0.196, 0.3937007874015748, 0.207]	no-link	answer-answer	0.126	0.0814	0.0118	-0.003	0.003	0.014	3
WHAS	CONTRACT	[0.40551181102362205, 0.193, 0.45013123359580054, 0.21]	[0.4068241469816273, 0.218, 0.48556430446194226, 0.233]	no-link	answer-answer	0.0433	-0.0013	-0.0801	-0.025	-0.023	-0.008	3
WHAS		[0.40551181102362205, 0.193, 0.45013123359580054, 0.21]	[0.3228346456692913, 0.221, 0.38713910761154857, 0.235]	no-link	answer-question	0.1273	0.0827	0.0184	-0.028	-0.025	-0.011	3
WHAS	REVISED	[0.40551181102362205, 0.193, 0.45013123359580054, 0.21]	[0.23097112860892388, 0.272, 0.30446194225721784, 0.283]	no-link	answer-question	0.2192	0.1745	0.101	-0.079	-0.073	-0.062	3
WHAS	@	[0.40551181102362205, 0.193, 0.45013123359580054, 0.21]	[0.49868766404199477, 0.296, 0.5131233595800525, 0.31]	no-link	answer-answer	-0.0486	-0.0932	-0.1076	-0.103	-0.1	-0.086	3
WHAS	150.00	[0.40551181102362205, 0.193, 0.45013123359580054, 0.21]	[0.5328083989501312, 0.296, 0.5971128608923885, 0.31]	no-link	answer-answer	-0.0827	-0.1273	-0.1916	-0.103	-0.1	-0.086	3
WHAS	24	[0.40551181102362205, 0.193, 0.45013123359580054, 0.21]	[0.47112860892388453, 0.297, 0.49868766404199477, 0.31]	no-link	answer-answer	-0.021	-0.0656	-0.0932	-0.104	-0.1	-0.087	3
WHAS	$	[0.40551181102362205, 0.193, 0.45013123359580054, 0.21]	[0.5144356955380578, 0.297, 0.5288713910761155, 0.311]	no-link	answer-answer	-0.0643	-0.1089	-0.1234	-0.104	-0.101	-0.087	3
WHAS	125.00	[0.40551181102362205, 0.193, 0.45013123359580054, 0.21]	[0.536745406824147, 0.324, 0.5971128608923885, 0.341]	no-link	answer-answer	-0.0866	-0.1312	-0.1916	-0.131	-0.131	-0.114	3
WHAS	NET	[0.40551181102362205, 0.193, 0.45013123359580054, 0.21]	[0.6010498687664042, 0.325, 0.6325459317585301, 0.339]	no-link	answer-answer	-0.1509	-0.1955	-0.227	-0.132	-0.129	-0.115	3
WHAS	TOTAL:	[0.40551181102362205, 0.193, 0.45013123359580054, 0.21]	[0.6640419947506562, 0.356, 0.7204724409448819, 0.367]	no-link	answer-answer	-0.2139	-0.2585	-0.315	-0.163	-0.157	-0.146	3
STATIONS		[0.3241469816272966, 0.196, 0.3937007874015748, 0.207]	[0.3228346456692913, 0.221, 0.38713910761154857, 0.235]	line-line	question-question	0.063	0.025	-0.0013	0.028	-0.0709	0.039	3
STATIONS	CONTRACT	[0.3241469816272966, 0.196, 0.3937007874015748, 0.207]	[0.4068241469816273, 0.218, 0.48556430446194226, 0.233]	no-link	question-answer	-0.0131	-0.0827	-0.1614	-0.022	-0.026	-0.011	3
STATIONS	REVISED	[0.3241469816272966, 0.196, 0.3937007874015748, 0.207]	[0.23097112860892388, 0.272, 0.30446194225721784, 0.283]	no-link	question-question	0.1627	0.0932	0.0197	-0.076	-0.076	-0.065	3
STATIONS	@	[0.3241469816272966, 0.196, 0.3937007874015748, 0.207]	[0.49868766404199477, 0.296, 0.5131233595800525, 0.31]	no-link	question-answer	-0.105	-0.1745	-0.189	-0.1	-0.103	-0.089	3
STATIONS	150.00	[0.3241469816272966, 0.196, 0.3937007874015748, 0.207]	[0.5328083989501312, 0.296, 0.5971128608923885, 0.31]	no-link	question-answer	-0.1391	-0.2087	-0.273	-0.1	-0.103	-0.089	3
STATIONS	24	[0.3241469816272966, 0.196, 0.3937007874015748, 0.207]	[0.47112860892388453, 0.297, 0.49868766404199477, 0.31]	no-link	question-answer	-0.0774	-0.147	-0.1745	-0.101	-0.103	-0.09	3
STATIONS	$	[0.3241469816272966, 0.196, 0.3937007874015748, 0.207]	[0.5144356955380578, 0.297, 0.5288713910761155, 0.311]	no-link	question-answer	-0.1207	-0.1903	-0.2047	-0.101	-0.104	-0.09	3
STATIONS	125.00	[0.3241469816272966, 0.196, 0.3937007874015748, 0.207]	[0.536745406824147, 0.324, 0.5971128608923885, 0.341]	no-link	question-answer	-0.143	-0.2126	-0.273	-0.128	-0.134	-0.117	3
STATIONS	NET	[0.3241469816272966, 0.196, 0.3937007874015748, 0.207]	[0.6010498687664042, 0.325, 0.6325459317585301, 0.339]	no-link	question-answer	-0.2073	-0.2769	-0.3084	-0.129	-0.132	-0.118	3
STATIONS	TOTAL:	[0.3241469816272966, 0.196, 0.3937007874015748, 0.207]	[0.6640419947506562, 0.356, 0.7204724409448819, 0.367]	no-link	question-answer	-0.2703	-0.3399	-0.3963	-0.16	-0.16	-0.149	3
STATIONS	WHAS	[0.3241469816272966, 0.196, 0.3937007874015748, 0.207]	[0.40551181102362205, 0.193, 0.45013123359580054, 0.21]	question-answer	question-answer	0.126	-0.003	0.0814	0.003	0.0118	0.014	3
CONTRACT	#1032	[0.4068241469816273, 0.218, 0.48556430446194226, 0.233]	[0.49081364829396323, 0.218, 0.541994750656168, 0.231]	word-word	answer-answer	0.1352	0.0	0.084	-0.002	0.0052	0.013	4
CONTRACT		[0.4068241469816273, 0.218, 0.48556430446194226, 0.233]	[0.3228346456692913, 0.221, 0.38713910761154857, 0.235]	no-link	answer-answer	0.1627	0.084	0.0197	-0.003	-0.002	0.012	4
CONTRACT	REVISED	[0.4068241469816273, 0.218, 0.48556430446194226, 0.233]	[0.23097112860892388, 0.272, 0.30446194225721784, 0.283]	no-link	answer-question	0.2546	0.1759	0.1024	-0.054	-0.05	-0.039	4
CONTRACT	@	[0.4068241469816273, 0.218, 0.48556430446194226, 0.233]	[0.49868766404199477, 0.296, 0.5131233595800525, 0.31]	no-link	answer-answer	-0.0131	-0.0919	-0.1063	-0.078	-0.077	-0.063	4
CONTRACT	150.00	[0.4068241469816273, 0.218, 0.48556430446194226, 0.233]	[0.5328083989501312, 0.296, 0.5971128608923885, 0.31]	no-link	answer-answer	-0.0472	-0.126	-0.1903	-0.078	-0.077	-0.063	4
CONTRACT	24	[0.4068241469816273, 0.218, 0.48556430446194226, 0.233]	[0.47112860892388453, 0.297, 0.49868766404199477, 0.31]	no-link	answer-answer	0.0144	-0.0643	-0.0919	-0.079	-0.077	-0.064	4
CONTRACT	$	[0.4068241469816273, 0.218, 0.48556430446194226, 0.233]	[0.5144356955380578, 0.297, 0.5288713910761155, 0.311]	no-link	answer-answer	-0.0289	-0.1076	-0.122	-0.079	-0.078	-0.064	4
CONTRACT	125.00	[0.4068241469816273, 0.218, 0.48556430446194226, 0.233]	[0.536745406824147, 0.324, 0.5971128608923885, 0.341]	no-link	answer-answer	-0.0512	-0.1299	-0.1903	-0.106	-0.108	-0.091	4
CONTRACT	NET	[0.4068241469816273, 0.218, 0.48556430446194226, 0.233]	[0.6010498687664042, 0.325, 0.6325459317585301, 0.339]	no-link	answer-answer	-0.1155	-0.1942	-0.2257	-0.107	-0.106	-0.092	4
CONTRACT	TOTAL:	[0.4068241469816273, 0.218, 0.48556430446194226, 0.233]	[0.6640419947506562, 0.356, 0.7204724409448819, 0.367]	no-link	answer-answer	-0.1785	-0.2572	-0.3136	-0.138	-0.134	-0.123	4
	REVISED	[0.3228346456692913, 0.221, 0.38713910761154857, 0.235]	[0.23097112860892388, 0.272, 0.30446194225721784, 0.283]	line-line	question-question	-0.0184	0.051	-0.0919	0.048	-0.1562	0.062	4
	CONTRACT	[0.3228346456692913, 0.221, 0.38713910761154857, 0.235]	[0.30577427821522307, 0.271, 0.38451443569553806, 0.282]	no-link	question-question	0.0814	0.0171	-0.0617	-0.05	-0.047	-0.036	4
	@	[0.3228346456692913, 0.221, 0.38713910761154857, 0.235]	[0.49868766404199477, 0.296, 0.5131233595800525, 0.31]	no-link	question-answer	-0.1115	-0.1759	-0.1903	-0.075	-0.075	-0.061	4
	150.00	[0.3228346456692913, 0.221, 0.38713910761154857, 0.235]	[0.5328083989501312, 0.296, 0.5971128608923885, 0.31]	no-link	question-answer	-0.1457	-0.21	-0.2743	-0.075	-0.075	-0.061	4
	24	[0.3228346456692913, 0.221, 0.38713910761154857, 0.235]	[0.47112860892388453, 0.297, 0.49868766404199477, 0.31]	no-link	question-answer	-0.084	-0.1483	-0.1759	-0.076	-0.075	-0.062	4
	$	[0.3228346456692913, 0.221, 0.38713910761154857, 0.235]	[0.5144356955380578, 0.297, 0.5288713910761155, 0.311]	no-link	question-answer	-0.1273	-0.1916	-0.206	-0.076	-0.076	-0.062	4
	125.00	[0.3228346456692913, 0.221, 0.38713910761154857, 0.235]	[0.536745406824147, 0.324, 0.5971128608923885, 0.341]	no-link	question-answer	-0.1496	-0.2139	-0.2743	-0.103	-0.106	-0.089	4
	NET	[0.3228346456692913, 0.221, 0.38713910761154857, 0.235]	[0.6010498687664042, 0.325, 0.6325459317585301, 0.339]	no-link	question-answer	-0.2139	-0.2782	-0.3097	-0.104	-0.104	-0.09	4
	TOTAL:	[0.3228346456692913, 0.221, 0.38713910761154857, 0.235]	[0.6640419947506562, 0.356, 0.7204724409448819, 0.367]	no-link	question-answer	-0.2769	-0.3412	-0.3976	-0.135	-0.132	-0.121	4
	CONTRACT	[0.3228346456692913, 0.221, 0.38713910761154857, 0.235]	[0.4068241469816273, 0.218, 0.48556430446194226, 0.233]	question-answer	question-answer	0.1627	-0.003	0.084	-0.002	0.0197	0.012	4
CONTRACT	TOTALS.	[0.30577427821522307, 0.271, 0.38451443569553806, 0.282]	[0.38320209973753283, 0.271, 0.4566929133858268, 0.284]	word-word	question-question	0.1509	0.0	0.0774	0.002	-0.0013	0.013	5
REVISED	TOTAL:	[0.23097112860892388, 0.272, 0.30446194225721784, 0.283]	[0.6640419947506562, 0.356, 0.7204724409448819, 0.367]	line-line	question-question	0.4895	0.084	0.4331	0.084	0.3596	0.095	5
REVISED	@	[0.23097112860892388, 0.272, 0.30446194225721784, 0.283]	[0.49868766404199477, 0.296, 0.5131233595800525, 0.31]	no-link	question-answer	-0.1942	-0.2677	-0.2822	-0.024	-0.027	-0.013	5
REVISED	150.00	[0.23097112860892388, 0.272, 0.30446194225721784, 0.283]	[0.5328083989501312, 0.296, 0.5971128608923885, 0.31]	no-link	question-answer	-0.2283	-0.3018	-0.3661	-0.024	-0.027	-0.013	5
REVISED	24	[0.23097112860892388, 0.272, 0.30446194225721784, 0.283]	[0.47112860892388453, 0.297, 0.49868766404199477, 0.31]	no-link	question-answer	-0.1667	-0.2402	-0.2677	-0.025	-0.027	-0.014	5
REVISED	$	[0.23097112860892388, 0.272, 0.30446194225721784, 0.283]	[0.5144356955380578, 0.297, 0.5288713910761155, 0.311]	no-link	question-answer	-0.21	-0.2835	-0.2979	-0.025	-0.028	-0.014	5
REVISED	125.00	[0.23097112860892388, 0.272, 0.30446194225721784, 0.283]	[0.536745406824147, 0.324, 0.5971128608923885, 0.341]	no-link	question-answer	-0.2323	-0.3058	-0.3661	-0.052	-0.058	-0.041	5
REVISED	NET	[0.23097112860892388, 0.272, 0.30446194225721784, 0.283]	[0.6010498687664042, 0.325, 0.6325459317585301, 0.339]	no-link	question-answer	-0.2966	-0.3701	-0.4016	-0.053	-0.056	-0.042	5
REVISED	CONTRACT	[0.23097112860892388, 0.272, 0.30446194225721784, 0.283]	[0.30577427821522307, 0.271, 0.38451443569553806, 0.282]	word-word	question-question	0.1535	-0.001	0.0748	-0.001	0.0013	0.01	5
REVISED	24	[0.23097112860892388, 0.272, 0.30446194225721784, 0.283]	[0.47112860892388453, 0.297, 0.49868766404199477, 0.31]	question-answer	question-answer	0.2677	0.025	0.2402	0.027	0.1667	0.038	5
REVISED	24	[0.23097112860892388, 0.272, 0.30446194225721784, 0.283]	[0.47112860892388453, 0.324, 0.49081364829396323, 0.339]	question-answer	question-answer	0.2598	0.052	0.2402	0.056	0.1667	0.067	5
@	$	[0.49868766404199477, 0.296, 0.5131233595800525, 0.31]	[0.5144356955380578, 0.297, 0.5288713910761155, 0.311]	word-word	answer-answer	0.0302	0.001	0.0157	0.001	0.0013	0.015	5
@	24	[0.49868766404199477, 0.296, 0.5131233595800525, 0.31]	[0.47112860892388453, 0.297, 0.49868766404199477, 0.31]	no-link	answer-answer	0.042	0.0276	0.0	-0.001	0.0	0.013	5
@	125.00	[0.49868766404199477, 0.296, 0.5131233595800525, 0.31]	[0.536745406824147, 0.324, 0.5971128608923885, 0.341]	no-link	answer-answer	-0.0236	-0.0381	-0.0984	-0.028	-0.031	-0.014	5
@	NET	[0.49868766404199477, 0.296, 0.5131233595800525, 0.31]	[0.6010498687664042, 0.325, 0.6325459317585301, 0.339]	no-link	answer-answer	-0.0879	-0.1024	-0.1339	-0.029	-0.029	-0.015	5
@	TOTAL:	[0.49868766404199477, 0.296, 0.5131233595800525, 0.31]	[0.6640419947506562, 0.356, 0.7204724409448819, 0.367]	no-link	answer-answer	-0.1509	-0.1654	-0.2218	-0.06	-0.057	-0.046	5
150.00	TIME	[0.5328083989501312, 0.296, 0.5971128608923885, 0.31]	[0.636482939632546, 0.296, 0.6824146981627297, 0.311]	word-word	answer-answer	0.1496	0.0	0.1037	0.001	0.0394	0.015	5
150.00	$	[0.5328083989501312, 0.296, 0.5971128608923885, 0.31]	[0.5144356955380578, 0.297, 0.5288713910761155, 0.311]	no-link	answer-answer	0.0827	0.0184	0.0039	-0.001	-0.001	0.013	5
150.00	24	[0.5328083989501312, 0.296, 0.5971128608923885, 0.31]	[0.47112860892388453, 0.324, 0.49081364829396323, 0.339]	no-link	answer-answer	0.126	0.0617	0.042	-0.028	-0.029	-0.014	5
150.00	125.00	[0.5328083989501312, 0.296, 0.5971128608923885, 0.31]	[0.536745406824147, 0.324, 0.5971128608923885, 0.341]	no-link	answer-answer	0.0604	-0.0039	-0.0643	-0.028	-0.031	-0.014	5
150.00	@	[0.5328083989501312, 0.296, 0.5971128608923885, 0.31]	[0.49868766404199477, 0.325, 0.5118110236220472, 0.339]	no-link	answer-answer	0.0984	0.0341	0.021	-0.029	-0.029	-0.015	5
150.00	NET	[0.5328083989501312, 0.296, 0.5971128608923885, 0.31]	[0.6010498687664042, 0.325, 0.6325459317585301, 0.339]	no-link	answer-answer	-0.0039	-0.0682	-0.0997	-0.029	-0.029	-0.015	5
150.00	TOTAL:	[0.5328083989501312, 0.296, 0.5971128608923885, 0.31]	[0.6640419947506562, 0.356, 0.7204724409448819, 0.367]	no-link	answer-answer	-0.0669	-0.1312	-0.1877	-0.06	-0.057	-0.046	5
24	@	[0.47112860892388453, 0.297, 0.49868766404199477, 0.31]	[0.49868766404199477, 0.296, 0.5131233595800525, 0.31]	word-word	answer-answer	0.042	-0.001	0.0276	0.0	0.0	0.013	5
24	125.00	[0.47112860892388453, 0.297, 0.49868766404199477, 0.31]	[0.536745406824147, 0.324, 0.5971128608923885, 0.341]	no-link	answer-answer	-0.0381	-0.0656	-0.126	-0.027	-0.031	-0.014	5
24	NET	[0.47112860892388453, 0.297, 0.49868766404199477, 0.31]	[0.6010498687664042, 0.325, 0.6325459317585301, 0.339]	no-link	answer-answer	-0.1024	-0.1299	-0.1614	-0.028	-0.029	-0.015	5
24	$	[0.47112860892388453, 0.297, 0.49868766404199477, 0.31]	[0.5144356955380578, 0.327, 0.5341207349081365, 0.342]	no-link	answer-answer	-0.0157	-0.0433	-0.063	-0.03	-0.032	-0.017	5
24	TOTAL:	[0.47112860892388453, 0.297, 0.49868766404199477, 0.31]	[0.6640419947506562, 0.356, 0.7204724409448819, 0.367]	no-link	answer-answer	-0.1654	-0.1929	-0.2493	-0.059	-0.057	-0.046	5
$	150.00	[0.5144356955380578, 0.297, 0.5288713910761155, 0.311]	[0.5328083989501312, 0.296, 0.5971128608923885, 0.31]	word-word	answer-answer	0.0827	-0.001	0.0184	-0.001	0.0039	0.013	5
$	125.00	[0.5144356955380578, 0.297, 0.5288713910761155, 0.311]	[0.536745406824147, 0.324, 0.5971128608923885, 0.341]	no-link	answer-answer	-0.0079	-0.0223	-0.0827	-0.027	-0.03	-0.013	5
$	@	[0.5144356955380578, 0.297, 0.5288713910761155, 0.311]	[0.49868766404199477, 0.325, 0.5118110236220472, 0.339]	no-link	answer-answer	0.0302	0.0157	0.0026	-0.028	-0.028	-0.014	5
$	NET	[0.5144356955380578, 0.297, 0.5288713910761155, 0.311]	[0.6010498687664042, 0.325, 0.6325459317585301, 0.339]	no-link	answer-answer	-0.0722	-0.0866	-0.1181	-0.028	-0.028	-0.014	5
$	TOTAL:	[0.5144356955380578, 0.297, 0.5288713910761155, 0.311]	[0.6640419947506562, 0.356, 0.7204724409448819, 0.367]	no-link	answer-answer	-0.1352	-0.1496	-0.206	-0.059	-0.056	-0.045	5
24	@	[0.47112860892388453, 0.324, 0.49081364829396323, 0.339]	[0.49868766404199477, 0.325, 0.5118110236220472, 0.339]	word-word	answer-answer	0.0407	0.001	0.0276	0.0	0.0079	0.015	5
125.00	NET	[0.536745406824147, 0.324, 0.5971128608923885, 0.341]	[0.6010498687664042, 0.325, 0.6325459317585301, 0.339]	word-word	answer-answer	0.0958	0.001	0.0643	-0.002	0.0039	0.015	5
125.00	$	[0.536745406824147, 0.324, 0.5971128608923885, 0.341]	[0.5144356955380578, 0.327, 0.5341207349081365, 0.342]	no-link	answer-answer	0.0827	0.0223	0.0026	-0.003	-0.001	0.014	5
125.00	TOTAL:	[0.536745406824147, 0.324, 0.5971128608923885, 0.341]	[0.6640419947506562, 0.356, 0.7204724409448819, 0.367]	no-link	answer-answer	-0.0669	-0.1273	-0.1837	-0.032	-0.026	-0.015	5
@	$	[0.49868766404199477, 0.325, 0.5118110236220472, 0.339]	[0.5144356955380578, 0.327, 0.5341207349081365, 0.342]	word-word	answer-answer	0.0354	0.002	0.0157	0.003	0.0026	0.017	5
NET	TALENT	[0.6010498687664042, 0.325, 0.6325459317585301, 0.339]	[0.6377952755905512, 0.327, 0.6968503937007874, 0.338]	word-word	answer-answer	0.0958	0.002	0.0367	-0.001	0.0052	0.013	5
NET	$	[0.6010498687664042, 0.325, 0.6325459317585301, 0.339]	[0.7362204724409449, 0.352, 0.7506561679790026, 0.367]	no-link	answer-answer	-0.1037	-0.1352	-0.1496	-0.027	-0.028	-0.013	5
NET	TOTAL:	[0.6010498687664042, 0.325, 0.6325459317585301, 0.339]	[0.6640419947506562, 0.356, 0.7204724409448819, 0.367]	no-link	answer-answer	-0.0315	-0.063	-0.1194	-0.031	-0.028	-0.017	5
$	125.00	[0.5144356955380578, 0.327, 0.5341207349081365, 0.342]	[0.536745406824147, 0.324, 0.5971128608923885, 0.341]	word-word	answer-answer	0.0827	-0.003	0.0223	-0.001	0.0026	0.014	5
$	6.600.00	[0.7362204724409449, 0.352, 0.7506561679790026, 0.367]	[0.7545931758530183, 0.351, 0.8385826771653543, 0.368]	word-word	answer-answer	0.1024	-0.001	0.0184	0.001	0.0039	0.016	6
TOTAL:	$	[0.6640419947506562, 0.356, 0.7204724409448819, 0.367]	[0.7362204724409449, 0.352, 0.7506561679790026, 0.367]	question-answer	question-answer	0.0866	-0.004	0.0722	0.0	0.0157	0.011	6
