COMPANY	TELEVISION	[0.5118110236220472, 0.05, 0.5866141732283464, 0.065]	[0.3543307086614173, 0.077, 0.4553805774278215, 0.092]	word-word	header-header	-0.0564	0.027	-0.1575	0.027	-0.2323	0.042	0
COMPANY	AMERICAN	[0.5118110236220472, 0.05, 0.5866141732283464, 0.065]	[0.30971128608923887, 0.053, 0.38713910761154857, 0.067]	no-link	header-question	0.2769	0.2021	0.1247	-0.003	-0.002	0.012	0
COMPANY	October	[0.5118110236220472, 0.05, 0.5866141732283464, 0.065]	[0.5971128608923885, 0.183, 0.6837270341207349, 0.197]	no-link	header-answer	-0.0105	-0.0853	-0.1719	-0.133	-0.132	-0.118	0
COMPANY	9,	[0.5118110236220472, 0.05, 0.5866141732283464, 0.065]	[0.6916010498687664, 0.183, 0.7152230971128609, 0.198]	no-link	header-answer	-0.105	-0.1798	-0.2034	-0.133	-0.133	-0.118	0
COMPANY	Date:	[0.5118110236220472, 0.05, 0.5866141732283464, 0.065]	[0.5275590551181102, 0.19, 0.562992125984252, 0.203]	no-link	header-question	0.0591	-0.0157	-0.0512	-0.14	-0.138	-0.125	0
COMPANY	Mr.	[0.5118110236220472, 0.05, 0.5866141732283464, 0.065]	[0.6089238845144357, 0.218, 0.6469816272965879, 0.233]	no-link	header-answer	-0.0223	-0.0971	-0.1352	-0.168	-0.168	-0.153	0
COMPANY	Mary	[0.5118110236220472, 0.05, 0.5866141732283464, 0.065]	[0.652230971128609, 0.218, 0.7034120734908137, 0.232]	no-link	header-answer	-0.0656	-0.1404	-0.1916	-0.168	-0.167	-0.153	0
COMPANY	BBDO	[0.5118110236220472, 0.05, 0.5866141732283464, 0.065]	[0.18110236220472442, 0.221, 0.23097112860892388, 0.232]	no-link	header-answer	0.4055	0.3307	0.2808	-0.171	-0.167	-0.156	0
COMPANY	Contact:	[0.5118110236220472, 0.05, 0.5866141732283464, 0.065]	[0.5275590551181102, 0.23, 0.5866141732283464, 0.244]	no-link	header-answer	0.0591	-0.0157	-0.0748	-0.18	-0.179	-0.165	0
COMPANY	Agency:	[0.5118110236220472, 0.05, 0.5866141732283464, 0.065]	[0.09580052493438321, 0.235, 0.14960629921259844, 0.248]	no-link	header-question	0.4908	0.416	0.3622	-0.185	-0.183	-0.17	0
COMPANY	383	[0.5118110236220472, 0.05, 0.5866141732283464, 0.065]	[0.17716535433070865, 0.274, 0.21916010498687663, 0.288]	no-link	header-answer	0.4094	0.3346	0.2927	-0.224	-0.223	-0.209	0
COMPANY	Madison	[0.5118110236220472, 0.05, 0.5866141732283464, 0.065]	[0.22572178477690288, 0.274, 0.3123359580052493, 0.287]	no-link	header-answer	0.3609	0.2861	0.1995	-0.224	-0.222	-0.209	0
COMPANY	New	[0.5118110236220472, 0.05, 0.5866141732283464, 0.065]	[0.39763779527559057, 0.274, 0.4330708661417323, 0.289]	no-link	header-answer	0.189	0.1142	0.0787	-0.224	-0.224	-0.209	0
COMPANY	York	[0.5118110236220472, 0.05, 0.5866141732283464, 0.065]	[0.442257217847769, 0.274, 0.489501312335958, 0.289]	no-link	header-answer	0.1444	0.0696	0.0223	-0.224	-0.224	-0.209	0
COMPANY	Avenue	[0.5118110236220472, 0.05, 0.5866141732283464, 0.065]	[0.31758530183727035, 0.275, 0.38713910761154857, 0.288]	no-link	header-answer	0.269	0.1942	0.1247	-0.225	-0.223	-0.21	0
COMPANY	Address:	[0.5118110236220472, 0.05, 0.5866141732283464, 0.065]	[0.09317585301837271, 0.288, 0.15879265091863518, 0.301]	no-link	header-question	0.4934	0.4186	0.353	-0.238	-0.236	-0.223	0
BROADCASTING	COMPANY	[0.38976377952755903, 0.052, 0.5065616797900262, 0.066]	[0.5118110236220472, 0.05, 0.5866141732283464, 0.065]	word-word	header-header	0.1969	-0.002	0.122	-0.001	0.0052	0.013	0
BROADCASTING	AMERICAN	[0.38976377952755903, 0.052, 0.5065616797900262, 0.066]	[0.30971128608923887, 0.053, 0.38713910761154857, 0.067]	no-link	header-header	0.1969	0.0801	0.0026	-0.001	-0.001	0.013	0
BROADCASTING	TELEVISION	[0.38976377952755903, 0.052, 0.5065616797900262, 0.066]	[0.3543307086614173, 0.077, 0.4553805774278215, 0.092]	no-link	header-header	0.1522	0.0354	-0.0656	-0.025	-0.026	-0.011	0
BROADCASTING	October	[0.38976377952755903, 0.052, 0.5065616797900262, 0.066]	[0.5971128608923885, 0.183, 0.6837270341207349, 0.197]	no-link	header-answer	-0.0906	-0.2073	-0.294	-0.131	-0.131	-0.117	0
BROADCASTING	9,	[0.38976377952755903, 0.052, 0.5065616797900262, 0.066]	[0.6916010498687664, 0.183, 0.7152230971128609, 0.198]	no-link	header-answer	-0.185	-0.3018	-0.3255	-0.131	-0.132	-0.117	0
BROADCASTING	Date:	[0.38976377952755903, 0.052, 0.5065616797900262, 0.066]	[0.5275590551181102, 0.19, 0.562992125984252, 0.203]	no-link	header-question	-0.021	-0.1378	-0.1732	-0.138	-0.137	-0.124	0
BROADCASTING	Mr.	[0.38976377952755903, 0.052, 0.5065616797900262, 0.066]	[0.6089238845144357, 0.218, 0.6469816272965879, 0.233]	no-link	header-answer	-0.1024	-0.2192	-0.2572	-0.166	-0.167	-0.152	0
BROADCASTING	Mary	[0.38976377952755903, 0.052, 0.5065616797900262, 0.066]	[0.652230971128609, 0.218, 0.7034120734908137, 0.232]	no-link	header-answer	-0.1457	-0.2625	-0.3136	-0.166	-0.166	-0.152	0
BROADCASTING	BBDO	[0.38976377952755903, 0.052, 0.5065616797900262, 0.066]	[0.18110236220472442, 0.221, 0.23097112860892388, 0.232]	no-link	header-answer	0.3255	0.2087	0.1588	-0.169	-0.166	-0.155	0
BROADCASTING	Contact:	[0.38976377952755903, 0.052, 0.5065616797900262, 0.066]	[0.5275590551181102, 0.23, 0.5866141732283464, 0.244]	no-link	header-answer	-0.021	-0.1378	-0.1969	-0.178	-0.178	-0.164	0
BROADCASTING	Agency:	[0.38976377952755903, 0.052, 0.5065616797900262, 0.066]	[0.09580052493438321, 0.235, 0.14960629921259844, 0.248]	no-link	header-question	0.4108	0.294	0.2402	-0.183	-0.182	-0.169	0
BROADCASTING	383	[0.38976377952755903, 0.052, 0.5065616797900262, 0.066]	[0.17716535433070865, 0.274, 0.21916010498687663, 0.288]	no-link	header-answer	0.3294	0.2126	0.1706	-0.222	-0.222	-0.208	0
BROADCASTING	Madison	[0.38976377952755903, 0.052, 0.5065616797900262, 0.066]	[0.22572178477690288, 0.274, 0.3123359580052493, 0.287]	no-link	header-answer	0.2808	0.164	0.0774	-0.222	-0.221	-0.208	0
BROADCASTING	New	[0.38976377952755903, 0.052, 0.5065616797900262, 0.066]	[0.39763779527559057, 0.274, 0.4330708661417323, 0.289]	no-link	header-answer	0.1089	-0.0079	-0.0433	-0.222	-0.223	-0.208	0
BROADCASTING	York	[0.38976377952755903, 0.052, 0.5065616797900262, 0.066]	[0.442257217847769, 0.274, 0.489501312335958, 0.289]	no-link	header-answer	0.0643	-0.0525	-0.0997	-0.222	-0.223	-0.208	0
BROADCASTING	Avenue	[0.38976377952755903, 0.052, 0.5065616797900262, 0.066]	[0.31758530183727035, 0.275, 0.38713910761154857, 0.288]	no-link	header-answer	0.189	0.0722	0.0026	-0.223	-0.222	-0.209	0
BROADCASTING	Address:	[0.38976377952755903, 0.052, 0.5065616797900262, 0.066]	[0.09317585301837271, 0.288, 0.15879265091863518, 0.301]	no-link	header-question	0.4134	0.2966	0.231	-0.236	-0.235	-0.222	0
AMERICAN	Date:	[0.30971128608923887, 0.053, 0.38713910761154857, 0.067]	[0.5275590551181102, 0.19, 0.562992125984252, 0.203]	line-line	header-question	0.2533	0.137	0.2178	0.136	0.1404	0.15	0
AMERICAN	TELEVISION	[0.30971128608923887, 0.053, 0.38713910761154857, 0.067]	[0.3543307086614173, 0.077, 0.4553805774278215, 0.092]	no-link	header-header	0.0328	-0.0446	-0.1457	-0.024	-0.025	-0.01	0
AMERICAN	October	[0.30971128608923887, 0.053, 0.38713910761154857, 0.067]	[0.5971128608923885, 0.183, 0.6837270341207349, 0.197]	no-link	header-answer	-0.21	-0.2874	-0.374	-0.13	-0.13	-0.116	0
AMERICAN	9,	[0.30971128608923887, 0.053, 0.38713910761154857, 0.067]	[0.6916010498687664, 0.183, 0.7152230971128609, 0.198]	no-link	header-answer	-0.3045	-0.3819	-0.4055	-0.13	-0.131	-0.116	0
AMERICAN	Mr.	[0.30971128608923887, 0.053, 0.38713910761154857, 0.067]	[0.6089238845144357, 0.218, 0.6469816272965879, 0.233]	no-link	header-answer	-0.2218	-0.2992	-0.3373	-0.165	-0.166	-0.151	0
AMERICAN	Mary	[0.30971128608923887, 0.053, 0.38713910761154857, 0.067]	[0.652230971128609, 0.218, 0.7034120734908137, 0.232]	no-link	header-answer	-0.2651	-0.3425	-0.3937	-0.165	-0.165	-0.151	0
AMERICAN	BBDO	[0.30971128608923887, 0.053, 0.38713910761154857, 0.067]	[0.18110236220472442, 0.221, 0.23097112860892388, 0.232]	no-link	header-answer	0.206	0.1286	0.0787	-0.168	-0.165	-0.154	0
AMERICAN	Contact:	[0.30971128608923887, 0.053, 0.38713910761154857, 0.067]	[0.5275590551181102, 0.23, 0.5866141732283464, 0.244]	no-link	header-answer	-0.1404	-0.2178	-0.2769	-0.177	-0.177	-0.163	0
AMERICAN	Agency:	[0.30971128608923887, 0.053, 0.38713910761154857, 0.067]	[0.09580052493438321, 0.235, 0.14960629921259844, 0.248]	no-link	header-question	0.2913	0.2139	0.1601	-0.182	-0.181	-0.168	0
AMERICAN	383	[0.30971128608923887, 0.053, 0.38713910761154857, 0.067]	[0.17716535433070865, 0.274, 0.21916010498687663, 0.288]	no-link	header-answer	0.21	0.1325	0.0906	-0.221	-0.221	-0.207	0
AMERICAN	Madison	[0.30971128608923887, 0.053, 0.38713910761154857, 0.067]	[0.22572178477690288, 0.274, 0.3123359580052493, 0.287]	no-link	header-answer	0.1614	0.084	-0.0026	-0.221	-0.22	-0.207	0
AMERICAN	New	[0.30971128608923887, 0.053, 0.38713910761154857, 0.067]	[0.39763779527559057, 0.274, 0.4330708661417323, 0.289]	no-link	header-answer	-0.0105	-0.0879	-0.1234	-0.221	-0.222	-0.207	0
AMERICAN	York	[0.30971128608923887, 0.053, 0.38713910761154857, 0.067]	[0.442257217847769, 0.274, 0.489501312335958, 0.289]	no-link	header-answer	-0.0551	-0.1325	-0.1798	-0.221	-0.222	-0.207	0
AMERICAN	Avenue	[0.30971128608923887, 0.053, 0.38713910761154857, 0.067]	[0.31758530183727035, 0.275, 0.38713910761154857, 0.288]	no-link	header-answer	0.0696	-0.0079	-0.0774	-0.222	-0.221	-0.208	0
AMERICAN	Address:	[0.30971128608923887, 0.053, 0.38713910761154857, 0.067]	[0.09317585301837271, 0.288, 0.15879265091863518, 0.301]	no-link	header-question	0.294	0.2165	0.1509	-0.235	-0.234	-0.221	0
AMERICAN	Tobacco	[0.30971128608923887, 0.053, 0.38713910761154857, 0.067]	[0.28608923884514437, 0.327, 0.3648293963254593, 0.342]	no-link	header-answer	0.101	0.0236	-0.0551	-0.274	-0.275	-0.26	0
AMERICAN	BROADCASTING	[0.30971128608923887, 0.053, 0.38713910761154857, 0.067]	[0.38976377952755903, 0.052, 0.5065616797900262, 0.066]	word-word	header-header	0.1969	-0.001	0.0801	-0.001	0.0026	0.013	0
AMERICAN	American	[0.30971128608923887, 0.053, 0.38713910761154857, 0.067]	[0.17979002624671916, 0.331, 0.27296587926509186, 0.344]	no-link	header-answer	0.2073	0.1299	0.0367	-0.278	-0.277	-0.264	0
TELEVISION	NETWORK	[0.3543307086614173, 0.077, 0.4553805774278215, 0.092]	[0.4566929133858268, 0.078, 0.5433070866141733, 0.092]	word-word	header-header	0.189	0.001	0.1024	0.0	0.0013	0.015	0
TELEVISION	9,	[0.3543307086614173, 0.077, 0.4553805774278215, 0.092]	[0.6916010498687664, 0.183, 0.7152230971128609, 0.198]	no-link	header-answer	-0.2362	-0.3373	-0.3609	-0.106	-0.106	-0.091	0
TELEVISION	Date:	[0.3543307086614173, 0.077, 0.4553805774278215, 0.092]	[0.5275590551181102, 0.19, 0.562992125984252, 0.203]	no-link	header-question	-0.0722	-0.1732	-0.2087	-0.113	-0.111	-0.098	0
TELEVISION	Mr.	[0.3543307086614173, 0.077, 0.4553805774278215, 0.092]	[0.6089238845144357, 0.218, 0.6469816272965879, 0.233]	no-link	header-answer	-0.1535	-0.2546	-0.2927	-0.141	-0.141	-0.126	0
TELEVISION	Mary	[0.3543307086614173, 0.077, 0.4553805774278215, 0.092]	[0.652230971128609, 0.218, 0.7034120734908137, 0.232]	no-link	header-answer	-0.1969	-0.2979	-0.3491	-0.141	-0.14	-0.126	0
TELEVISION	BBDO	[0.3543307086614173, 0.077, 0.4553805774278215, 0.092]	[0.18110236220472442, 0.221, 0.23097112860892388, 0.232]	no-link	header-answer	0.2743	0.1732	0.1234	-0.144	-0.14	-0.129	0
TELEVISION	Contact:	[0.3543307086614173, 0.077, 0.4553805774278215, 0.092]	[0.5275590551181102, 0.23, 0.5866141732283464, 0.244]	no-link	header-answer	-0.0722	-0.1732	-0.2323	-0.153	-0.152	-0.138	0
TELEVISION	Agency:	[0.3543307086614173, 0.077, 0.4553805774278215, 0.092]	[0.09580052493438321, 0.235, 0.14960629921259844, 0.248]	no-link	header-question	0.3596	0.2585	0.2047	-0.158	-0.156	-0.143	0
TELEVISION	383	[0.3543307086614173, 0.077, 0.4553805774278215, 0.092]	[0.17716535433070865, 0.274, 0.21916010498687663, 0.288]	no-link	header-answer	0.2782	0.1772	0.1352	-0.197	-0.196	-0.182	0
TELEVISION	Madison	[0.3543307086614173, 0.077, 0.4553805774278215, 0.092]	[0.22572178477690288, 0.274, 0.3123359580052493, 0.287]	no-link	header-answer	0.2297	0.1286	0.042	-0.197	-0.195	-0.182	0
TELEVISION	New	[0.3543307086614173, 0.077, 0.4553805774278215, 0.092]	[0.39763779527559057, 0.274, 0.4330708661417323, 0.289]	no-link	header-answer	0.0577	-0.0433	-0.0787	-0.197	-0.197	-0.182	0
TELEVISION	York	[0.3543307086614173, 0.077, 0.4553805774278215, 0.092]	[0.442257217847769, 0.274, 0.489501312335958, 0.289]	no-link	header-answer	0.0131	-0.0879	-0.1352	-0.197	-0.197	-0.182	0
TELEVISION	Avenue	[0.3543307086614173, 0.077, 0.4553805774278215, 0.092]	[0.31758530183727035, 0.275, 0.38713910761154857, 0.288]	no-link	header-answer	0.1378	0.0367	-0.0328	-0.198	-0.196	-0.183	0
TELEVISION	Address:	[0.3543307086614173, 0.077, 0.4553805774278215, 0.092]	[0.09317585301837271, 0.288, 0.15879265091863518, 0.301]	no-link	header-question	0.3622	0.2612	0.1955	-0.211	-0.209	-0.196	0
TELEVISION	Tobacco	[0.3543307086614173, 0.077, 0.4553805774278215, 0.092]	[0.28608923884514437, 0.327, 0.3648293963254593, 0.342]	no-link	header-answer	0.1693	0.0682	-0.0105	-0.25	-0.25	-0.235	0
TELEVISION	American	[0.3543307086614173, 0.077, 0.4553805774278215, 0.092]	[0.17979002624671916, 0.331, 0.27296587926509186, 0.344]	no-link	header-answer	0.2756	0.1745	0.0814	-0.254	-0.252	-0.239	0
TELEVISION	Client:	[0.3543307086614173, 0.077, 0.4553805774278215, 0.092]	[0.09580052493438321, 0.342, 0.14173228346456693, 0.353]	no-link	header-question	0.3596	0.2585	0.2126	-0.265	-0.261	-0.25	0
October	9,	[0.5971128608923885, 0.183, 0.6837270341207349, 0.197]	[0.6916010498687664, 0.183, 0.7152230971128609, 0.198]	word-word	answer-answer	0.1181	0.0	0.0945	0.001	0.0079	0.015	1
October	Date:	[0.5971128608923885, 0.183, 0.6837270341207349, 0.197]	[0.5275590551181102, 0.19, 0.562992125984252, 0.203]	no-link	answer-question	0.1562	0.0696	0.0341	-0.007	-0.006	0.007	1
October	Mr.	[0.5971128608923885, 0.183, 0.6837270341207349, 0.197]	[0.6089238845144357, 0.218, 0.6469816272965879, 0.233]	no-link	answer-answer	0.0748	-0.0118	-0.0499	-0.035	-0.036	-0.021	1
October	Mary	[0.5971128608923885, 0.183, 0.6837270341207349, 0.197]	[0.652230971128609, 0.218, 0.7034120734908137, 0.232]	no-link	answer-answer	0.0315	-0.0551	-0.1063	-0.035	-0.035	-0.021	1
October	BBDO	[0.5971128608923885, 0.183, 0.6837270341207349, 0.197]	[0.18110236220472442, 0.221, 0.23097112860892388, 0.232]	no-link	answer-answer	0.5026	0.416	0.3661	-0.038	-0.035	-0.024	1
October	Contact:	[0.5971128608923885, 0.183, 0.6837270341207349, 0.197]	[0.5275590551181102, 0.23, 0.5866141732283464, 0.244]	no-link	answer-answer	0.1562	0.0696	0.0105	-0.047	-0.047	-0.033	1
October	Agency:	[0.5971128608923885, 0.183, 0.6837270341207349, 0.197]	[0.09580052493438321, 0.235, 0.14960629921259844, 0.248]	no-link	answer-question	0.5879	0.5013	0.4475	-0.052	-0.051	-0.038	1
October	383	[0.5971128608923885, 0.183, 0.6837270341207349, 0.197]	[0.17716535433070865, 0.274, 0.21916010498687663, 0.288]	no-link	answer-answer	0.5066	0.4199	0.378	-0.091	-0.091	-0.077	1
October	Madison	[0.5971128608923885, 0.183, 0.6837270341207349, 0.197]	[0.22572178477690288, 0.274, 0.3123359580052493, 0.287]	no-link	answer-answer	0.458	0.3714	0.2848	-0.091	-0.09	-0.077	1
October	New	[0.5971128608923885, 0.183, 0.6837270341207349, 0.197]	[0.39763779527559057, 0.274, 0.4330708661417323, 0.289]	no-link	answer-answer	0.2861	0.1995	0.164	-0.091	-0.092	-0.077	1
October	York	[0.5971128608923885, 0.183, 0.6837270341207349, 0.197]	[0.442257217847769, 0.274, 0.489501312335958, 0.289]	no-link	answer-answer	0.2415	0.1549	0.1076	-0.091	-0.092	-0.077	1
October	Avenue	[0.5971128608923885, 0.183, 0.6837270341207349, 0.197]	[0.31758530183727035, 0.275, 0.38713910761154857, 0.288]	no-link	answer-answer	0.3661	0.2795	0.21	-0.092	-0.091	-0.078	1
October	Address:	[0.5971128608923885, 0.183, 0.6837270341207349, 0.197]	[0.09317585301837271, 0.288, 0.15879265091863518, 0.301]	no-link	answer-question	0.5906	0.5039	0.4383	-0.105	-0.104	-0.091	1
October	Tobacco	[0.5971128608923885, 0.183, 0.6837270341207349, 0.197]	[0.28608923884514437, 0.327, 0.3648293963254593, 0.342]	no-link	answer-answer	0.3976	0.311	0.2323	-0.144	-0.145	-0.13	1
October	American	[0.5971128608923885, 0.183, 0.6837270341207349, 0.197]	[0.17979002624671916, 0.331, 0.27296587926509186, 0.344]	no-link	answer-answer	0.5039	0.4173	0.3241	-0.148	-0.147	-0.134	1
October	Client:	[0.5971128608923885, 0.183, 0.6837270341207349, 0.197]	[0.09580052493438321, 0.342, 0.14173228346456693, 0.353]	no-link	answer-question	0.5879	0.5013	0.4554	-0.159	-0.156	-0.145	1
9,	1968	[0.6916010498687664, 0.183, 0.7152230971128609, 0.198]	[0.7257217847769029, 0.182, 0.7716535433070866, 0.196]	word-word	answer-answer	0.0801	-0.001	0.0341	-0.002	0.0105	0.013	1
9,	Date:	[0.6916010498687664, 0.183, 0.7152230971128609, 0.198]	[0.5275590551181102, 0.19, 0.562992125984252, 0.203]	no-link	answer-answer	0.1877	0.164	0.1286	-0.007	-0.005	0.008	1
9,	Mr.	[0.6916010498687664, 0.183, 0.7152230971128609, 0.198]	[0.6089238845144357, 0.218, 0.6469816272965879, 0.233]	no-link	answer-answer	0.1063	0.0827	0.0446	-0.035	-0.035	-0.02	1
9,	Mary	[0.6916010498687664, 0.183, 0.7152230971128609, 0.198]	[0.652230971128609, 0.218, 0.7034120734908137, 0.232]	no-link	answer-answer	0.063	0.0394	-0.0118	-0.035	-0.034	-0.02	1
9,	BBDO	[0.6916010498687664, 0.183, 0.7152230971128609, 0.198]	[0.18110236220472442, 0.221, 0.23097112860892388, 0.232]	no-link	answer-answer	0.5341	0.5105	0.4606	-0.038	-0.034	-0.023	1
9,	Contact:	[0.6916010498687664, 0.183, 0.7152230971128609, 0.198]	[0.5275590551181102, 0.23, 0.5866141732283464, 0.244]	no-link	answer-answer	0.1877	0.164	0.105	-0.047	-0.046	-0.032	1
9,	Agency:	[0.6916010498687664, 0.183, 0.7152230971128609, 0.198]	[0.09580052493438321, 0.235, 0.14960629921259844, 0.248]	no-link	answer-question	0.6194	0.5958	0.542	-0.052	-0.05	-0.037	1
9,	383	[0.6916010498687664, 0.183, 0.7152230971128609, 0.198]	[0.17716535433070865, 0.274, 0.21916010498687663, 0.288]	no-link	answer-answer	0.5381	0.5144	0.4724	-0.091	-0.09	-0.076	1
9,	Madison	[0.6916010498687664, 0.183, 0.7152230971128609, 0.198]	[0.22572178477690288, 0.274, 0.3123359580052493, 0.287]	no-link	answer-answer	0.4895	0.4659	0.3793	-0.091	-0.089	-0.076	1
9,	New	[0.6916010498687664, 0.183, 0.7152230971128609, 0.198]	[0.39763779527559057, 0.274, 0.4330708661417323, 0.289]	no-link	answer-answer	0.3176	0.294	0.2585	-0.091	-0.091	-0.076	1
9,	York	[0.6916010498687664, 0.183, 0.7152230971128609, 0.198]	[0.442257217847769, 0.274, 0.489501312335958, 0.289]	no-link	answer-answer	0.273	0.2493	0.2021	-0.091	-0.091	-0.076	1
9,	Avenue	[0.6916010498687664, 0.183, 0.7152230971128609, 0.198]	[0.31758530183727035, 0.275, 0.38713910761154857, 0.288]	no-link	answer-answer	0.3976	0.374	0.3045	-0.092	-0.09	-0.077	1
9,	Address:	[0.6916010498687664, 0.183, 0.7152230971128609, 0.198]	[0.09317585301837271, 0.288, 0.15879265091863518, 0.301]	no-link	answer-question	0.622	0.5984	0.5328	-0.105	-0.103	-0.09	1
9,	Tobacco	[0.6916010498687664, 0.183, 0.7152230971128609, 0.198]	[0.28608923884514437, 0.327, 0.3648293963254593, 0.342]	no-link	answer-answer	0.4291	0.4055	0.3268	-0.144	-0.144	-0.129	1
9,	American	[0.6916010498687664, 0.183, 0.7152230971128609, 0.198]	[0.17979002624671916, 0.331, 0.27296587926509186, 0.344]	no-link	answer-answer	0.5354	0.5118	0.4186	-0.148	-0.146	-0.133	1
9,	Client:	[0.6916010498687664, 0.183, 0.7152230971128609, 0.198]	[0.09580052493438321, 0.342, 0.14173228346456693, 0.353]	no-link	answer-question	0.6194	0.5958	0.5499	-0.159	-0.155	-0.144	1
9,	Tareyton	[0.6916010498687664, 0.183, 0.7152230971128609, 0.198]	[0.17979002624671916, 0.38, 0.27296587926509186, 0.394]	no-link	answer-answer	0.5354	0.5118	0.4186	-0.197	-0.196	-0.182	1
Date:	Agency:	[0.5275590551181102, 0.19, 0.562992125984252, 0.203]	[0.09580052493438321, 0.235, 0.14960629921259844, 0.248]	line-line	question-question	-0.378	0.045	-0.4318	0.045	-0.4672	0.058	1
Date:	Mr.	[0.5275590551181102, 0.19, 0.562992125984252, 0.203]	[0.6089238845144357, 0.218, 0.6469816272965879, 0.233]	no-link	question-answer	-0.0459	-0.0814	-0.1194	-0.028	-0.03	-0.015	1
Date:	Mary	[0.5275590551181102, 0.19, 0.562992125984252, 0.203]	[0.652230971128609, 0.218, 0.7034120734908137, 0.232]	no-link	question-answer	-0.0892	-0.1247	-0.1759	-0.028	-0.029	-0.015	1
Date:	BBDO	[0.5275590551181102, 0.19, 0.562992125984252, 0.203]	[0.18110236220472442, 0.221, 0.23097112860892388, 0.232]	no-link	question-answer	0.3819	0.3465	0.2966	-0.031	-0.029	-0.018	1
Date:	Contact:	[0.5275590551181102, 0.19, 0.562992125984252, 0.203]	[0.5275590551181102, 0.23, 0.5866141732283464, 0.244]	no-link	question-answer	0.0354	0.0	-0.0591	-0.04	-0.041	-0.027	1
Date:	383	[0.5275590551181102, 0.19, 0.562992125984252, 0.203]	[0.17716535433070865, 0.274, 0.21916010498687663, 0.288]	no-link	question-answer	0.3858	0.3504	0.3084	-0.084	-0.085	-0.071	1
Date:	Madison	[0.5275590551181102, 0.19, 0.562992125984252, 0.203]	[0.22572178477690288, 0.274, 0.3123359580052493, 0.287]	no-link	question-answer	0.3373	0.3018	0.2152	-0.084	-0.084	-0.071	1
Date:	New	[0.5275590551181102, 0.19, 0.562992125984252, 0.203]	[0.39763779527559057, 0.274, 0.4330708661417323, 0.289]	no-link	question-answer	0.1654	0.1299	0.0945	-0.084	-0.086	-0.071	1
Date:	York	[0.5275590551181102, 0.19, 0.562992125984252, 0.203]	[0.442257217847769, 0.274, 0.489501312335958, 0.289]	no-link	question-answer	0.1207	0.0853	0.0381	-0.084	-0.086	-0.071	1
Date:	Avenue	[0.5275590551181102, 0.19, 0.562992125984252, 0.203]	[0.31758530183727035, 0.275, 0.38713910761154857, 0.288]	no-link	question-answer	0.2454	0.21	0.1404	-0.085	-0.085	-0.072	1
Date:	Address:	[0.5275590551181102, 0.19, 0.562992125984252, 0.203]	[0.09317585301837271, 0.288, 0.15879265091863518, 0.301]	no-link	question-question	0.4698	0.4344	0.3688	-0.098	-0.098	-0.085	1
Date:	Tobacco	[0.5275590551181102, 0.19, 0.562992125984252, 0.203]	[0.28608923884514437, 0.327, 0.3648293963254593, 0.342]	no-link	question-answer	0.2769	0.2415	0.1627	-0.137	-0.139	-0.124	1
Date:	American	[0.5275590551181102, 0.19, 0.562992125984252, 0.203]	[0.17979002624671916, 0.331, 0.27296587926509186, 0.344]	no-link	question-answer	0.3832	0.3478	0.2546	-0.141	-0.141	-0.128	1
Date:	Client:	[0.5275590551181102, 0.19, 0.562992125984252, 0.203]	[0.09580052493438321, 0.342, 0.14173228346456693, 0.353]	no-link	question-question	0.4672	0.4318	0.3858	-0.152	-0.15	-0.139	1
Date:	Tareyton	[0.5275590551181102, 0.19, 0.562992125984252, 0.203]	[0.17979002624671916, 0.38, 0.27296587926509186, 0.394]	no-link	question-answer	0.3832	0.3478	0.2546	-0.19	-0.191	-0.177	1
Date:	Products:	[0.5275590551181102, 0.19, 0.562992125984252, 0.203]	[0.09580052493438321, 0.398, 0.15616797900262466, 0.411]	no-link	question-header	0.4672	0.4318	0.3714	-0.208	-0.208	-0.195	1
Date:	October	[0.5275590551181102, 0.19, 0.562992125984252, 0.203]	[0.5971128608923885, 0.183, 0.6837270341207349, 0.197]	question-answer	question-answer	0.1562	-0.007	0.0696	-0.006	0.0341	0.007	1
Mr.	Mary	[0.6089238845144357, 0.218, 0.6469816272965879, 0.233]	[0.652230971128609, 0.218, 0.7034120734908137, 0.232]	word-word	answer-answer	0.0945	0.0	0.0433	-0.001	0.0052	0.014	2
Mr.	BBDO	[0.6089238845144357, 0.218, 0.6469816272965879, 0.233]	[0.18110236220472442, 0.221, 0.23097112860892388, 0.232]	no-link	answer-answer	0.4659	0.4278	0.378	-0.003	0.001	0.012	2
Mr.	Contact:	[0.6089238845144357, 0.218, 0.6469816272965879, 0.233]	[0.5275590551181102, 0.23, 0.5866141732283464, 0.244]	no-link	answer-answer	0.1194	0.0814	0.0223	-0.012	-0.011	0.003	2
Mr.	Agency:	[0.6089238845144357, 0.218, 0.6469816272965879, 0.233]	[0.09580052493438321, 0.235, 0.14960629921259844, 0.248]	no-link	answer-question	0.5512	0.5131	0.4593	-0.017	-0.015	-0.002	2
Mr.	383	[0.6089238845144357, 0.218, 0.6469816272965879, 0.233]	[0.17716535433070865, 0.274, 0.21916010498687663, 0.288]	no-link	answer-answer	0.4698	0.4318	0.3898	-0.056	-0.055	-0.041	2
Mr.	Madison	[0.6089238845144357, 0.218, 0.6469816272965879, 0.233]	[0.22572178477690288, 0.274, 0.3123359580052493, 0.287]	no-link	answer-answer	0.4213	0.3832	0.2966	-0.056	-0.054	-0.041	2
Mr.	New	[0.6089238845144357, 0.218, 0.6469816272965879, 0.233]	[0.39763779527559057, 0.274, 0.4330708661417323, 0.289]	no-link	answer-answer	0.2493	0.2113	0.1759	-0.056	-0.056	-0.041	2
Mr.	York	[0.6089238845144357, 0.218, 0.6469816272965879, 0.233]	[0.442257217847769, 0.274, 0.489501312335958, 0.289]	no-link	answer-answer	0.2047	0.1667	0.1194	-0.056	-0.056	-0.041	2
Mr.	Avenue	[0.6089238845144357, 0.218, 0.6469816272965879, 0.233]	[0.31758530183727035, 0.275, 0.38713910761154857, 0.288]	no-link	answer-answer	0.3294	0.2913	0.2218	-0.057	-0.055	-0.042	2
Mr.	Address:	[0.6089238845144357, 0.218, 0.6469816272965879, 0.233]	[0.09317585301837271, 0.288, 0.15879265091863518, 0.301]	no-link	answer-question	0.5538	0.5157	0.4501	-0.07	-0.068	-0.055	2
Mr.	Tobacco	[0.6089238845144357, 0.218, 0.6469816272965879, 0.233]	[0.28608923884514437, 0.327, 0.3648293963254593, 0.342]	no-link	answer-answer	0.3609	0.3228	0.2441	-0.109	-0.109	-0.094	2
Mr.	American	[0.6089238845144357, 0.218, 0.6469816272965879, 0.233]	[0.17979002624671916, 0.331, 0.27296587926509186, 0.344]	no-link	answer-answer	0.4672	0.4291	0.336	-0.113	-0.111	-0.098	2
Mr.	Client:	[0.6089238845144357, 0.218, 0.6469816272965879, 0.233]	[0.09580052493438321, 0.342, 0.14173228346456693, 0.353]	no-link	answer-question	0.5512	0.5131	0.4672	-0.124	-0.12	-0.109	2
Mr.	Tareyton	[0.6089238845144357, 0.218, 0.6469816272965879, 0.233]	[0.17979002624671916, 0.38, 0.27296587926509186, 0.394]	no-link	answer-answer	0.4672	0.4291	0.336	-0.162	-0.161	-0.147	2
Mr.	Products:	[0.6089238845144357, 0.218, 0.6469816272965879, 0.233]	[0.09580052493438321, 0.398, 0.15616797900262466, 0.411]	no-link	answer-header	0.5512	0.5131	0.4528	-0.18	-0.178	-0.165	2
Mr.	board(s))	[0.6089238845144357, 0.218, 0.6469816272965879, 0.233]	[0.24540682414698162, 0.451, 0.30708661417322836, 0.465]	no-link	answer-header	0.4016	0.3635	0.3018	-0.233	-0.232	-0.218	2
Mary	Goldsmith	[0.652230971128609, 0.218, 0.7034120734908137, 0.232]	[0.7125984251968503, 0.216, 0.8175853018372703, 0.233]	word-word	answer-answer	0.1654	-0.002	0.0604	0.001	0.0092	0.015	2
Mary	Contact:	[0.652230971128609, 0.218, 0.7034120734908137, 0.232]	[0.5275590551181102, 0.23, 0.5866141732283464, 0.244]	no-link	answer-answer	0.1759	0.1247	0.0656	-0.012	-0.012	0.002	2
Mary	Agency:	[0.652230971128609, 0.218, 0.7034120734908137, 0.232]	[0.09580052493438321, 0.235, 0.14960629921259844, 0.248]	no-link	answer-question	0.6076	0.5564	0.5026	-0.017	-0.016	-0.003	2
Mary	383	[0.652230971128609, 0.218, 0.7034120734908137, 0.232]	[0.17716535433070865, 0.274, 0.21916010498687663, 0.288]	no-link	answer-answer	0.5262	0.4751	0.4331	-0.056	-0.056	-0.042	2
Mary	Madison	[0.652230971128609, 0.218, 0.7034120734908137, 0.232]	[0.22572178477690288, 0.274, 0.3123359580052493, 0.287]	no-link	answer-answer	0.4777	0.4265	0.3399	-0.056	-0.055	-0.042	2
Mary	New	[0.652230971128609, 0.218, 0.7034120734908137, 0.232]	[0.39763779527559057, 0.274, 0.4330708661417323, 0.289]	no-link	answer-answer	0.3058	0.2546	0.2192	-0.056	-0.057	-0.042	2
Mary	York	[0.652230971128609, 0.218, 0.7034120734908137, 0.232]	[0.442257217847769, 0.274, 0.489501312335958, 0.289]	no-link	answer-answer	0.2612	0.21	0.1627	-0.056	-0.057	-0.042	2
Mary	Avenue	[0.652230971128609, 0.218, 0.7034120734908137, 0.232]	[0.31758530183727035, 0.275, 0.38713910761154857, 0.288]	no-link	answer-answer	0.3858	0.3346	0.2651	-0.057	-0.056	-0.043	2
Mary	Address:	[0.652230971128609, 0.218, 0.7034120734908137, 0.232]	[0.09317585301837271, 0.288, 0.15879265091863518, 0.301]	no-link	answer-question	0.6102	0.5591	0.4934	-0.07	-0.069	-0.056	2
Mary	Tobacco	[0.652230971128609, 0.218, 0.7034120734908137, 0.232]	[0.28608923884514437, 0.327, 0.3648293963254593, 0.342]	no-link	answer-answer	0.4173	0.3661	0.2874	-0.109	-0.11	-0.095	2
Mary	American	[0.652230971128609, 0.218, 0.7034120734908137, 0.232]	[0.17979002624671916, 0.331, 0.27296587926509186, 0.344]	no-link	answer-answer	0.5236	0.4724	0.3793	-0.113	-0.112	-0.099	2
Mary	Client:	[0.652230971128609, 0.218, 0.7034120734908137, 0.232]	[0.09580052493438321, 0.342, 0.14173228346456693, 0.353]	no-link	answer-question	0.6076	0.5564	0.5105	-0.124	-0.121	-0.11	2
Mary	Tareyton	[0.652230971128609, 0.218, 0.7034120734908137, 0.232]	[0.17979002624671916, 0.38, 0.27296587926509186, 0.394]	no-link	answer-answer	0.5236	0.4724	0.3793	-0.162	-0.162	-0.148	2
Mary	Products:	[0.652230971128609, 0.218, 0.7034120734908137, 0.232]	[0.09580052493438321, 0.398, 0.15616797900262466, 0.411]	no-link	answer-header	0.6076	0.5564	0.4961	-0.18	-0.179	-0.166	2
Mary	board(s))	[0.652230971128609, 0.218, 0.7034120734908137, 0.232]	[0.24540682414698162, 0.451, 0.30708661417322836, 0.465]	no-link	answer-header	0.458	0.4068	0.3451	-0.233	-0.233	-0.219	2
BBDO	Inc.	[0.18110236220472442, 0.221, 0.23097112860892388, 0.232]	[0.23490813648293962, 0.221, 0.2847769028871391, 0.235]	word-word	answer-answer	0.1037	0.0	0.0538	0.003	0.0039	0.014	2
BBDO	Agency:	[0.18110236220472442, 0.221, 0.23097112860892388, 0.232]	[0.09580052493438321, 0.235, 0.14960629921259844, 0.248]	no-link	answer-question	0.1352	0.0853	0.0315	-0.014	-0.016	-0.003	2
BBDO	383	[0.18110236220472442, 0.221, 0.23097112860892388, 0.232]	[0.17716535433070865, 0.274, 0.21916010498687663, 0.288]	no-link	answer-answer	0.0538	0.0039	-0.0381	-0.053	-0.056	-0.042	2
BBDO	Madison	[0.18110236220472442, 0.221, 0.23097112860892388, 0.232]	[0.22572178477690288, 0.274, 0.3123359580052493, 0.287]	no-link	answer-answer	0.0052	-0.0446	-0.1312	-0.053	-0.055	-0.042	2
BBDO	New	[0.18110236220472442, 0.221, 0.23097112860892388, 0.232]	[0.39763779527559057, 0.274, 0.4330708661417323, 0.289]	no-link	answer-answer	-0.1667	-0.2165	-0.252	-0.053	-0.057	-0.042	2
BBDO	York	[0.18110236220472442, 0.221, 0.23097112860892388, 0.232]	[0.442257217847769, 0.274, 0.489501312335958, 0.289]	no-link	answer-answer	-0.2113	-0.2612	-0.3084	-0.053	-0.057	-0.042	2
BBDO	Avenue	[0.18110236220472442, 0.221, 0.23097112860892388, 0.232]	[0.31758530183727035, 0.275, 0.38713910761154857, 0.288]	no-link	answer-answer	-0.0866	-0.1365	-0.206	-0.054	-0.056	-0.043	2
BBDO	Address:	[0.18110236220472442, 0.221, 0.23097112860892388, 0.232]	[0.09317585301837271, 0.288, 0.15879265091863518, 0.301]	no-link	answer-question	0.1378	0.0879	0.0223	-0.067	-0.069	-0.056	2
BBDO	Tobacco	[0.18110236220472442, 0.221, 0.23097112860892388, 0.232]	[0.28608923884514437, 0.327, 0.3648293963254593, 0.342]	no-link	answer-answer	-0.0551	-0.105	-0.1837	-0.106	-0.11	-0.095	2
BBDO	American	[0.18110236220472442, 0.221, 0.23097112860892388, 0.232]	[0.17979002624671916, 0.331, 0.27296587926509186, 0.344]	no-link	answer-answer	0.0512	0.0013	-0.0919	-0.11	-0.112	-0.099	2
BBDO	Client:	[0.18110236220472442, 0.221, 0.23097112860892388, 0.232]	[0.09580052493438321, 0.342, 0.14173228346456693, 0.353]	no-link	answer-question	0.1352	0.0853	0.0394	-0.121	-0.121	-0.11	2
BBDO	Tareyton	[0.18110236220472442, 0.221, 0.23097112860892388, 0.232]	[0.17979002624671916, 0.38, 0.27296587926509186, 0.394]	no-link	answer-answer	0.0512	0.0013	-0.0919	-0.159	-0.162	-0.148	2
BBDO	Products:	[0.18110236220472442, 0.221, 0.23097112860892388, 0.232]	[0.09580052493438321, 0.398, 0.15616797900262466, 0.411]	no-link	answer-header	0.1352	0.0853	0.0249	-0.177	-0.179	-0.166	2
BBDO	board(s))	[0.18110236220472442, 0.221, 0.23097112860892388, 0.232]	[0.24540682414698162, 0.451, 0.30708661417322836, 0.465]	no-link	answer-header	-0.0144	-0.0643	-0.126	-0.23	-0.233	-0.219	2
Contact:	Mr.	[0.5275590551181102, 0.23, 0.5866141732283464, 0.244]	[0.6089238845144357, 0.218, 0.6469816272965879, 0.233]	question-answer	question-answer	0.1194	-0.012	0.0814	-0.011	0.0223	0.003	2
Contact:	Agency:	[0.5275590551181102, 0.23, 0.5866141732283464, 0.244]	[0.09580052493438321, 0.235, 0.14960629921259844, 0.248]	no-link	question-question	0.4908	0.4318	0.378	-0.005	-0.004	0.009	2
Contact:	383	[0.5275590551181102, 0.23, 0.5866141732283464, 0.244]	[0.17716535433070865, 0.274, 0.21916010498687663, 0.288]	no-link	question-answer	0.4094	0.3504	0.3084	-0.044	-0.044	-0.03	2
Contact:	Madison	[0.5275590551181102, 0.23, 0.5866141732283464, 0.244]	[0.22572178477690288, 0.274, 0.3123359580052493, 0.287]	no-link	question-answer	0.3609	0.3018	0.2152	-0.044	-0.043	-0.03	2
Contact:	New	[0.5275590551181102, 0.23, 0.5866141732283464, 0.244]	[0.39763779527559057, 0.274, 0.4330708661417323, 0.289]	no-link	question-answer	0.189	0.1299	0.0945	-0.044	-0.045	-0.03	2
Contact:	York	[0.5275590551181102, 0.23, 0.5866141732283464, 0.244]	[0.442257217847769, 0.274, 0.489501312335958, 0.289]	no-link	question-answer	0.1444	0.0853	0.0381	-0.044	-0.045	-0.03	2
Contact:	Avenue	[0.5275590551181102, 0.23, 0.5866141732283464, 0.244]	[0.31758530183727035, 0.275, 0.38713910761154857, 0.288]	no-link	question-answer	0.269	0.21	0.1404	-0.045	-0.044	-0.031	2
Contact:	Address:	[0.5275590551181102, 0.23, 0.5866141732283464, 0.244]	[0.09317585301837271, 0.288, 0.15879265091863518, 0.301]	no-link	question-question	0.4934	0.4344	0.3688	-0.058	-0.057	-0.044	2
Contact:	Tobacco	[0.5275590551181102, 0.23, 0.5866141732283464, 0.244]	[0.28608923884514437, 0.327, 0.3648293963254593, 0.342]	no-link	question-answer	0.3005	0.2415	0.1627	-0.097	-0.098	-0.083	2
Contact:	American	[0.5275590551181102, 0.23, 0.5866141732283464, 0.244]	[0.17979002624671916, 0.331, 0.27296587926509186, 0.344]	no-link	question-answer	0.4068	0.3478	0.2546	-0.101	-0.1	-0.087	2
Contact:	Client:	[0.5275590551181102, 0.23, 0.5866141732283464, 0.244]	[0.09580052493438321, 0.342, 0.14173228346456693, 0.353]	no-link	question-question	0.4908	0.4318	0.3858	-0.112	-0.109	-0.098	2
Contact:	Tareyton	[0.5275590551181102, 0.23, 0.5866141732283464, 0.244]	[0.17979002624671916, 0.38, 0.27296587926509186, 0.394]	no-link	question-answer	0.4068	0.3478	0.2546	-0.15	-0.15	-0.136	2
Contact:	Products:	[0.5275590551181102, 0.23, 0.5866141732283464, 0.244]	[0.09580052493438321, 0.398, 0.15616797900262466, 0.411]	no-link	question-header	0.4908	0.4318	0.3714	-0.168	-0.167	-0.154	2
Contact:	board(s))	[0.5275590551181102, 0.23, 0.5866141732283464, 0.244]	[0.24540682414698162, 0.451, 0.30708661417322836, 0.465]	no-link	question-header	0.3412	0.2822	0.2205	-0.221	-0.221	-0.207	2
Agency:	Contact:	[0.09580052493438321, 0.235, 0.14960629921259844, 0.248]	[0.5275590551181102, 0.23, 0.5866141732283464, 0.244]	question-question	question-question	0.4908	-0.005	0.4318	-0.004	0.378	0.009	2
Agency:	383	[0.09580052493438321, 0.235, 0.14960629921259844, 0.248]	[0.17716535433070865, 0.274, 0.21916010498687663, 0.288]	no-link	question-answer	-0.0276	-0.0814	-0.1234	-0.039	-0.04	-0.026	2
Agency:	Madison	[0.09580052493438321, 0.235, 0.14960629921259844, 0.248]	[0.22572178477690288, 0.274, 0.3123359580052493, 0.287]	no-link	question-answer	-0.0761	-0.1299	-0.2165	-0.039	-0.039	-0.026	2
Agency:	New	[0.09580052493438321, 0.235, 0.14960629921259844, 0.248]	[0.39763779527559057, 0.274, 0.4330708661417323, 0.289]	no-link	question-answer	-0.248	-0.3018	-0.3373	-0.039	-0.041	-0.026	2
Agency:	York	[0.09580052493438321, 0.235, 0.14960629921259844, 0.248]	[0.442257217847769, 0.274, 0.489501312335958, 0.289]	no-link	question-answer	-0.2927	-0.3465	-0.3937	-0.039	-0.041	-0.026	2
Agency:	Avenue	[0.09580052493438321, 0.235, 0.14960629921259844, 0.248]	[0.31758530183727035, 0.275, 0.38713910761154857, 0.288]	no-link	question-answer	-0.168	-0.2218	-0.2913	-0.04	-0.04	-0.027	2
Agency:	Address:	[0.09580052493438321, 0.235, 0.14960629921259844, 0.248]	[0.09317585301837271, 0.288, 0.15879265091863518, 0.301]	no-link	question-question	0.0564	0.0026	-0.063	-0.053	-0.053	-0.04	2
Agency:	Tobacco	[0.09580052493438321, 0.235, 0.14960629921259844, 0.248]	[0.28608923884514437, 0.327, 0.3648293963254593, 0.342]	no-link	question-answer	-0.1365	-0.1903	-0.269	-0.092	-0.094	-0.079	2
Agency:	American	[0.09580052493438321, 0.235, 0.14960629921259844, 0.248]	[0.17979002624671916, 0.331, 0.27296587926509186, 0.344]	no-link	question-answer	-0.0302	-0.084	-0.1772	-0.096	-0.096	-0.083	2
Agency:	Client:	[0.09580052493438321, 0.235, 0.14960629921259844, 0.248]	[0.09580052493438321, 0.342, 0.14173228346456693, 0.353]	no-link	question-question	0.0538	0.0	-0.0459	-0.107	-0.105	-0.094	2
Agency:	Tareyton	[0.09580052493438321, 0.235, 0.14960629921259844, 0.248]	[0.17979002624671916, 0.38, 0.27296587926509186, 0.394]	no-link	question-answer	-0.0302	-0.084	-0.1772	-0.145	-0.146	-0.132	2
Agency:	Products:	[0.09580052493438321, 0.235, 0.14960629921259844, 0.248]	[0.09580052493438321, 0.398, 0.15616797900262466, 0.411]	no-link	question-header	0.0538	0.0	-0.0604	-0.163	-0.163	-0.15	2
Agency:	board(s))	[0.09580052493438321, 0.235, 0.14960629921259844, 0.248]	[0.24540682414698162, 0.451, 0.30708661417322836, 0.465]	no-link	question-header	-0.0958	-0.1496	-0.2113	-0.216	-0.217	-0.203	2
Agency:	Address:	[0.09580052493438321, 0.235, 0.14960629921259844, 0.248]	[0.09317585301837271, 0.288, 0.15879265091863518, 0.301]	line-line	question-question	0.063	0.053	-0.0026	0.053	-0.0564	0.066	2
Agency:	BBDO	[0.09580052493438321, 0.235, 0.14960629921259844, 0.248]	[0.18110236220472442, 0.221, 0.23097112860892388, 0.232]	question-answer	question-answer	0.1352	-0.014	0.0853	-0.016	0.0315	-0.003	2
Agency:	Script(s)	[0.09580052493438321, 0.235, 0.14960629921259844, 0.248]	[0.09580052493438321, 0.453, 0.15616797900262466, 0.466]	no-link	question-question	0.0538	0.0	-0.0604	-0.218	-0.218	-0.205	2
383	Madison	[0.17716535433070865, 0.274, 0.21916010498687663, 0.288]	[0.22572178477690288, 0.274, 0.3123359580052493, 0.287]	word-word	answer-answer	0.1352	0.0	0.0486	-0.001	0.0066	0.013	3
383	New	[0.17716535433070865, 0.274, 0.21916010498687663, 0.288]	[0.39763779527559057, 0.274, 0.4330708661417323, 0.289]	no-link	answer-answer	-0.1785	-0.2205	-0.2559	0.0	-0.001	0.014	3
383	York	[0.17716535433070865, 0.274, 0.21916010498687663, 0.288]	[0.442257217847769, 0.274, 0.489501312335958, 0.289]	no-link	answer-answer	-0.2231	-0.2651	-0.3123	0.0	-0.001	0.014	3
383	Avenue	[0.17716535433070865, 0.274, 0.21916010498687663, 0.288]	[0.31758530183727035, 0.275, 0.38713910761154857, 0.288]	no-link	answer-answer	-0.0984	-0.1404	-0.21	-0.001	0.0	0.013	3
383	Address:	[0.17716535433070865, 0.274, 0.21916010498687663, 0.288]	[0.09317585301837271, 0.288, 0.15879265091863518, 0.301]	no-link	answer-question	0.126	0.084	0.0184	-0.014	-0.013	0.0	3
383	Tobacco	[0.17716535433070865, 0.274, 0.21916010498687663, 0.288]	[0.28608923884514437, 0.327, 0.3648293963254593, 0.342]	no-link	answer-answer	-0.0669	-0.1089	-0.1877	-0.053	-0.054	-0.039	3
383	American	[0.17716535433070865, 0.274, 0.21916010498687663, 0.288]	[0.17979002624671916, 0.331, 0.27296587926509186, 0.344]	no-link	answer-answer	0.0394	-0.0026	-0.0958	-0.057	-0.056	-0.043	3
383	Client:	[0.17716535433070865, 0.274, 0.21916010498687663, 0.288]	[0.09580052493438321, 0.342, 0.14173228346456693, 0.353]	no-link	answer-question	0.1234	0.0814	0.0354	-0.068	-0.065	-0.054	3
383	Tareyton	[0.17716535433070865, 0.274, 0.21916010498687663, 0.288]	[0.17979002624671916, 0.38, 0.27296587926509186, 0.394]	no-link	answer-answer	0.0394	-0.0026	-0.0958	-0.106	-0.106	-0.092	3
383	Products:	[0.17716535433070865, 0.274, 0.21916010498687663, 0.288]	[0.09580052493438321, 0.398, 0.15616797900262466, 0.411]	no-link	answer-header	0.1234	0.0814	0.021	-0.124	-0.123	-0.11	3
383	board(s))	[0.17716535433070865, 0.274, 0.21916010498687663, 0.288]	[0.24540682414698162, 0.451, 0.30708661417322836, 0.465]	no-link	answer-header	-0.0262	-0.0682	-0.1299	-0.177	-0.177	-0.163	3
383	Script(s)	[0.17716535433070865, 0.274, 0.21916010498687663, 0.288]	[0.09580052493438321, 0.453, 0.15616797900262466, 0.466]	no-link	answer-question	0.1234	0.0814	0.021	-0.179	-0.178	-0.165	3
Madison	Avenue	[0.22572178477690288, 0.274, 0.3123359580052493, 0.287]	[0.31758530183727035, 0.275, 0.38713910761154857, 0.288]	word-word	answer-answer	0.1614	0.001	0.0919	0.001	0.0052	0.014	3
Madison	York	[0.22572178477690288, 0.274, 0.3123359580052493, 0.287]	[0.442257217847769, 0.274, 0.489501312335958, 0.289]	no-link	answer-answer	-0.1299	-0.2165	-0.2638	0.0	-0.002	0.013	3
Madison	Address:	[0.22572178477690288, 0.274, 0.3123359580052493, 0.287]	[0.09317585301837271, 0.288, 0.15879265091863518, 0.301]	no-link	answer-question	0.2192	0.1325	0.0669	-0.014	-0.014	-0.001	3
Madison	Tobacco	[0.22572178477690288, 0.274, 0.3123359580052493, 0.287]	[0.28608923884514437, 0.327, 0.3648293963254593, 0.342]	no-link	answer-answer	0.0262	-0.0604	-0.1391	-0.053	-0.055	-0.04	3
Madison	American	[0.22572178477690288, 0.274, 0.3123359580052493, 0.287]	[0.17979002624671916, 0.331, 0.27296587926509186, 0.344]	no-link	answer-answer	0.1325	0.0459	-0.0472	-0.057	-0.057	-0.044	3
Madison	Client:	[0.22572178477690288, 0.274, 0.3123359580052493, 0.287]	[0.09580052493438321, 0.342, 0.14173228346456693, 0.353]	no-link	answer-question	0.2165	0.1299	0.084	-0.068	-0.066	-0.055	3
Madison	Tareyton	[0.22572178477690288, 0.274, 0.3123359580052493, 0.287]	[0.17979002624671916, 0.38, 0.27296587926509186, 0.394]	no-link	answer-answer	0.1325	0.0459	-0.0472	-0.106	-0.107	-0.093	3
Madison	Products:	[0.22572178477690288, 0.274, 0.3123359580052493, 0.287]	[0.09580052493438321, 0.398, 0.15616797900262466, 0.411]	no-link	answer-header	0.2165	0.1299	0.0696	-0.124	-0.124	-0.111	3
Madison	board(s))	[0.22572178477690288, 0.274, 0.3123359580052493, 0.287]	[0.24540682414698162, 0.451, 0.30708661417322836, 0.465]	no-link	answer-header	0.0669	-0.0197	-0.0814	-0.177	-0.178	-0.164	3
Madison	Script(s)	[0.22572178477690288, 0.274, 0.3123359580052493, 0.287]	[0.09580052493438321, 0.453, 0.15616797900262466, 0.466]	no-link	answer-question	0.2165	0.1299	0.0696	-0.179	-0.179	-0.166	3
Madison	(and/	[0.22572178477690288, 0.274, 0.3123359580052493, 0.287]	[0.15616797900262466, 0.453, 0.1889763779527559, 0.466]	no-link	answer-header	0.1562	0.0696	0.0367	-0.179	-0.179	-0.166	3
New	York	[0.39763779527559057, 0.274, 0.4330708661417323, 0.289]	[0.442257217847769, 0.274, 0.489501312335958, 0.289]	word-word	answer-answer	0.0919	0.0	0.0446	0.0	0.0092	0.015	3
New	Avenue	[0.39763779527559057, 0.274, 0.4330708661417323, 0.289]	[0.31758530183727035, 0.275, 0.38713910761154857, 0.288]	no-link	answer-answer	0.1155	0.0801	0.0105	-0.001	0.001	0.014	3
New	Address:	[0.39763779527559057, 0.274, 0.4330708661417323, 0.289]	[0.09317585301837271, 0.288, 0.15879265091863518, 0.301]	no-link	answer-question	0.3399	0.3045	0.2388	-0.014	-0.012	0.001	3
New	Tobacco	[0.39763779527559057, 0.274, 0.4330708661417323, 0.289]	[0.28608923884514437, 0.327, 0.3648293963254593, 0.342]	no-link	answer-answer	0.147	0.1115	0.0328	-0.053	-0.053	-0.038	3
New	American	[0.39763779527559057, 0.274, 0.4330708661417323, 0.289]	[0.17979002624671916, 0.331, 0.27296587926509186, 0.344]	no-link	answer-answer	0.2533	0.2178	0.1247	-0.057	-0.055	-0.042	3
New	Client:	[0.39763779527559057, 0.274, 0.4330708661417323, 0.289]	[0.09580052493438321, 0.342, 0.14173228346456693, 0.353]	no-link	answer-question	0.3373	0.3018	0.2559	-0.068	-0.064	-0.053	3
New	Tareyton	[0.39763779527559057, 0.274, 0.4330708661417323, 0.289]	[0.17979002624671916, 0.38, 0.27296587926509186, 0.394]	no-link	answer-answer	0.2533	0.2178	0.1247	-0.106	-0.105	-0.091	3
New	Products:	[0.39763779527559057, 0.274, 0.4330708661417323, 0.289]	[0.09580052493438321, 0.398, 0.15616797900262466, 0.411]	no-link	answer-header	0.3373	0.3018	0.2415	-0.124	-0.122	-0.109	3
New	board(s))	[0.39763779527559057, 0.274, 0.4330708661417323, 0.289]	[0.24540682414698162, 0.451, 0.30708661417322836, 0.465]	no-link	answer-header	0.1877	0.1522	0.0906	-0.177	-0.176	-0.162	3
New	Script(s)	[0.39763779527559057, 0.274, 0.4330708661417323, 0.289]	[0.09580052493438321, 0.453, 0.15616797900262466, 0.466]	no-link	answer-question	0.3373	0.3018	0.2415	-0.179	-0.177	-0.164	3
New	(and/	[0.39763779527559057, 0.274, 0.4330708661417323, 0.289]	[0.15616797900262466, 0.453, 0.1889763779527559, 0.466]	no-link	answer-header	0.2769	0.2415	0.2087	-0.179	-0.177	-0.164	3
New	or	[0.39763779527559057, 0.274, 0.4330708661417323, 0.289]	[0.1889763779527559, 0.453, 0.21128608923884515, 0.463]	no-link	answer-header	0.2441	0.2087	0.1864	-0.179	-0.174	-0.164	3
York	10017	[0.442257217847769, 0.274, 0.489501312335958, 0.289]	[0.5118110236220472, 0.274, 0.5708661417322834, 0.285]	word-word	answer-answer	0.1286	0.0	0.0696	-0.004	0.0223	0.011	3
York	Address:	[0.442257217847769, 0.274, 0.489501312335958, 0.289]	[0.09317585301837271, 0.288, 0.15879265091863518, 0.301]	no-link	answer-question	0.3963	0.3491	0.2835	-0.014	-0.012	0.001	3
York	Tobacco	[0.442257217847769, 0.274, 0.489501312335958, 0.289]	[0.28608923884514437, 0.327, 0.3648293963254593, 0.342]	no-link	answer-answer	0.2034	0.1562	0.0774	-0.053	-0.053	-0.038	3
York	American	[0.442257217847769, 0.274, 0.489501312335958, 0.289]	[0.17979002624671916, 0.331, 0.27296587926509186, 0.344]	no-link	answer-answer	0.3097	0.2625	0.1693	-0.057	-0.055	-0.042	3
York	Client:	[0.442257217847769, 0.274, 0.489501312335958, 0.289]	[0.09580052493438321, 0.342, 0.14173228346456693, 0.353]	no-link	answer-question	0.3937	0.3465	0.3005	-0.068	-0.064	-0.053	3
York	Tareyton	[0.442257217847769, 0.274, 0.489501312335958, 0.289]	[0.17979002624671916, 0.38, 0.27296587926509186, 0.394]	no-link	answer-answer	0.3097	0.2625	0.1693	-0.106	-0.105	-0.091	3
York	Products:	[0.442257217847769, 0.274, 0.489501312335958, 0.289]	[0.09580052493438321, 0.398, 0.15616797900262466, 0.411]	no-link	answer-header	0.3937	0.3465	0.2861	-0.124	-0.122	-0.109	3
York	board(s))	[0.442257217847769, 0.274, 0.489501312335958, 0.289]	[0.24540682414698162, 0.451, 0.30708661417322836, 0.465]	no-link	answer-header	0.2441	0.1969	0.1352	-0.177	-0.176	-0.162	3
York	Script(s)	[0.442257217847769, 0.274, 0.489501312335958, 0.289]	[0.09580052493438321, 0.453, 0.15616797900262466, 0.466]	no-link	answer-question	0.3937	0.3465	0.2861	-0.179	-0.177	-0.164	3
York	(and/	[0.442257217847769, 0.274, 0.489501312335958, 0.289]	[0.15616797900262466, 0.453, 0.1889763779527559, 0.466]	no-link	answer-header	0.3333	0.2861	0.2533	-0.179	-0.177	-0.164	3
York	or	[0.442257217847769, 0.274, 0.489501312335958, 0.289]	[0.1889763779527559, 0.453, 0.21128608923884515, 0.463]	no-link	answer-header	0.3005	0.2533	0.231	-0.179	-0.174	-0.164	3
Avenue	New	[0.31758530183727035, 0.275, 0.38713910761154857, 0.288]	[0.39763779527559057, 0.274, 0.4330708661417323, 0.289]	word-word	answer-answer	0.1155	-0.001	0.0801	0.001	0.0105	0.014	3
Avenue	Address:	[0.31758530183727035, 0.275, 0.38713910761154857, 0.288]	[0.09317585301837271, 0.288, 0.15879265091863518, 0.301]	no-link	answer-answer	0.294	0.2244	0.1588	-0.013	-0.013	0.0	3
Avenue	Tobacco	[0.31758530183727035, 0.275, 0.38713910761154857, 0.288]	[0.28608923884514437, 0.327, 0.3648293963254593, 0.342]	no-link	answer-answer	0.101	0.0315	-0.0472	-0.052	-0.054	-0.039	3
Avenue	American	[0.31758530183727035, 0.275, 0.38713910761154857, 0.288]	[0.17979002624671916, 0.331, 0.27296587926509186, 0.344]	no-link	answer-answer	0.2073	0.1378	0.0446	-0.056	-0.056	-0.043	3
Avenue	Client:	[0.31758530183727035, 0.275, 0.38713910761154857, 0.288]	[0.09580052493438321, 0.342, 0.14173228346456693, 0.353]	no-link	answer-question	0.2913	0.2218	0.1759	-0.067	-0.065	-0.054	3
Avenue	Tareyton	[0.31758530183727035, 0.275, 0.38713910761154857, 0.288]	[0.17979002624671916, 0.38, 0.27296587926509186, 0.394]	no-link	answer-answer	0.2073	0.1378	0.0446	-0.105	-0.106	-0.092	3
Avenue	Products:	[0.31758530183727035, 0.275, 0.38713910761154857, 0.288]	[0.09580052493438321, 0.398, 0.15616797900262466, 0.411]	no-link	answer-header	0.2913	0.2218	0.1614	-0.123	-0.123	-0.11	3
Avenue	board(s))	[0.31758530183727035, 0.275, 0.38713910761154857, 0.288]	[0.24540682414698162, 0.451, 0.30708661417322836, 0.465]	no-link	answer-header	0.1417	0.0722	0.0105	-0.176	-0.177	-0.163	3
Avenue	Script(s)	[0.31758530183727035, 0.275, 0.38713910761154857, 0.288]	[0.09580052493438321, 0.453, 0.15616797900262466, 0.466]	no-link	answer-question	0.2913	0.2218	0.1614	-0.178	-0.178	-0.165	3
Avenue	(and/	[0.31758530183727035, 0.275, 0.38713910761154857, 0.288]	[0.15616797900262466, 0.453, 0.1889763779527559, 0.466]	no-link	answer-header	0.231	0.1614	0.1286	-0.178	-0.178	-0.165	3
Avenue	or	[0.31758530183727035, 0.275, 0.38713910761154857, 0.288]	[0.1889763779527559, 0.453, 0.21128608923884515, 0.463]	no-link	answer-header	0.1982	0.1286	0.1063	-0.178	-0.175	-0.165	3
Address:	Client:	[0.09317585301837271, 0.288, 0.15879265091863518, 0.301]	[0.09580052493438321, 0.342, 0.14173228346456693, 0.353]	line-line	question-question	0.0486	0.054	0.0026	0.052	-0.063	0.065	3
Address:	Tobacco	[0.09317585301837271, 0.288, 0.15879265091863518, 0.301]	[0.28608923884514437, 0.327, 0.3648293963254593, 0.342]	no-link	question-answer	-0.1273	-0.1929	-0.2717	-0.039	-0.041	-0.026	3
Address:	American	[0.09317585301837271, 0.288, 0.15879265091863518, 0.301]	[0.17979002624671916, 0.331, 0.27296587926509186, 0.344]	no-link	question-answer	-0.021	-0.0866	-0.1798	-0.043	-0.043	-0.03	3
Address:	Tareyton	[0.09317585301837271, 0.288, 0.15879265091863518, 0.301]	[0.17979002624671916, 0.38, 0.27296587926509186, 0.394]	no-link	question-answer	-0.021	-0.0866	-0.1798	-0.092	-0.093	-0.079	3
Address:	Products:	[0.09317585301837271, 0.288, 0.15879265091863518, 0.301]	[0.09580052493438321, 0.398, 0.15616797900262466, 0.411]	no-link	question-header	0.063	-0.0026	-0.063	-0.11	-0.11	-0.097	3
Address:	board(s))	[0.09317585301837271, 0.288, 0.15879265091863518, 0.301]	[0.24540682414698162, 0.451, 0.30708661417322836, 0.465]	no-link	question-header	-0.0866	-0.1522	-0.2139	-0.163	-0.164	-0.15	3
Address:	Script(s)	[0.09317585301837271, 0.288, 0.15879265091863518, 0.301]	[0.09580052493438321, 0.453, 0.15616797900262466, 0.466]	no-link	question-question	0.063	-0.0026	-0.063	-0.165	-0.165	-0.152	3
Address:	(and/	[0.09317585301837271, 0.288, 0.15879265091863518, 0.301]	[0.15616797900262466, 0.453, 0.1889763779527559, 0.466]	no-link	question-header	0.0026	-0.063	-0.0958	-0.165	-0.165	-0.152	3
Address:	or	[0.09317585301837271, 0.288, 0.15879265091863518, 0.301]	[0.1889763779527559, 0.453, 0.21128608923884515, 0.463]	no-link	question-header	-0.0302	-0.0958	-0.1181	-0.165	-0.162	-0.152	3
Address:	383	[0.09317585301837271, 0.288, 0.15879265091863518, 0.301]	[0.17716535433070865, 0.274, 0.21916010498687663, 0.288]	question-answer	question-answer	0.126	-0.014	0.084	-0.013	0.0184	0.0	3
Tobacco	Co.	[0.28608923884514437, 0.327, 0.3648293963254593, 0.342]	[0.37401574803149606, 0.331, 0.4068241469816273, 0.344]	word-word	answer-answer	0.1207	0.004	0.0879	0.002	0.0092	0.017	4
Tobacco	Client:	[0.28608923884514437, 0.327, 0.3648293963254593, 0.342]	[0.09580052493438321, 0.342, 0.14173228346456693, 0.353]	no-link	answer-question	0.269	0.1903	0.1444	-0.015	-0.011	0.0	4
Tobacco	Tareyton	[0.28608923884514437, 0.327, 0.3648293963254593, 0.342]	[0.17979002624671916, 0.38, 0.27296587926509186, 0.394]	no-link	answer-answer	0.185	0.1063	0.0131	-0.053	-0.052	-0.038	4
Tobacco	Products:	[0.28608923884514437, 0.327, 0.3648293963254593, 0.342]	[0.09580052493438321, 0.398, 0.15616797900262466, 0.411]	no-link	answer-header	0.269	0.1903	0.1299	-0.071	-0.069	-0.056	4
Tobacco	board(s))	[0.28608923884514437, 0.327, 0.3648293963254593, 0.342]	[0.24540682414698162, 0.451, 0.30708661417322836, 0.465]	no-link	answer-header	0.1194	0.0407	-0.021	-0.124	-0.123	-0.109	4
Tobacco	Script(s)	[0.28608923884514437, 0.327, 0.3648293963254593, 0.342]	[0.09580052493438321, 0.453, 0.15616797900262466, 0.466]	no-link	answer-question	0.269	0.1903	0.1299	-0.126	-0.124	-0.111	4
Tobacco	(and/	[0.28608923884514437, 0.327, 0.3648293963254593, 0.342]	[0.15616797900262466, 0.453, 0.1889763779527559, 0.466]	no-link	answer-header	0.2087	0.1299	0.0971	-0.126	-0.124	-0.111	4
Tobacco	or	[0.28608923884514437, 0.327, 0.3648293963254593, 0.342]	[0.1889763779527559, 0.453, 0.21128608923884515, 0.463]	no-link	answer-header	0.1759	0.0971	0.0748	-0.126	-0.121	-0.111	4
American	Tobacco	[0.17979002624671916, 0.331, 0.27296587926509186, 0.344]	[0.28608923884514437, 0.327, 0.3648293963254593, 0.342]	word-word	answer-answer	0.185	-0.004	0.1063	-0.002	0.0131	0.011	4
American	Client:	[0.17979002624671916, 0.331, 0.27296587926509186, 0.344]	[0.09580052493438321, 0.342, 0.14173228346456693, 0.353]	no-link	answer-answer	0.1772	0.084	0.0381	-0.011	-0.009	0.002	4
American	Tareyton	[0.17979002624671916, 0.331, 0.27296587926509186, 0.344]	[0.17979002624671916, 0.38, 0.27296587926509186, 0.394]	no-link	answer-answer	0.0932	0.0	-0.0932	-0.049	-0.05	-0.036	4
American	Products:	[0.17979002624671916, 0.331, 0.27296587926509186, 0.344]	[0.09580052493438321, 0.398, 0.15616797900262466, 0.411]	no-link	answer-header	0.1772	0.084	0.0236	-0.067	-0.067	-0.054	4
American	board(s))	[0.17979002624671916, 0.331, 0.27296587926509186, 0.344]	[0.24540682414698162, 0.451, 0.30708661417322836, 0.465]	no-link	answer-header	0.0276	-0.0656	-0.1273	-0.12	-0.121	-0.107	4
American	Script(s)	[0.17979002624671916, 0.331, 0.27296587926509186, 0.344]	[0.09580052493438321, 0.453, 0.15616797900262466, 0.466]	no-link	answer-question	0.1772	0.084	0.0236	-0.122	-0.122	-0.109	4
American	(and/	[0.17979002624671916, 0.331, 0.27296587926509186, 0.344]	[0.15616797900262466, 0.453, 0.1889763779527559, 0.466]	no-link	answer-header	0.1168	0.0236	-0.0092	-0.122	-0.122	-0.109	4
American	or	[0.17979002624671916, 0.331, 0.27296587926509186, 0.344]	[0.1889763779527559, 0.453, 0.21128608923884515, 0.463]	no-link	answer-header	0.084	-0.0092	-0.0315	-0.122	-0.119	-0.109	4
Client:	Products:	[0.09580052493438321, 0.342, 0.14173228346456693, 0.353]	[0.09580052493438321, 0.398, 0.15616797900262466, 0.411]	line-line	question-question	0.0604	0.056	0.0	0.058	-0.0459	0.069	4
Client:	Tareyton	[0.09580052493438321, 0.342, 0.14173228346456693, 0.353]	[0.17979002624671916, 0.38, 0.27296587926509186, 0.394]	no-link	question-answer	-0.0381	-0.084	-0.1772	-0.038	-0.041	-0.027	4
Client:	board(s))	[0.09580052493438321, 0.342, 0.14173228346456693, 0.353]	[0.24540682414698162, 0.451, 0.30708661417322836, 0.465]	no-link	question-header	-0.1037	-0.1496	-0.2113	-0.109	-0.112	-0.098	4
Client:	Script(s)	[0.09580052493438321, 0.342, 0.14173228346456693, 0.353]	[0.09580052493438321, 0.453, 0.15616797900262466, 0.466]	no-link	question-question	0.0459	0.0	-0.0604	-0.111	-0.113	-0.1	4
Client:	(and/	[0.09580052493438321, 0.342, 0.14173228346456693, 0.353]	[0.15616797900262466, 0.453, 0.1889763779527559, 0.466]	no-link	question-header	-0.0144	-0.0604	-0.0932	-0.111	-0.113	-0.1	4
Client:	or	[0.09580052493438321, 0.342, 0.14173228346456693, 0.353]	[0.1889763779527559, 0.453, 0.21128608923884515, 0.463]	no-link	question-header	-0.0472	-0.0932	-0.1155	-0.111	-0.11	-0.1	4
Client:	American	[0.09580052493438321, 0.342, 0.14173228346456693, 0.353]	[0.17979002624671916, 0.331, 0.27296587926509186, 0.344]	question-answer	question-answer	0.1772	-0.011	0.084	-0.009	0.0381	0.002	4
Tareyton	Cigarettes	[0.17979002624671916, 0.38, 0.27296587926509186, 0.394]	[0.2821522309711286, 0.378, 0.4015748031496063, 0.391]	word-word	answer-answer	0.2218	-0.002	0.1024	-0.003	0.0092	0.011	5
Tareyton	Products:	[0.17979002624671916, 0.38, 0.27296587926509186, 0.394]	[0.09580052493438321, 0.398, 0.15616797900262466, 0.411]	no-link	answer-answer	0.1772	0.084	0.0236	-0.018	-0.017	-0.004	5
Tareyton	board(s))	[0.17979002624671916, 0.38, 0.27296587926509186, 0.394]	[0.24540682414698162, 0.451, 0.30708661417322836, 0.465]	no-link	answer-header	0.0276	-0.0656	-0.1273	-0.071	-0.071	-0.057	5
Tareyton	Script(s)	[0.17979002624671916, 0.38, 0.27296587926509186, 0.394]	[0.09580052493438321, 0.453, 0.15616797900262466, 0.466]	no-link	answer-question	0.1772	0.084	0.0236	-0.073	-0.072	-0.059	5
Tareyton	(and/	[0.17979002624671916, 0.38, 0.27296587926509186, 0.394]	[0.15616797900262466, 0.453, 0.1889763779527559, 0.466]	no-link	answer-header	0.1168	0.0236	-0.0092	-0.073	-0.072	-0.059	5
Tareyton	or	[0.17979002624671916, 0.38, 0.27296587926509186, 0.394]	[0.1889763779527559, 0.453, 0.21128608923884515, 0.463]	no-link	answer-header	0.084	-0.0092	-0.0315	-0.073	-0.069	-0.059	5
Products:	Script(s)	[0.09580052493438321, 0.398, 0.15616797900262466, 0.411]	[0.09580052493438321, 0.453, 0.15616797900262466, 0.466]	line-line	question-header	0.0604	0.055	0.0	0.055	-0.0604	0.068	5
Products:	board(s))	[0.09580052493438321, 0.398, 0.15616797900262466, 0.411]	[0.24540682414698162, 0.451, 0.30708661417322836, 0.465]	no-link	question-header	-0.0892	-0.1496	-0.2113	-0.053	-0.054	-0.04	5
Products:	(and/	[0.09580052493438321, 0.398, 0.15616797900262466, 0.411]	[0.15616797900262466, 0.453, 0.1889763779527559, 0.466]	no-link	question-header	0.0	-0.0604	-0.0932	-0.055	-0.055	-0.042	5
Products:	or	[0.09580052493438321, 0.398, 0.15616797900262466, 0.411]	[0.1889763779527559, 0.453, 0.21128608923884515, 0.463]	no-link	question-header	-0.0328	-0.0932	-0.1155	-0.055	-0.052	-0.042	5
Products:	Tareyton	[0.09580052493438321, 0.398, 0.15616797900262466, 0.411]	[0.17979002624671916, 0.38, 0.27296587926509186, 0.394]	question-answer	question-answer	0.1772	-0.018	0.084	-0.017	0.0236	-0.004	5
board(s))	cleared:	[0.24540682414698162, 0.451, 0.30708661417322836, 0.465]	[0.30971128608923887, 0.451, 0.3661417322834646, 0.464]	word-word	header-header	0.1207	0.0	0.0643	-0.001	0.0026	0.013	6
board(s))	Script(s)	[0.24540682414698162, 0.451, 0.30708661417322836, 0.465]	[0.09580052493438321, 0.453, 0.15616797900262466, 0.466]	no-link	header-question	0.2113	0.1496	0.0892	-0.002	-0.001	0.012	6
board(s))	(and/	[0.24540682414698162, 0.451, 0.30708661417322836, 0.465]	[0.15616797900262466, 0.453, 0.1889763779527559, 0.466]	no-link	header-header	0.1509	0.0892	0.0564	-0.002	-0.001	0.012	6
board(s))	or	[0.24540682414698162, 0.451, 0.30708661417322836, 0.465]	[0.1889763779527559, 0.453, 0.21128608923884515, 0.463]	no-link	header-header	0.1181	0.0564	0.0341	-0.002	0.002	0.012	6
board(s))	cleared:	[0.24540682414698162, 0.451, 0.30708661417322836, 0.465]	[0.30971128608923887, 0.451, 0.3661417322834646, 0.464]	word-word	header-header	0.1207	0.0	0.0643	-0.001	0.0026	0.013	7
board(s))	cleared:	[0.24540682414698162, 0.451, 0.30708661417322836, 0.465]	[0.30971128608923887, 0.451, 0.3661417322834646, 0.464]	word-word	header-header	0.1207	0.0	0.0643	-0.001	0.0026	0.013	8
board(s))	cleared:	[0.24540682414698162, 0.451, 0.30708661417322836, 0.465]	[0.30971128608923887, 0.451, 0.3661417322834646, 0.464]	word-word	header-header	0.1207	0.0	0.0643	-0.001	0.0026	0.013	9
board(s))	cleared:	[0.24540682414698162, 0.451, 0.30708661417322836, 0.465]	[0.30971128608923887, 0.451, 0.3661417322834646, 0.464]	word-word	header-header	0.1207	0.0	0.0643	-0.001	0.0026	0.013	10
board(s))	cleared:	[0.24540682414698162, 0.451, 0.30708661417322836, 0.465]	[0.30971128608923887, 0.451, 0.3661417322834646, 0.464]	word-word	header-header	0.1207	0.0	0.0643	-0.001	0.0026	0.013	11
Script(s)	Phone	[0.09580052493438321, 0.453, 0.15616797900262466, 0.466]	[0.18110236220472442, 0.504, 0.23753280839895013, 0.518]	line-line	header-question	0.1417	0.051	0.0853	0.052	0.0249	0.065	6
Script(s)	(and/	[0.09580052493438321, 0.453, 0.15616797900262466, 0.466]	[0.15616797900262466, 0.453, 0.1889763779527559, 0.466]	no-link	header-header	0.0	-0.0604	-0.0932	0.0	0.0	0.013	6
Script(s)	or	[0.09580052493438321, 0.453, 0.15616797900262466, 0.466]	[0.1889763779527559, 0.453, 0.21128608923884515, 0.463]	no-link	header-header	-0.0328	-0.0932	-0.1155	0.0	0.003	0.013	6
Script(s)	(and/	[0.09580052493438321, 0.453, 0.15616797900262466, 0.466]	[0.15616797900262466, 0.453, 0.1889763779527559, 0.466]	word-word	header-header	0.0932	0.0	0.0604	0.0	0.0	0.013	6
(and/	or	[0.15616797900262466, 0.453, 0.1889763779527559, 0.466]	[0.1889763779527559, 0.453, 0.21128608923884515, 0.463]	word-word	header-header	0.0551	0.0	0.0328	-0.003	0.0	0.01	6
(and/	Script(s)	[0.15616797900262466, 0.453, 0.1889763779527559, 0.466]	[0.09580052493438321, 0.453, 0.15616797900262466, 0.466]	no-link	header-question	0.0932	0.0604	0.0	0.0	0.0	0.013	6
or	story	[0.1889763779527559, 0.453, 0.21128608923884515, 0.463]	[0.21128608923884515, 0.454, 0.24671916010498687, 0.464]	word-word	header-header	0.0577	0.001	0.0223	0.001	0.0	0.011	6
or	Script(s)	[0.1889763779527559, 0.453, 0.21128608923884515, 0.463]	[0.09580052493438321, 0.453, 0.15616797900262466, 0.466]	no-link	header-question	0.1155	0.0932	0.0328	0.0	-0.003	0.01	6
or	(and/	[0.1889763779527559, 0.453, 0.21128608923884515, 0.463]	[0.15616797900262466, 0.453, 0.1889763779527559, 0.466]	no-link	header-header	0.0551	0.0328	0.0	0.0	-0.003	0.01	6
Script(s)	Phone	[0.09580052493438321, 0.453, 0.15616797900262466, 0.466]	[0.18110236220472442, 0.504, 0.23753280839895013, 0.518]	header-question	header-question	0.1417	0.051	0.0853	0.052	0.0249	0.065	6
Script(s)	story	[0.09580052493438321, 0.453, 0.15616797900262466, 0.466]	[0.21128608923884515, 0.454, 0.24671916010498687, 0.464]	no-link	header-header	-0.0551	-0.1155	-0.1509	-0.001	0.002	0.012	6
Script(s)	Phone	[0.09580052493438321, 0.453, 0.15616797900262466, 0.466]	[0.1837270341207349, 0.52, 0.2388451443569554, 0.533]	header-question	header-question	0.143	0.067	0.0879	0.067	0.0276	0.08	6
Script(s)	Phone	[0.09580052493438321, 0.453, 0.15616797900262466, 0.466]	[0.18110236220472442, 0.534, 0.24146981627296588, 0.547]	header-question	header-question	0.1457	0.081	0.0853	0.081	0.0249	0.094	6
Script(s)	ECU	[0.09580052493438321, 0.453, 0.15616797900262466, 0.466]	[0.18110236220472442, 0.547, 0.22178477690288714, 0.56]	header-question	header-question	0.126	0.094	0.0853	0.094	0.0249	0.107	6
Script(s)	ECU	[0.09580052493438321, 0.453, 0.15616797900262466, 0.466]	[0.18110236220472442, 0.561, 0.21916010498687663, 0.574]	header-question	header-question	0.1234	0.108	0.0853	0.108	0.0249	0.121	6
Script(s)	ECU	[0.09580052493438321, 0.453, 0.15616797900262466, 0.466]	[0.18110236220472442, 0.575, 0.2178477690288714, 0.589]	header-question	header-question	0.122	0.122	0.0853	0.123	0.0249	0.136	6
Script(s)	(and/	[0.09580052493438321, 0.453, 0.15616797900262466, 0.466]	[0.15616797900262466, 0.453, 0.1889763779527559, 0.466]	word-word	header-header	0.0932	0.0	0.0604	0.0	0.0	0.013	7
Script(s)	Booth	[0.09580052493438321, 0.453, 0.15616797900262466, 0.466]	[0.2532808398950131, 0.503, 0.30971128608923887, 0.517]	no-link	header-question	-0.0971	-0.1575	-0.2139	-0.05	-0.051	-0.037	7
(and/	or	[0.15616797900262466, 0.453, 0.1889763779527559, 0.466]	[0.1889763779527559, 0.453, 0.21128608923884515, 0.463]	word-word	header-header	0.0551	0.0	0.0328	-0.003	0.0	0.01	7
(and/	story	[0.15616797900262466, 0.453, 0.1889763779527559, 0.466]	[0.21128608923884515, 0.454, 0.24671916010498687, 0.464]	no-link	header-header	-0.0223	-0.0551	-0.0906	-0.001	0.002	0.012	7
(and/	Booth	[0.15616797900262466, 0.453, 0.1889763779527559, 0.466]	[0.2532808398950131, 0.503, 0.30971128608923887, 0.517]	no-link	header-question	-0.0643	-0.0971	-0.1535	-0.05	-0.051	-0.037	7
or	story	[0.1889763779527559, 0.453, 0.21128608923884515, 0.463]	[0.21128608923884515, 0.454, 0.24671916010498687, 0.464]	word-word	header-header	0.0577	0.001	0.0223	0.001	0.0	0.011	7
or	Booth	[0.1889763779527559, 0.453, 0.21128608923884515, 0.463]	[0.2532808398950131, 0.503, 0.30971128608923887, 0.517]	no-link	header-question	-0.042	-0.0643	-0.1207	-0.05	-0.054	-0.04	7
or	Phone	[0.1889763779527559, 0.453, 0.21128608923884515, 0.463]	[0.18110236220472442, 0.504, 0.23753280839895013, 0.518]	no-link	header-question	0.0302	0.0079	-0.0486	-0.051	-0.055	-0.041	7
Script(s)	(and/	[0.09580052493438321, 0.453, 0.15616797900262466, 0.466]	[0.15616797900262466, 0.453, 0.1889763779527559, 0.466]	word-word	header-header	0.0932	0.0	0.0604	0.0	0.0	0.013	8
(and/	or	[0.15616797900262466, 0.453, 0.1889763779527559, 0.466]	[0.1889763779527559, 0.453, 0.21128608923884515, 0.463]	word-word	header-header	0.0551	0.0	0.0328	-0.003	0.0	0.01	8
(and/	Phone	[0.15616797900262466, 0.453, 0.1889763779527559, 0.466]	[0.18110236220472442, 0.504, 0.23753280839895013, 0.518]	no-link	header-question	0.0079	-0.0249	-0.0814	-0.051	-0.052	-0.038	8
or	story	[0.1889763779527559, 0.453, 0.21128608923884515, 0.463]	[0.21128608923884515, 0.454, 0.24671916010498687, 0.464]	word-word	header-header	0.0577	0.001	0.0223	0.001	0.0	0.011	8
Script(s)	(and/	[0.09580052493438321, 0.453, 0.15616797900262466, 0.466]	[0.15616797900262466, 0.453, 0.1889763779527559, 0.466]	word-word	header-header	0.0932	0.0	0.0604	0.0	0.0	0.013	9
(and/	or	[0.15616797900262466, 0.453, 0.1889763779527559, 0.466]	[0.1889763779527559, 0.453, 0.21128608923884515, 0.463]	word-word	header-header	0.0551	0.0	0.0328	-0.003	0.0	0.01	9
or	story	[0.1889763779527559, 0.453, 0.21128608923884515, 0.463]	[0.21128608923884515, 0.454, 0.24671916010498687, 0.464]	word-word	header-header	0.0577	0.001	0.0223	0.001	0.0	0.011	9
Script(s)	(and/	[0.09580052493438321, 0.453, 0.15616797900262466, 0.466]	[0.15616797900262466, 0.453, 0.1889763779527559, 0.466]	word-word	header-header	0.0932	0.0	0.0604	0.0	0.0	0.013	10
(and/	or	[0.15616797900262466, 0.453, 0.1889763779527559, 0.466]	[0.1889763779527559, 0.453, 0.21128608923884515, 0.463]	word-word	header-header	0.0551	0.0	0.0328	-0.003	0.0	0.01	10
or	story	[0.1889763779527559, 0.453, 0.21128608923884515, 0.463]	[0.21128608923884515, 0.454, 0.24671916010498687, 0.464]	word-word	header-header	0.0577	0.001	0.0223	0.001	0.0	0.011	10
Script(s)	(and/	[0.09580052493438321, 0.453, 0.15616797900262466, 0.466]	[0.15616797900262466, 0.453, 0.1889763779527559, 0.466]	word-word	header-header	0.0932	0.0	0.0604	0.0	0.0	0.013	11
(and/	or	[0.15616797900262466, 0.453, 0.1889763779527559, 0.466]	[0.1889763779527559, 0.453, 0.21128608923884515, 0.463]	word-word	header-header	0.0551	0.0	0.0328	-0.003	0.0	0.01	11
or	story	[0.1889763779527559, 0.453, 0.21128608923884515, 0.463]	[0.21128608923884515, 0.454, 0.24671916010498687, 0.464]	word-word	header-header	0.0577	0.001	0.0223	0.001	0.0	0.011	11
story	board(s))	[0.21128608923884515, 0.454, 0.24671916010498687, 0.464]	[0.24540682414698162, 0.451, 0.30708661417322836, 0.465]	word-word	header-header	0.0958	-0.003	0.0341	0.001	-0.0013	0.011	6
story	Booth	[0.21128608923884515, 0.454, 0.24671916010498687, 0.464]	[0.2532808398950131, 0.503, 0.30971128608923887, 0.517]	no-link	header-question	-0.0066	-0.042	-0.0984	-0.049	-0.053	-0.039	6
story	Phone	[0.21128608923884515, 0.454, 0.24671916010498687, 0.464]	[0.18110236220472442, 0.504, 0.23753280839895013, 0.518]	no-link	header-question	0.0656	0.0302	-0.0262	-0.05	-0.054	-0.04	6
story	board(s))	[0.21128608923884515, 0.454, 0.24671916010498687, 0.464]	[0.24540682414698162, 0.451, 0.30708661417322836, 0.465]	word-word	header-header	0.0958	-0.003	0.0341	0.001	-0.0013	0.011	7
story	board(s))	[0.21128608923884515, 0.454, 0.24671916010498687, 0.464]	[0.24540682414698162, 0.451, 0.30708661417322836, 0.465]	word-word	header-header	0.0958	-0.003	0.0341	0.001	-0.0013	0.011	8
story	board(s))	[0.21128608923884515, 0.454, 0.24671916010498687, 0.464]	[0.24540682414698162, 0.451, 0.30708661417322836, 0.465]	word-word	header-header	0.0958	-0.003	0.0341	0.001	-0.0013	0.011	9
story	board(s))	[0.21128608923884515, 0.454, 0.24671916010498687, 0.464]	[0.24540682414698162, 0.451, 0.30708661417322836, 0.465]	word-word	header-header	0.0958	-0.003	0.0341	0.001	-0.0013	0.011	10
story	board(s))	[0.21128608923884515, 0.454, 0.24671916010498687, 0.464]	[0.24540682414698162, 0.451, 0.30708661417322836, 0.465]	word-word	header-header	0.0958	-0.003	0.0341	0.001	-0.0013	0.011	11
Booth	:	[0.2532808398950131, 0.503, 0.30971128608923887, 0.517]	[0.38713910761154857, 0.506, 0.39763779527559057, 0.517]	word-word	question-question	0.1444	0.003	0.1339	0.0	0.0774	0.014	6
Booth	Phone	[0.2532808398950131, 0.503, 0.30971128608923887, 0.517]	[0.18110236220472442, 0.504, 0.23753280839895013, 0.518]	no-link	question-question	0.1286	0.0722	0.0157	-0.001	-0.001	0.013	6
Booth	ECU	[0.2532808398950131, 0.503, 0.30971128608923887, 0.517]	[0.18110236220472442, 0.547, 0.22178477690288714, 0.56]	no-link	question-question	0.1286	0.0722	0.0315	-0.044	-0.043	-0.03	6
Booth	:	[0.2532808398950131, 0.503, 0.30971128608923887, 0.517]	[0.38713910761154857, 0.506, 0.39763779527559057, 0.517]	word-word	question-question	0.1444	0.003	0.1339	0.0	0.0774	0.014	7
Phone	Booth	[0.18110236220472442, 0.504, 0.23753280839895013, 0.518]	[0.2532808398950131, 0.503, 0.30971128608923887, 0.517]	word-word	question-question	0.1286	-0.001	0.0722	-0.001	0.0157	0.013	6
Phone	ECU	[0.18110236220472442, 0.504, 0.23753280839895013, 0.518]	[0.18110236220472442, 0.547, 0.22178477690288714, 0.56]	no-link	question-question	0.0564	0.0	-0.0407	-0.043	-0.042	-0.029	6
Phone	Phone	[0.18110236220472442, 0.504, 0.23753280839895013, 0.518]	[0.1837270341207349, 0.52, 0.2388451443569554, 0.533]	line-line	question-question	0.0577	0.016	0.0026	0.015	-0.0538	0.029	7
Phone	Booth	[0.18110236220472442, 0.504, 0.23753280839895013, 0.518]	[0.2532808398950131, 0.503, 0.30971128608923887, 0.517]	word-word	question-question	0.1286	-0.001	0.0722	-0.001	0.0157	0.013	7
Phone	20	[0.18110236220472442, 0.504, 0.23753280839895013, 0.518]	[0.39763779527559057, 0.504, 0.4238845144356955, 0.517]	question-answer	question-answer	0.2428	0.0	0.2165	-0.001	0.1601	0.013	7
Phone	Script(s)	[0.18110236220472442, 0.504, 0.23753280839895013, 0.518]	[0.09580052493438321, 0.453, 0.15616797900262466, 0.466]	question-header	question-header	-0.0249	-0.051	-0.0853	-0.052	-0.1417	-0.038	7
Booth	:	[0.2532808398950131, 0.518, 0.3123359580052493, 0.532]	[0.3884514435695538, 0.52, 0.3989501312335958, 0.531]	word-word	question-question	0.1457	0.002	0.1352	-0.001	0.0761	0.013	6
Booth	:	[0.2532808398950131, 0.518, 0.3123359580052493, 0.532]	[0.3884514435695538, 0.52, 0.3989501312335958, 0.531]	word-word	question-question	0.1457	0.002	0.1352	-0.001	0.0761	0.013	8
Phone	Booth	[0.1837270341207349, 0.52, 0.2388451443569554, 0.533]	[0.2532808398950131, 0.518, 0.3123359580052493, 0.532]	word-word	question-question	0.1286	-0.002	0.0696	-0.001	0.0144	0.012	6
Phone	Phone	[0.1837270341207349, 0.52, 0.2388451443569554, 0.533]	[0.18110236220472442, 0.534, 0.24146981627296588, 0.547]	line-line	question-question	0.0577	0.014	-0.0026	0.014	-0.0577	0.027	8
Phone	Booth	[0.1837270341207349, 0.52, 0.2388451443569554, 0.533]	[0.2532808398950131, 0.518, 0.3123359580052493, 0.532]	word-word	question-question	0.1286	-0.002	0.0696	-0.001	0.0144	0.012	8
Phone	30	[0.1837270341207349, 0.52, 0.2388451443569554, 0.533]	[0.3989501312335958, 0.518, 0.4225721784776903, 0.531]	question-answer	question-answer	0.2388	-0.002	0.2152	-0.002	0.1601	0.011	8
Phone	Script(s)	[0.1837270341207349, 0.52, 0.2388451443569554, 0.533]	[0.09580052493438321, 0.453, 0.15616797900262466, 0.466]	question-header	question-header	-0.0276	-0.067	-0.0879	-0.067	-0.143	-0.054	8
Booth	:	[0.25065616797900264, 0.532, 0.3110236220472441, 0.545]	[0.38976377952755903, 0.532, 0.3989501312335958, 0.545]	word-word	question-question	0.1483	0.0	0.1391	0.0	0.0787	0.013	6
Booth	:	[0.25065616797900264, 0.532, 0.3110236220472441, 0.545]	[0.38976377952755903, 0.532, 0.3989501312335958, 0.545]	word-word	question-question	0.1483	0.0	0.1391	0.0	0.0787	0.013	9
Phone	Booth	[0.18110236220472442, 0.534, 0.24146981627296588, 0.547]	[0.25065616797900264, 0.532, 0.3110236220472441, 0.545]	word-word	question-question	0.1299	-0.002	0.0696	-0.002	0.0092	0.011	6
Phone	ECU	[0.18110236220472442, 0.534, 0.24146981627296588, 0.547]	[0.18110236220472442, 0.547, 0.22178477690288714, 0.56]	line-line	question-question	0.0407	0.013	0.0	0.013	-0.0604	0.026	9
Phone	Booth	[0.18110236220472442, 0.534, 0.24146981627296588, 0.547]	[0.25065616797900264, 0.532, 0.3110236220472441, 0.545]	word-word	question-question	0.1299	-0.002	0.0696	-0.002	0.0092	0.011	9
Phone	60	[0.18110236220472442, 0.534, 0.24146981627296588, 0.547]	[0.39763779527559057, 0.531, 0.4238845144356955, 0.544]	question-answer	question-answer	0.2428	-0.003	0.2165	-0.003	0.1562	0.01	9
Phone	Script(s)	[0.18110236220472442, 0.534, 0.24146981627296588, 0.547]	[0.09580052493438321, 0.453, 0.15616797900262466, 0.466]	question-header	question-header	-0.0249	-0.081	-0.0853	-0.081	-0.1457	-0.068	9
ECU	:	[0.18110236220472442, 0.547, 0.22178477690288714, 0.56]	[0.38976377952755903, 0.549, 0.39763779527559057, 0.559]	word-word	question-question	0.2165	0.002	0.2087	-0.001	0.168	0.012	6
ECU	ECU	[0.18110236220472442, 0.547, 0.22178477690288714, 0.56]	[0.18110236220472442, 0.561, 0.21916010498687663, 0.574]	line-line	question-question	0.0381	0.014	0.0	0.014	-0.0407	0.027	10
ECU	:	[0.18110236220472442, 0.547, 0.22178477690288714, 0.56]	[0.38976377952755903, 0.549, 0.39763779527559057, 0.559]	word-word	question-question	0.2165	0.002	0.2087	-0.001	0.168	0.012	10
ECU	20	[0.18110236220472442, 0.547, 0.22178477690288714, 0.56]	[0.39763779527559057, 0.545, 0.421259842519685, 0.558]	question-answer	question-answer	0.2402	-0.002	0.2165	-0.002	0.1759	0.011	10
ECU	Script(s)	[0.18110236220472442, 0.547, 0.22178477690288714, 0.56]	[0.09580052493438321, 0.453, 0.15616797900262466, 0.466]	question-header	question-header	-0.0249	-0.094	-0.0853	-0.094	-0.126	-0.081	10
ECU	:	[0.18110236220472442, 0.561, 0.21916010498687663, 0.574]	[0.38976377952755903, 0.561, 0.3989501312335958, 0.572]	word-word	question-question	0.2178	0.0	0.2087	-0.002	0.1706	0.011	6
ECU	:	[0.18110236220472442, 0.561, 0.21916010498687663, 0.574]	[0.38976377952755903, 0.561, 0.3989501312335958, 0.572]	word-word	question-question	0.2178	0.0	0.2087	-0.002	0.1706	0.011	11
ECU	30	[0.18110236220472442, 0.561, 0.21916010498687663, 0.574]	[0.4015748031496063, 0.56, 0.4238845144356955, 0.573]	question-answer	question-answer	0.2428	-0.001	0.2205	-0.001	0.1824	0.012	11
ECU	Script(s)	[0.18110236220472442, 0.561, 0.21916010498687663, 0.574]	[0.09580052493438321, 0.453, 0.15616797900262466, 0.466]	question-header	question-header	-0.0249	-0.108	-0.0853	-0.108	-0.1234	-0.095	11
ECU	:	[0.18110236220472442, 0.575, 0.2178477690288714, 0.589]	[0.38976377952755903, 0.575, 0.400262467191601, 0.588]	word-word	question-question	0.2192	0.0	0.2087	-0.001	0.1719	0.013	6
