I	DAWSON	[0.525096525096525, 0.045, 0.5379665379665379, 0.06]	[0.3410553410553411, 0.089, 0.4092664092664093, 0.102]	word-word	header-header	-0.1158	0.044	-0.184	0.042	-0.1969	0.057	0
I	ADDENDUM	[0.525096525096525, 0.045, 0.5379665379665379, 0.06]	[0.4337194337194337, 0.047, 0.5186615186615187, 0.06]	no-link	header-header	0.1042	0.0914	0.0064	-0.002	0.0	0.013	0
I	CORPORATION	[0.525096525096525, 0.045, 0.5379665379665379, 0.06]	[0.5122265122265123, 0.088, 0.6306306306306306, 0.101]	no-link	header-header	0.0257	0.0129	-0.1055	-0.043	-0.041	-0.028	0
I	RESEARCH	[0.525096525096525, 0.045, 0.5379665379665379, 0.06]	[0.416988416988417, 0.092, 0.5032175032175032, 0.102]	no-link	header-header	0.121	0.1081	0.0219	-0.047	-0.042	-0.032	0
I	Order	[0.525096525096525, 0.045, 0.5379665379665379, 0.06]	[0.5032175032175032, 0.11, 0.5495495495495496, 0.127]	no-link	header-header	0.0347	0.0219	-0.0245	-0.065	-0.067	-0.05	0
I	Change	[0.525096525096525, 0.045, 0.5379665379665379, 0.06]	[0.425997425997426, 0.112, 0.4980694980694981, 0.127]	no-link	header-header	0.112	0.0991	0.027	-0.067	-0.067	-0.052	0
I	Protocol	[0.525096525096525, 0.045, 0.5379665379665379, 0.06]	[0.323037323037323, 0.113, 0.40797940797940796, 0.127]	no-link	header-header	0.2149	0.2021	0.1171	-0.068	-0.067	-0.053	0
I	No.	[0.525096525096525, 0.045, 0.5379665379665379, 0.06]	[0.5624195624195624, 0.113, 0.5933075933075933, 0.126]	no-link	header-header	-0.0245	-0.0373	-0.0682	-0.068	-0.066	-0.053	0
I	Date	[0.525096525096525, 0.045, 0.5379665379665379, 0.06]	[0.6872586872586872, 0.155, 0.7323037323037324, 0.169]	no-link	header-question	-0.1493	-0.1622	-0.2072	-0.11	-0.109	-0.095	0
I	the	[0.525096525096525, 0.045, 0.5379665379665379, 0.06]	[0.435006435006435, 0.19, 0.47104247104247104, 0.21]	no-link	header-answer	0.103	0.0901	0.0541	-0.145	-0.15	-0.13	0
I	of	[0.525096525096525, 0.045, 0.5379665379665379, 0.06]	[0.4118404118404118, 0.194, 0.42985842985842987, 0.211]	no-link	header-answer	0.1261	0.1133	0.0952	-0.149	-0.151	-0.134	0
I	Pre-	[0.525096525096525, 0.045, 0.5379665379665379, 0.06]	[0.48133848133848134, 0.194, 0.5212355212355212, 0.211]	no-link	header-answer	0.0566	0.0438	0.0039	-0.149	-0.151	-0.134	0
I	dose	[0.525096525096525, 0.045, 0.5379665379665379, 0.06]	[0.5212355212355212, 0.194, 0.564993564993565, 0.211]	no-link	header-answer	0.0167	0.0039	-0.0399	-0.149	-0.151	-0.134	0
I	Biomicroscopic	[0.525096525096525, 0.045, 0.5379665379665379, 0.06]	[0.5714285714285714, 0.194, 0.712998712998713, 0.209]	no-link	header-answer	-0.0335	-0.0463	-0.1879	-0.149	-0.149	-0.134	0
I	time	[0.525096525096525, 0.045, 0.5379665379665379, 0.06]	[0.3577863577863578, 0.196, 0.4015444015444015, 0.213]	no-link	header-answer	0.1802	0.1673	0.1236	-0.151	-0.153	-0.136	0
I	in	[0.525096525096525, 0.045, 0.5379665379665379, 0.06]	[0.28442728442728443, 0.197, 0.31016731016731014, 0.211]	no-link	header-answer	0.2535	0.2407	0.2149	-0.152	-0.151	-0.137	0
I	Subject	[0.525096525096525, 0.045, 0.5379665379665379, 0.06]	[0.13256113256113256, 0.201, 0.20463320463320464, 0.219]	no-link	header-question	0.4054	0.3925	0.3205	-0.156	-0.159	-0.141	0
ADDENDUM	Date	[0.4337194337194337, 0.047, 0.5186615186615187, 0.06]	[0.6872586872586872, 0.155, 0.7323037323037324, 0.169]	line-line	header-question	0.2986	0.108	0.2535	0.109	0.1686	0.122	0
ADDENDUM	CORPORATION	[0.4337194337194337, 0.047, 0.5186615186615187, 0.06]	[0.5122265122265123, 0.088, 0.6306306306306306, 0.101]	no-link	header-header	0.0064	-0.0785	-0.1969	-0.041	-0.041	-0.028	0
ADDENDUM	DAWSON	[0.4337194337194337, 0.047, 0.5186615186615187, 0.06]	[0.3410553410553411, 0.089, 0.4092664092664093, 0.102]	no-link	header-header	0.1776	0.0927	0.0245	-0.042	-0.042	-0.029	0
ADDENDUM	RESEARCH	[0.4337194337194337, 0.047, 0.5186615186615187, 0.06]	[0.416988416988417, 0.092, 0.5032175032175032, 0.102]	no-link	header-header	0.1017	0.0167	-0.0695	-0.045	-0.042	-0.032	0
ADDENDUM	Order	[0.4337194337194337, 0.047, 0.5186615186615187, 0.06]	[0.5032175032175032, 0.11, 0.5495495495495496, 0.127]	no-link	header-header	0.0154	-0.0695	-0.1158	-0.063	-0.067	-0.05	0
ADDENDUM	Change	[0.4337194337194337, 0.047, 0.5186615186615187, 0.06]	[0.425997425997426, 0.112, 0.4980694980694981, 0.127]	no-link	header-header	0.0927	0.0077	-0.0644	-0.065	-0.067	-0.052	0
ADDENDUM	Protocol	[0.4337194337194337, 0.047, 0.5186615186615187, 0.06]	[0.323037323037323, 0.113, 0.40797940797940796, 0.127]	no-link	header-header	0.1956	0.1107	0.0257	-0.066	-0.067	-0.053	0
ADDENDUM	No.	[0.4337194337194337, 0.047, 0.5186615186615187, 0.06]	[0.5624195624195624, 0.113, 0.5933075933075933, 0.126]	no-link	header-header	-0.0438	-0.1287	-0.1596	-0.066	-0.066	-0.053	0
ADDENDUM	the	[0.4337194337194337, 0.047, 0.5186615186615187, 0.06]	[0.435006435006435, 0.19, 0.47104247104247104, 0.21]	no-link	header-answer	0.0837	-0.0013	-0.0373	-0.143	-0.15	-0.13	0
ADDENDUM	of	[0.4337194337194337, 0.047, 0.5186615186615187, 0.06]	[0.4118404118404118, 0.194, 0.42985842985842987, 0.211]	no-link	header-answer	0.1068	0.0219	0.0039	-0.147	-0.151	-0.134	0
ADDENDUM	Pre-	[0.4337194337194337, 0.047, 0.5186615186615187, 0.06]	[0.48133848133848134, 0.194, 0.5212355212355212, 0.211]	no-link	header-answer	0.0373	-0.0476	-0.0875	-0.147	-0.151	-0.134	0
ADDENDUM	dose	[0.4337194337194337, 0.047, 0.5186615186615187, 0.06]	[0.5212355212355212, 0.194, 0.564993564993565, 0.211]	no-link	header-answer	-0.0026	-0.0875	-0.1313	-0.147	-0.151	-0.134	0
ADDENDUM	Biomicroscopic	[0.4337194337194337, 0.047, 0.5186615186615187, 0.06]	[0.5714285714285714, 0.194, 0.712998712998713, 0.209]	no-link	header-answer	-0.0528	-0.1377	-0.2793	-0.147	-0.149	-0.134	0
ADDENDUM	time	[0.4337194337194337, 0.047, 0.5186615186615187, 0.06]	[0.3577863577863578, 0.196, 0.4015444015444015, 0.213]	no-link	header-answer	0.1609	0.0759	0.0322	-0.149	-0.153	-0.136	0
ADDENDUM	in	[0.4337194337194337, 0.047, 0.5186615186615187, 0.06]	[0.28442728442728443, 0.197, 0.31016731016731014, 0.211]	no-link	header-answer	0.2342	0.1493	0.1236	-0.15	-0.151	-0.137	0
ADDENDUM	Subject	[0.4337194337194337, 0.047, 0.5186615186615187, 0.06]	[0.13256113256113256, 0.201, 0.20463320463320464, 0.219]	no-link	header-question	0.3861	0.3012	0.2291	-0.154	-0.159	-0.141	0
ADDENDUM	I	[0.4337194337194337, 0.047, 0.5186615186615187, 0.06]	[0.525096525096525, 0.045, 0.5379665379665379, 0.06]	word-word	header-header	0.1042	-0.002	0.0914	0.0	0.0064	0.013	0
ADDENDUM	Verbal	[0.4337194337194337, 0.047, 0.5186615186615187, 0.06]	[0.7554697554697555, 0.278, 0.8288288288288288, 0.293]	no-link	header-answer	-0.2368	-0.3218	-0.3951	-0.231	-0.233	-0.218	0
CORPORATION	Protocol	[0.5122265122265123, 0.088, 0.6306306306306306, 0.101]	[0.323037323037323, 0.113, 0.40797940797940796, 0.127]	word-word	header-header	-0.1042	0.025	-0.1892	0.026	-0.3076	0.039	0
CORPORATION	RESEARCH	[0.5122265122265123, 0.088, 0.6306306306306306, 0.101]	[0.416988416988417, 0.092, 0.5032175032175032, 0.102]	no-link	header-header	0.2136	0.0952	0.009	-0.004	-0.001	0.009	0
CORPORATION	Order	[0.5122265122265123, 0.088, 0.6306306306306306, 0.101]	[0.5032175032175032, 0.11, 0.5495495495495496, 0.127]	no-link	header-header	0.1274	0.009	-0.0373	-0.022	-0.026	-0.009	0
CORPORATION	Change	[0.5122265122265123, 0.088, 0.6306306306306306, 0.101]	[0.425997425997426, 0.112, 0.4980694980694981, 0.127]	no-link	header-header	0.2046	0.0862	0.0142	-0.024	-0.026	-0.011	0
CORPORATION	No.	[0.5122265122265123, 0.088, 0.6306306306306306, 0.101]	[0.5624195624195624, 0.113, 0.5933075933075933, 0.126]	no-link	header-header	0.0682	-0.0502	-0.0811	-0.025	-0.025	-0.012	0
CORPORATION	Date	[0.5122265122265123, 0.088, 0.6306306306306306, 0.101]	[0.6872586872586872, 0.155, 0.7323037323037324, 0.169]	no-link	header-question	-0.0566	-0.175	-0.2201	-0.067	-0.068	-0.054	0
CORPORATION	the	[0.5122265122265123, 0.088, 0.6306306306306306, 0.101]	[0.435006435006435, 0.19, 0.47104247104247104, 0.21]	no-link	header-answer	0.1956	0.0772	0.0412	-0.102	-0.109	-0.089	0
CORPORATION	of	[0.5122265122265123, 0.088, 0.6306306306306306, 0.101]	[0.4118404118404118, 0.194, 0.42985842985842987, 0.211]	no-link	header-answer	0.2188	0.1004	0.0824	-0.106	-0.11	-0.093	0
CORPORATION	Pre-	[0.5122265122265123, 0.088, 0.6306306306306306, 0.101]	[0.48133848133848134, 0.194, 0.5212355212355212, 0.211]	no-link	header-answer	0.1493	0.0309	-0.009	-0.106	-0.11	-0.093	0
CORPORATION	dose	[0.5122265122265123, 0.088, 0.6306306306306306, 0.101]	[0.5212355212355212, 0.194, 0.564993564993565, 0.211]	no-link	header-answer	0.1094	-0.009	-0.0528	-0.106	-0.11	-0.093	0
CORPORATION	Biomicroscopic	[0.5122265122265123, 0.088, 0.6306306306306306, 0.101]	[0.5714285714285714, 0.194, 0.712998712998713, 0.209]	no-link	header-answer	0.0592	-0.0592	-0.2008	-0.106	-0.108	-0.093	0
CORPORATION	time	[0.5122265122265123, 0.088, 0.6306306306306306, 0.101]	[0.3577863577863578, 0.196, 0.4015444015444015, 0.213]	no-link	header-answer	0.2728	0.1544	0.1107	-0.108	-0.112	-0.095	0
CORPORATION	in	[0.5122265122265123, 0.088, 0.6306306306306306, 0.101]	[0.28442728442728443, 0.197, 0.31016731016731014, 0.211]	no-link	header-answer	0.3462	0.2278	0.2021	-0.109	-0.11	-0.096	0
CORPORATION	Subject	[0.5122265122265123, 0.088, 0.6306306306306306, 0.101]	[0.13256113256113256, 0.201, 0.20463320463320464, 0.219]	no-link	header-question	0.4981	0.3797	0.3076	-0.113	-0.118	-0.1	0
CORPORATION	Verbal	[0.5122265122265123, 0.088, 0.6306306306306306, 0.101]	[0.7554697554697555, 0.278, 0.8288288288288288, 0.293]	no-link	header-answer	-0.1248	-0.2432	-0.3166	-0.19	-0.192	-0.177	0
DAWSON	RESEARCH	[0.3410553410553411, 0.089, 0.4092664092664093, 0.102]	[0.416988416988417, 0.092, 0.5032175032175032, 0.102]	word-word	header-header	0.1622	0.003	0.0759	0.0	0.0077	0.013	0
DAWSON	Order	[0.3410553410553411, 0.089, 0.4092664092664093, 0.102]	[0.5032175032175032, 0.11, 0.5495495495495496, 0.127]	no-link	header-header	-0.094	-0.1622	-0.2085	-0.021	-0.025	-0.008	0
DAWSON	Change	[0.3410553410553411, 0.089, 0.4092664092664093, 0.102]	[0.425997425997426, 0.112, 0.4980694980694981, 0.127]	no-link	header-header	-0.0167	-0.0849	-0.157	-0.023	-0.025	-0.01	0
DAWSON	Protocol	[0.3410553410553411, 0.089, 0.4092664092664093, 0.102]	[0.323037323037323, 0.113, 0.40797940797940796, 0.127]	no-link	header-header	0.0862	0.018	-0.0669	-0.024	-0.025	-0.011	0
DAWSON	No.	[0.3410553410553411, 0.089, 0.4092664092664093, 0.102]	[0.5624195624195624, 0.113, 0.5933075933075933, 0.126]	no-link	header-header	-0.1532	-0.2214	-0.2523	-0.024	-0.024	-0.011	0
DAWSON	Date	[0.3410553410553411, 0.089, 0.4092664092664093, 0.102]	[0.6872586872586872, 0.155, 0.7323037323037324, 0.169]	no-link	header-question	-0.278	-0.3462	-0.3912	-0.066	-0.067	-0.053	0
DAWSON	the	[0.3410553410553411, 0.089, 0.4092664092664093, 0.102]	[0.435006435006435, 0.19, 0.47104247104247104, 0.21]	no-link	header-answer	-0.0257	-0.094	-0.13	-0.101	-0.108	-0.088	0
DAWSON	of	[0.3410553410553411, 0.089, 0.4092664092664093, 0.102]	[0.4118404118404118, 0.194, 0.42985842985842987, 0.211]	no-link	header-answer	-0.0026	-0.0708	-0.0888	-0.105	-0.109	-0.092	0
DAWSON	Pre-	[0.3410553410553411, 0.089, 0.4092664092664093, 0.102]	[0.48133848133848134, 0.194, 0.5212355212355212, 0.211]	no-link	header-answer	-0.0721	-0.1403	-0.1802	-0.105	-0.109	-0.092	0
DAWSON	dose	[0.3410553410553411, 0.089, 0.4092664092664093, 0.102]	[0.5212355212355212, 0.194, 0.564993564993565, 0.211]	no-link	header-answer	-0.112	-0.1802	-0.2239	-0.105	-0.109	-0.092	0
DAWSON	Biomicroscopic	[0.3410553410553411, 0.089, 0.4092664092664093, 0.102]	[0.5714285714285714, 0.194, 0.712998712998713, 0.209]	no-link	header-answer	-0.1622	-0.2304	-0.3719	-0.105	-0.107	-0.092	0
DAWSON	time	[0.3410553410553411, 0.089, 0.4092664092664093, 0.102]	[0.3577863577863578, 0.196, 0.4015444015444015, 0.213]	no-link	header-answer	0.0515	-0.0167	-0.0605	-0.107	-0.111	-0.094	0
DAWSON	in	[0.3410553410553411, 0.089, 0.4092664092664093, 0.102]	[0.28442728442728443, 0.197, 0.31016731016731014, 0.211]	no-link	header-answer	0.1248	0.0566	0.0309	-0.108	-0.109	-0.095	0
DAWSON	Subject	[0.3410553410553411, 0.089, 0.4092664092664093, 0.102]	[0.13256113256113256, 0.201, 0.20463320463320464, 0.219]	no-link	header-question	0.2767	0.2085	0.1364	-0.112	-0.117	-0.099	0
DAWSON	Verbal	[0.3410553410553411, 0.089, 0.4092664092664093, 0.102]	[0.7554697554697555, 0.278, 0.8288288288288288, 0.293]	no-link	header-answer	-0.3462	-0.4144	-0.4878	-0.189	-0.191	-0.176	0
RESEARCH	CORPORATION	[0.416988416988417, 0.092, 0.5032175032175032, 0.102]	[0.5122265122265123, 0.088, 0.6306306306306306, 0.101]	word-word	header-header	0.2136	-0.004	0.0952	-0.001	0.009	0.009	0
RESEARCH	Change	[0.416988416988417, 0.092, 0.5032175032175032, 0.102]	[0.425997425997426, 0.112, 0.4980694980694981, 0.127]	no-link	header-header	0.0772	-0.009	-0.0811	-0.02	-0.025	-0.01	0
RESEARCH	Protocol	[0.416988416988417, 0.092, 0.5032175032175032, 0.102]	[0.323037323037323, 0.113, 0.40797940797940796, 0.127]	no-link	header-header	0.1802	0.094	0.009	-0.021	-0.025	-0.011	0
RESEARCH	No.	[0.416988416988417, 0.092, 0.5032175032175032, 0.102]	[0.5624195624195624, 0.113, 0.5933075933075933, 0.126]	no-link	header-header	-0.0592	-0.1454	-0.1763	-0.021	-0.024	-0.011	0
RESEARCH	Date	[0.416988416988417, 0.092, 0.5032175032175032, 0.102]	[0.6872586872586872, 0.155, 0.7323037323037324, 0.169]	no-link	header-question	-0.184	-0.2703	-0.3153	-0.063	-0.067	-0.053	0
RESEARCH	the	[0.416988416988417, 0.092, 0.5032175032175032, 0.102]	[0.435006435006435, 0.19, 0.47104247104247104, 0.21]	no-link	header-answer	0.0682	-0.018	-0.0541	-0.098	-0.108	-0.088	0
RESEARCH	of	[0.416988416988417, 0.092, 0.5032175032175032, 0.102]	[0.4118404118404118, 0.194, 0.42985842985842987, 0.211]	no-link	header-answer	0.0914	0.0051	-0.0129	-0.102	-0.109	-0.092	0
RESEARCH	Pre-	[0.416988416988417, 0.092, 0.5032175032175032, 0.102]	[0.48133848133848134, 0.194, 0.5212355212355212, 0.211]	no-link	header-answer	0.0219	-0.0644	-0.1042	-0.102	-0.109	-0.092	0
RESEARCH	dose	[0.416988416988417, 0.092, 0.5032175032175032, 0.102]	[0.5212355212355212, 0.194, 0.564993564993565, 0.211]	no-link	header-answer	-0.018	-0.1042	-0.148	-0.102	-0.109	-0.092	0
RESEARCH	Biomicroscopic	[0.416988416988417, 0.092, 0.5032175032175032, 0.102]	[0.5714285714285714, 0.194, 0.712998712998713, 0.209]	no-link	header-answer	-0.0682	-0.1544	-0.296	-0.102	-0.107	-0.092	0
RESEARCH	time	[0.416988416988417, 0.092, 0.5032175032175032, 0.102]	[0.3577863577863578, 0.196, 0.4015444015444015, 0.213]	no-link	header-answer	0.1454	0.0592	0.0154	-0.104	-0.111	-0.094	0
RESEARCH	in	[0.416988416988417, 0.092, 0.5032175032175032, 0.102]	[0.28442728442728443, 0.197, 0.31016731016731014, 0.211]	no-link	header-answer	0.2188	0.1326	0.1068	-0.105	-0.109	-0.095	0
RESEARCH	Subject	[0.416988416988417, 0.092, 0.5032175032175032, 0.102]	[0.13256113256113256, 0.201, 0.20463320463320464, 0.219]	no-link	header-question	0.3707	0.2844	0.2124	-0.109	-0.117	-0.099	0
RESEARCH	Verbal	[0.416988416988417, 0.092, 0.5032175032175032, 0.102]	[0.7554697554697555, 0.278, 0.8288288288288288, 0.293]	no-link	header-answer	-0.2523	-0.3385	-0.4118	-0.186	-0.191	-0.176	0
RESEARCH	Dr.	[0.416988416988417, 0.092, 0.5032175032175032, 0.102]	[0.28442728442728443, 0.281, 0.31917631917631917, 0.296]	no-link	header-answer	0.2188	0.1326	0.0978	-0.189	-0.194	-0.179	0
Order	No.	[0.5032175032175032, 0.11, 0.5495495495495496, 0.127]	[0.5624195624195624, 0.113, 0.5933075933075933, 0.126]	word-word	header-header	0.0901	0.003	0.0592	-0.001	0.0129	0.016	0
Order	Protocol	[0.5032175032175032, 0.11, 0.5495495495495496, 0.127]	[0.323037323037323, 0.113, 0.40797940797940796, 0.127]	no-link	header-header	0.2265	0.1802	0.0952	-0.003	0.0	0.014	0
Order	Date	[0.5032175032175032, 0.11, 0.5495495495495496, 0.127]	[0.6872586872586872, 0.155, 0.7323037323037324, 0.169]	no-link	header-question	-0.1377	-0.184	-0.2291	-0.045	-0.042	-0.028	0
Order	the	[0.5032175032175032, 0.11, 0.5495495495495496, 0.127]	[0.435006435006435, 0.19, 0.47104247104247104, 0.21]	no-link	header-answer	0.1145	0.0682	0.0322	-0.08	-0.083	-0.063	0
Order	of	[0.5032175032175032, 0.11, 0.5495495495495496, 0.127]	[0.4118404118404118, 0.194, 0.42985842985842987, 0.211]	no-link	header-answer	0.1377	0.0914	0.0734	-0.084	-0.084	-0.067	0
Order	Pre-	[0.5032175032175032, 0.11, 0.5495495495495496, 0.127]	[0.48133848133848134, 0.194, 0.5212355212355212, 0.211]	no-link	header-answer	0.0682	0.0219	-0.018	-0.084	-0.084	-0.067	0
Order	dose	[0.5032175032175032, 0.11, 0.5495495495495496, 0.127]	[0.5212355212355212, 0.194, 0.564993564993565, 0.211]	no-link	header-answer	0.0283	-0.018	-0.0618	-0.084	-0.084	-0.067	0
Order	Biomicroscopic	[0.5032175032175032, 0.11, 0.5495495495495496, 0.127]	[0.5714285714285714, 0.194, 0.712998712998713, 0.209]	no-link	header-answer	-0.0219	-0.0682	-0.2098	-0.084	-0.082	-0.067	0
Order	time	[0.5032175032175032, 0.11, 0.5495495495495496, 0.127]	[0.3577863577863578, 0.196, 0.4015444015444015, 0.213]	no-link	header-answer	0.1918	0.1454	0.1017	-0.086	-0.086	-0.069	0
Order	Change	[0.5032175032175032, 0.11, 0.5495495495495496, 0.127]	[0.21235521235521235, 0.197, 0.2754182754182754, 0.215]	no-link	header-answer	0.3372	0.2909	0.2278	-0.087	-0.088	-0.07	0
Order	in	[0.5032175032175032, 0.11, 0.5495495495495496, 0.127]	[0.28442728442728443, 0.197, 0.31016731016731014, 0.211]	no-link	header-answer	0.2651	0.2188	0.1931	-0.087	-0.084	-0.07	0
Order	Subject	[0.5032175032175032, 0.11, 0.5495495495495496, 0.127]	[0.13256113256113256, 0.201, 0.20463320463320464, 0.219]	no-link	header-question	0.417	0.3707	0.2986	-0.091	-0.092	-0.074	0
Order	Verbal	[0.5032175032175032, 0.11, 0.5495495495495496, 0.127]	[0.7554697554697555, 0.278, 0.8288288288288288, 0.293]	no-link	header-answer	-0.2059	-0.2523	-0.3256	-0.168	-0.166	-0.151	0
Order	Dr.	[0.5032175032175032, 0.11, 0.5495495495495496, 0.127]	[0.28442728442728443, 0.281, 0.31917631917631917, 0.296]	no-link	header-answer	0.2651	0.2188	0.184	-0.171	-0.169	-0.154	0
Order	Connie	[0.5032175032175032, 0.11, 0.5495495495495496, 0.127]	[0.3256113256113256, 0.281, 0.3938223938223938, 0.296]	no-link	header-answer	0.2239	0.1776	0.1094	-0.171	-0.169	-0.154	0
Change	Order	[0.425997425997426, 0.112, 0.4980694980694981, 0.127]	[0.5032175032175032, 0.11, 0.5495495495495496, 0.127]	word-word	header-header	0.1236	-0.002	0.0772	0.0	0.0051	0.015	0
Change	No.	[0.425997425997426, 0.112, 0.4980694980694981, 0.127]	[0.5624195624195624, 0.113, 0.5933075933075933, 0.126]	no-link	header-header	-0.0644	-0.1364	-0.1673	-0.001	0.001	0.014	0
Change	Date	[0.425997425997426, 0.112, 0.4980694980694981, 0.127]	[0.6872586872586872, 0.155, 0.7323037323037324, 0.169]	no-link	header-question	-0.1892	-0.2613	-0.3063	-0.043	-0.042	-0.028	0
Change	the	[0.425997425997426, 0.112, 0.4980694980694981, 0.127]	[0.435006435006435, 0.19, 0.47104247104247104, 0.21]	no-link	header-answer	0.0631	-0.009	-0.045	-0.078	-0.083	-0.063	0
Change	of	[0.425997425997426, 0.112, 0.4980694980694981, 0.127]	[0.4118404118404118, 0.194, 0.42985842985842987, 0.211]	no-link	header-answer	0.0862	0.0142	-0.0039	-0.082	-0.084	-0.067	0
Change	Pre-	[0.425997425997426, 0.112, 0.4980694980694981, 0.127]	[0.48133848133848134, 0.194, 0.5212355212355212, 0.211]	no-link	header-answer	0.0167	-0.0553	-0.0952	-0.082	-0.084	-0.067	0
Change	dose	[0.425997425997426, 0.112, 0.4980694980694981, 0.127]	[0.5212355212355212, 0.194, 0.564993564993565, 0.211]	no-link	header-answer	-0.0232	-0.0952	-0.139	-0.082	-0.084	-0.067	0
Change	Biomicroscopic	[0.425997425997426, 0.112, 0.4980694980694981, 0.127]	[0.5714285714285714, 0.194, 0.712998712998713, 0.209]	no-link	header-answer	-0.0734	-0.1454	-0.287	-0.082	-0.082	-0.067	0
Change	time	[0.425997425997426, 0.112, 0.4980694980694981, 0.127]	[0.3577863577863578, 0.196, 0.4015444015444015, 0.213]	no-link	header-answer	0.1403	0.0682	0.0245	-0.084	-0.086	-0.069	0
Change	in	[0.425997425997426, 0.112, 0.4980694980694981, 0.127]	[0.28442728442728443, 0.197, 0.31016731016731014, 0.211]	no-link	header-answer	0.2136	0.1416	0.1158	-0.085	-0.084	-0.07	0
Change	Subject	[0.425997425997426, 0.112, 0.4980694980694981, 0.127]	[0.13256113256113256, 0.201, 0.20463320463320464, 0.219]	no-link	header-question	0.3655	0.2934	0.2214	-0.089	-0.092	-0.074	0
Change	Verbal	[0.425997425997426, 0.112, 0.4980694980694981, 0.127]	[0.7554697554697555, 0.278, 0.8288288288288288, 0.293]	no-link	header-answer	-0.2574	-0.3295	-0.4028	-0.166	-0.166	-0.151	0
Change	Dr.	[0.425997425997426, 0.112, 0.4980694980694981, 0.127]	[0.28442728442728443, 0.281, 0.31917631917631917, 0.296]	no-link	header-answer	0.2136	0.1416	0.1068	-0.169	-0.169	-0.154	0
Change	Connie	[0.425997425997426, 0.112, 0.4980694980694981, 0.127]	[0.3256113256113256, 0.281, 0.3938223938223938, 0.296]	no-link	header-answer	0.1725	0.1004	0.0322	-0.169	-0.169	-0.154	0
Change	Method	[0.425997425997426, 0.112, 0.4980694980694981, 0.127]	[0.6846846846846847, 0.282, 0.7541827541827542, 0.296]	no-link	header-answer	-0.1866	-0.2587	-0.3282	-0.17	-0.169	-0.155	0
Protocol	Change	[0.323037323037323, 0.113, 0.40797940797940796, 0.127]	[0.425997425997426, 0.112, 0.4980694980694981, 0.127]	word-word	header-header	0.175	-0.001	0.103	0.0	0.018	0.014	0
Protocol	Date	[0.323037323037323, 0.113, 0.40797940797940796, 0.127]	[0.6872586872586872, 0.155, 0.7323037323037324, 0.169]	no-link	header-question	-0.2793	-0.3642	-0.4093	-0.042	-0.042	-0.028	0
Protocol	the	[0.323037323037323, 0.113, 0.40797940797940796, 0.127]	[0.435006435006435, 0.19, 0.47104247104247104, 0.21]	no-link	header-answer	-0.027	-0.112	-0.148	-0.077	-0.083	-0.063	0
Protocol	of	[0.323037323037323, 0.113, 0.40797940797940796, 0.127]	[0.4118404118404118, 0.194, 0.42985842985842987, 0.211]	no-link	header-answer	-0.0039	-0.0888	-0.1068	-0.081	-0.084	-0.067	0
Protocol	Pre-	[0.323037323037323, 0.113, 0.40797940797940796, 0.127]	[0.48133848133848134, 0.194, 0.5212355212355212, 0.211]	no-link	header-answer	-0.0734	-0.1583	-0.1982	-0.081	-0.084	-0.067	0
Protocol	dose	[0.323037323037323, 0.113, 0.40797940797940796, 0.127]	[0.5212355212355212, 0.194, 0.564993564993565, 0.211]	no-link	header-answer	-0.1133	-0.1982	-0.242	-0.081	-0.084	-0.067	0
Protocol	Biomicroscopic	[0.323037323037323, 0.113, 0.40797940797940796, 0.127]	[0.5714285714285714, 0.194, 0.712998712998713, 0.209]	no-link	header-answer	-0.1634	-0.2484	-0.39	-0.081	-0.082	-0.067	0
Protocol	time	[0.323037323037323, 0.113, 0.40797940797940796, 0.127]	[0.3577863577863578, 0.196, 0.4015444015444015, 0.213]	no-link	header-answer	0.0502	-0.0347	-0.0785	-0.083	-0.086	-0.069	0
Protocol	in	[0.323037323037323, 0.113, 0.40797940797940796, 0.127]	[0.28442728442728443, 0.197, 0.31016731016731014, 0.211]	no-link	header-answer	0.1236	0.0386	0.0129	-0.084	-0.084	-0.07	0
Protocol	Subject	[0.323037323037323, 0.113, 0.40797940797940796, 0.127]	[0.13256113256113256, 0.201, 0.20463320463320464, 0.219]	no-link	header-question	0.2754	0.1905	0.1184	-0.088	-0.092	-0.074	0
Protocol	Verbal	[0.323037323037323, 0.113, 0.40797940797940796, 0.127]	[0.7554697554697555, 0.278, 0.8288288288288288, 0.293]	no-link	header-answer	-0.3475	-0.4324	-0.5058	-0.165	-0.166	-0.151	0
Protocol	Dr.	[0.323037323037323, 0.113, 0.40797940797940796, 0.127]	[0.28442728442728443, 0.281, 0.31917631917631917, 0.296]	no-link	header-answer	0.1236	0.0386	0.0039	-0.168	-0.169	-0.154	0
Protocol	Connie	[0.323037323037323, 0.113, 0.40797940797940796, 0.127]	[0.3256113256113256, 0.281, 0.3938223938223938, 0.296]	no-link	header-answer	0.0824	-0.0026	-0.0708	-0.168	-0.169	-0.154	0
Protocol	Method	[0.323037323037323, 0.113, 0.40797940797940796, 0.127]	[0.6846846846846847, 0.282, 0.7541827541827542, 0.296]	no-link	header-answer	-0.2767	-0.3616	-0.4311	-0.169	-0.169	-0.155	0
No.	1	[0.5624195624195624, 0.113, 0.5933075933075933, 0.126]	[0.6151866151866152, 0.11, 0.631917631917632, 0.124]	word-word	header-header	0.0695	-0.003	0.0528	-0.002	0.0219	0.011	0
No.	Date	[0.5624195624195624, 0.113, 0.5933075933075933, 0.126]	[0.6872586872586872, 0.155, 0.7323037323037324, 0.169]	no-link	header-answer	-0.094	-0.1248	-0.1699	-0.042	-0.043	-0.029	0
No.	the	[0.5624195624195624, 0.113, 0.5933075933075933, 0.126]	[0.435006435006435, 0.19, 0.47104247104247104, 0.21]	no-link	header-answer	0.1583	0.1274	0.0914	-0.077	-0.084	-0.064	0
No.	of	[0.5624195624195624, 0.113, 0.5933075933075933, 0.126]	[0.4118404118404118, 0.194, 0.42985842985842987, 0.211]	no-link	header-answer	0.1815	0.1506	0.1326	-0.081	-0.085	-0.068	0
No.	Pre-	[0.5624195624195624, 0.113, 0.5933075933075933, 0.126]	[0.48133848133848134, 0.194, 0.5212355212355212, 0.211]	no-link	header-answer	0.112	0.0811	0.0412	-0.081	-0.085	-0.068	0
No.	dose	[0.5624195624195624, 0.113, 0.5933075933075933, 0.126]	[0.5212355212355212, 0.194, 0.564993564993565, 0.211]	no-link	header-answer	0.0721	0.0412	-0.0026	-0.081	-0.085	-0.068	0
No.	Biomicroscopic	[0.5624195624195624, 0.113, 0.5933075933075933, 0.126]	[0.5714285714285714, 0.194, 0.712998712998713, 0.209]	no-link	header-answer	0.0219	-0.009	-0.1506	-0.081	-0.083	-0.068	0
No.	time	[0.5624195624195624, 0.113, 0.5933075933075933, 0.126]	[0.3577863577863578, 0.196, 0.4015444015444015, 0.213]	no-link	header-answer	0.2355	0.2046	0.1609	-0.083	-0.087	-0.07	0
No.	Change	[0.5624195624195624, 0.113, 0.5933075933075933, 0.126]	[0.21235521235521235, 0.197, 0.2754182754182754, 0.215]	no-link	header-answer	0.381	0.3501	0.287	-0.084	-0.089	-0.071	0
No.	in	[0.5624195624195624, 0.113, 0.5933075933075933, 0.126]	[0.28442728442728443, 0.197, 0.31016731016731014, 0.211]	no-link	header-answer	0.3089	0.278	0.2523	-0.084	-0.085	-0.071	0
No.	Subject	[0.5624195624195624, 0.113, 0.5933075933075933, 0.126]	[0.13256113256113256, 0.201, 0.20463320463320464, 0.219]	no-link	header-question	0.4607	0.4299	0.3578	-0.088	-0.093	-0.075	0
No.	Verbal	[0.5624195624195624, 0.113, 0.5933075933075933, 0.126]	[0.7554697554697555, 0.278, 0.8288288288288288, 0.293]	no-link	header-answer	-0.1622	-0.1931	-0.2664	-0.165	-0.167	-0.152	0
No.	Dr.	[0.5624195624195624, 0.113, 0.5933075933075933, 0.126]	[0.28442728442728443, 0.281, 0.31917631917631917, 0.296]	no-link	header-answer	0.3089	0.278	0.2432	-0.168	-0.17	-0.155	0
No.	Connie	[0.5624195624195624, 0.113, 0.5933075933075933, 0.126]	[0.3256113256113256, 0.281, 0.3938223938223938, 0.296]	no-link	header-answer	0.2677	0.2368	0.1686	-0.168	-0.17	-0.155	0
No.	Method	[0.5624195624195624, 0.113, 0.5933075933075933, 0.126]	[0.6846846846846847, 0.282, 0.7541827541827542, 0.296]	no-link	header-answer	-0.0914	-0.1223	-0.1918	-0.169	-0.17	-0.156	0
No.	Authorized	[0.5624195624195624, 0.113, 0.5933075933075933, 0.126]	[0.13513513513513514, 0.285, 0.23938223938223938, 0.295]	no-link	header-question	0.4582	0.4273	0.323	-0.172	-0.169	-0.159	0
Date	Subject	[0.6872586872586872, 0.155, 0.7323037323037324, 0.169]	[0.13256113256113256, 0.201, 0.20463320463320464, 0.219]	line-line	question-question	-0.4826	0.046	-0.5547	0.05	-0.5997	0.064	1
Date	the	[0.6872586872586872, 0.155, 0.7323037323037324, 0.169]	[0.435006435006435, 0.19, 0.47104247104247104, 0.21]	no-link	question-answer	0.2973	0.2523	0.2162	-0.035	-0.041	-0.021	1
Date	of	[0.6872586872586872, 0.155, 0.7323037323037324, 0.169]	[0.4118404118404118, 0.194, 0.42985842985842987, 0.211]	no-link	question-answer	0.3205	0.2754	0.2574	-0.039	-0.042	-0.025	1
Date	Pre-	[0.6872586872586872, 0.155, 0.7323037323037324, 0.169]	[0.48133848133848134, 0.194, 0.5212355212355212, 0.211]	no-link	question-answer	0.251	0.2059	0.166	-0.039	-0.042	-0.025	1
Date	dose	[0.6872586872586872, 0.155, 0.7323037323037324, 0.169]	[0.5212355212355212, 0.194, 0.564993564993565, 0.211]	no-link	question-answer	0.2111	0.166	0.1223	-0.039	-0.042	-0.025	1
Date	Biomicroscopic	[0.6872586872586872, 0.155, 0.7323037323037324, 0.169]	[0.5714285714285714, 0.194, 0.712998712998713, 0.209]	no-link	question-answer	0.1609	0.1158	-0.0257	-0.039	-0.04	-0.025	1
Date	time	[0.6872586872586872, 0.155, 0.7323037323037324, 0.169]	[0.3577863577863578, 0.196, 0.4015444015444015, 0.213]	no-link	question-answer	0.3745	0.3295	0.2857	-0.041	-0.044	-0.027	1
Date	Change	[0.6872586872586872, 0.155, 0.7323037323037324, 0.169]	[0.21235521235521235, 0.197, 0.2754182754182754, 0.215]	no-link	question-answer	0.5199	0.4749	0.4118	-0.042	-0.046	-0.028	1
Date	in	[0.6872586872586872, 0.155, 0.7323037323037324, 0.169]	[0.28442728442728443, 0.197, 0.31016731016731014, 0.211]	no-link	question-answer	0.4479	0.4028	0.3771	-0.042	-0.042	-0.028	1
Date	Verbal	[0.6872586872586872, 0.155, 0.7323037323037324, 0.169]	[0.7554697554697555, 0.278, 0.8288288288288288, 0.293]	no-link	question-answer	-0.0232	-0.0682	-0.1416	-0.123	-0.124	-0.109	1
Date	Dr.	[0.6872586872586872, 0.155, 0.7323037323037324, 0.169]	[0.28442728442728443, 0.281, 0.31917631917631917, 0.296]	no-link	question-answer	0.4479	0.4028	0.3681	-0.126	-0.127	-0.112	1
Date	Connie	[0.6872586872586872, 0.155, 0.7323037323037324, 0.169]	[0.3256113256113256, 0.281, 0.3938223938223938, 0.296]	no-link	question-answer	0.4067	0.3616	0.2934	-0.126	-0.127	-0.112	1
Date	Method	[0.6872586872586872, 0.155, 0.7323037323037324, 0.169]	[0.6846846846846847, 0.282, 0.7541827541827542, 0.296]	no-link	question-answer	0.0476	0.0026	-0.0669	-0.127	-0.127	-0.113	1
Date	Authorized	[0.6872586872586872, 0.155, 0.7323037323037324, 0.169]	[0.13513513513513514, 0.285, 0.23938223938223938, 0.295]	no-link	question-question	0.5972	0.5521	0.4479	-0.13	-0.126	-0.116	1
Date	5-13-81	[0.6872586872586872, 0.155, 0.7323037323037324, 0.169]	[0.7348777348777349, 0.152, 0.8108108108108109, 0.165]	question-answer	question-answer	0.1236	-0.003	0.0476	-0.004	0.0026	0.01	1
the	Pre-	[0.435006435006435, 0.19, 0.47104247104247104, 0.21]	[0.48133848133848134, 0.194, 0.5212355212355212, 0.211]	word-word	answer-answer	0.0862	0.004	0.0463	0.001	0.0103	0.021	2
the	of	[0.435006435006435, 0.19, 0.47104247104247104, 0.21]	[0.4118404118404118, 0.194, 0.42985842985842987, 0.211]	no-link	answer-answer	0.0592	0.0232	0.0051	-0.004	-0.001	0.016	2
the	dose	[0.435006435006435, 0.19, 0.47104247104247104, 0.21]	[0.5212355212355212, 0.194, 0.564993564993565, 0.211]	no-link	answer-answer	-0.0502	-0.0862	-0.13	-0.004	-0.001	0.016	2
the	Biomicroscopic	[0.435006435006435, 0.19, 0.47104247104247104, 0.21]	[0.5714285714285714, 0.194, 0.712998712998713, 0.209]	no-link	answer-answer	-0.1004	-0.1364	-0.278	-0.004	0.001	0.016	2
the	time	[0.435006435006435, 0.19, 0.47104247104247104, 0.21]	[0.3577863577863578, 0.196, 0.4015444015444015, 0.213]	no-link	answer-answer	0.1133	0.0772	0.0335	-0.006	-0.003	0.014	2
the	Change	[0.435006435006435, 0.19, 0.47104247104247104, 0.21]	[0.21235521235521235, 0.197, 0.2754182754182754, 0.215]	no-link	answer-answer	0.2587	0.2227	0.1596	-0.007	-0.005	0.013	2
the	in	[0.435006435006435, 0.19, 0.47104247104247104, 0.21]	[0.28442728442728443, 0.197, 0.31016731016731014, 0.211]	no-link	answer-answer	0.1866	0.1506	0.1248	-0.007	-0.001	0.013	2
the	Subject	[0.435006435006435, 0.19, 0.47104247104247104, 0.21]	[0.13256113256113256, 0.201, 0.20463320463320464, 0.219]	no-link	answer-question	0.3385	0.3024	0.2304	-0.011	-0.009	0.009	2
the	Verbal	[0.435006435006435, 0.19, 0.47104247104247104, 0.21]	[0.7554697554697555, 0.278, 0.8288288288288288, 0.293]	no-link	answer-answer	-0.2844	-0.3205	-0.3938	-0.088	-0.083	-0.068	2
the	Date	[0.435006435006435, 0.19, 0.47104247104247104, 0.21]	[0.5263835263835264, 0.279, 0.5765765765765766, 0.296]	no-link	answer-question	-0.0553	-0.0914	-0.1416	-0.089	-0.086	-0.069	2
the	Dr.	[0.435006435006435, 0.19, 0.47104247104247104, 0.21]	[0.28442728442728443, 0.281, 0.31917631917631917, 0.296]	no-link	answer-answer	0.1866	0.1506	0.1158	-0.091	-0.086	-0.071	2
the	Connie	[0.435006435006435, 0.19, 0.47104247104247104, 0.21]	[0.3256113256113256, 0.281, 0.3938223938223938, 0.296]	no-link	answer-answer	0.1454	0.1094	0.0412	-0.091	-0.086	-0.071	2
the	Method	[0.435006435006435, 0.19, 0.47104247104247104, 0.21]	[0.6846846846846847, 0.282, 0.7541827541827542, 0.296]	no-link	answer-answer	-0.2136	-0.2497	-0.3192	-0.092	-0.086	-0.072	2
the	Authorized	[0.435006435006435, 0.19, 0.47104247104247104, 0.21]	[0.13513513513513514, 0.285, 0.23938223938223938, 0.295]	no-link	answer-question	0.3359	0.2999	0.1956	-0.095	-0.085	-0.075	2
the	time	[0.3204633204633205, 0.194, 0.3487773487773488, 0.211]	[0.3577863577863578, 0.196, 0.4015444015444015, 0.213]	word-word	answer-answer	0.0811	0.002	0.0373	0.002	0.009	0.019	2
of	the	[0.4118404118404118, 0.194, 0.42985842985842987, 0.211]	[0.435006435006435, 0.19, 0.47104247104247104, 0.21]	word-word	answer-answer	0.0592	-0.004	0.0232	-0.001	0.0051	0.016	2
of	dose	[0.4118404118404118, 0.194, 0.42985842985842987, 0.211]	[0.5212355212355212, 0.194, 0.564993564993565, 0.211]	no-link	answer-answer	-0.0914	-0.1094	-0.1532	0.0	0.0	0.017	2
of	Biomicroscopic	[0.4118404118404118, 0.194, 0.42985842985842987, 0.211]	[0.5714285714285714, 0.194, 0.712998712998713, 0.209]	no-link	answer-answer	-0.1416	-0.1596	-0.3012	0.0	0.002	0.017	2
of	time	[0.4118404118404118, 0.194, 0.42985842985842987, 0.211]	[0.3577863577863578, 0.196, 0.4015444015444015, 0.213]	no-link	answer-answer	0.0721	0.0541	0.0103	-0.002	-0.002	0.015	2
of	Change	[0.4118404118404118, 0.194, 0.42985842985842987, 0.211]	[0.21235521235521235, 0.197, 0.2754182754182754, 0.215]	no-link	answer-answer	0.2175	0.1995	0.1364	-0.003	-0.004	0.014	2
of	in	[0.4118404118404118, 0.194, 0.42985842985842987, 0.211]	[0.28442728442728443, 0.197, 0.31016731016731014, 0.211]	no-link	answer-answer	0.1454	0.1274	0.1017	-0.003	0.0	0.014	2
of	Subject	[0.4118404118404118, 0.194, 0.42985842985842987, 0.211]	[0.13256113256113256, 0.201, 0.20463320463320464, 0.219]	no-link	answer-question	0.2973	0.2793	0.2072	-0.007	-0.008	0.01	2
of	Verbal	[0.4118404118404118, 0.194, 0.42985842985842987, 0.211]	[0.7554697554697555, 0.278, 0.8288288288288288, 0.293]	no-link	answer-answer	-0.3256	-0.3436	-0.417	-0.084	-0.082	-0.067	2
of	Date	[0.4118404118404118, 0.194, 0.42985842985842987, 0.211]	[0.5263835263835264, 0.279, 0.5765765765765766, 0.296]	no-link	answer-question	-0.0965	-0.1145	-0.1647	-0.085	-0.085	-0.068	2
of	Dr.	[0.4118404118404118, 0.194, 0.42985842985842987, 0.211]	[0.28442728442728443, 0.281, 0.31917631917631917, 0.296]	no-link	answer-answer	0.1454	0.1274	0.0927	-0.087	-0.085	-0.07	2
of	Connie	[0.4118404118404118, 0.194, 0.42985842985842987, 0.211]	[0.3256113256113256, 0.281, 0.3938223938223938, 0.296]	no-link	answer-answer	0.1042	0.0862	0.018	-0.087	-0.085	-0.07	2
of	Method	[0.4118404118404118, 0.194, 0.42985842985842987, 0.211]	[0.6846846846846847, 0.282, 0.7541827541827542, 0.296]	no-link	answer-answer	-0.2548	-0.2728	-0.3423	-0.088	-0.085	-0.071	2
of	Authorized	[0.4118404118404118, 0.194, 0.42985842985842987, 0.211]	[0.13513513513513514, 0.285, 0.23938223938223938, 0.295]	no-link	answer-question	0.2947	0.2767	0.1725	-0.091	-0.084	-0.074	2
of	(Means	[0.4118404118404118, 0.194, 0.42985842985842987, 0.211]	[0.6898326898326899, 0.299, 0.7567567567567568, 0.313]	no-link	answer-answer	-0.26	-0.278	-0.3449	-0.105	-0.102	-0.088	2
Pre-	dose	[0.48133848133848134, 0.194, 0.5212355212355212, 0.211]	[0.5212355212355212, 0.194, 0.564993564993565, 0.211]	word-word	answer-answer	0.0837	0.0	0.0399	0.0	0.0	0.017	2
Pre-	Biomicroscopic	[0.48133848133848134, 0.194, 0.5212355212355212, 0.211]	[0.5714285714285714, 0.194, 0.712998712998713, 0.209]	no-link	answer-answer	-0.0502	-0.0901	-0.2317	0.0	0.002	0.017	2
Pre-	time	[0.48133848133848134, 0.194, 0.5212355212355212, 0.211]	[0.3577863577863578, 0.196, 0.4015444015444015, 0.213]	no-link	answer-answer	0.1634	0.1236	0.0798	-0.002	-0.002	0.015	2
Pre-	Change	[0.48133848133848134, 0.194, 0.5212355212355212, 0.211]	[0.21235521235521235, 0.197, 0.2754182754182754, 0.215]	no-link	answer-answer	0.3089	0.269	0.2059	-0.003	-0.004	0.014	2
Pre-	in	[0.48133848133848134, 0.194, 0.5212355212355212, 0.211]	[0.28442728442728443, 0.197, 0.31016731016731014, 0.211]	no-link	answer-answer	0.2368	0.1969	0.1712	-0.003	0.0	0.014	2
Pre-	Subject	[0.48133848133848134, 0.194, 0.5212355212355212, 0.211]	[0.13256113256113256, 0.201, 0.20463320463320464, 0.219]	no-link	answer-question	0.3887	0.3488	0.2767	-0.007	-0.008	0.01	2
Pre-	Verbal	[0.48133848133848134, 0.194, 0.5212355212355212, 0.211]	[0.7554697554697555, 0.278, 0.8288288288288288, 0.293]	no-link	answer-answer	-0.2342	-0.2741	-0.3475	-0.084	-0.082	-0.067	2
Pre-	Date	[0.48133848133848134, 0.194, 0.5212355212355212, 0.211]	[0.5263835263835264, 0.279, 0.5765765765765766, 0.296]	no-link	answer-question	-0.0051	-0.045	-0.0952	-0.085	-0.085	-0.068	2
Pre-	Dr.	[0.48133848133848134, 0.194, 0.5212355212355212, 0.211]	[0.28442728442728443, 0.281, 0.31917631917631917, 0.296]	no-link	answer-answer	0.2368	0.1969	0.1622	-0.087	-0.085	-0.07	2
Pre-	Connie	[0.48133848133848134, 0.194, 0.5212355212355212, 0.211]	[0.3256113256113256, 0.281, 0.3938223938223938, 0.296]	no-link	answer-answer	0.1956	0.1557	0.0875	-0.087	-0.085	-0.07	2
Pre-	Method	[0.48133848133848134, 0.194, 0.5212355212355212, 0.211]	[0.6846846846846847, 0.282, 0.7541827541827542, 0.296]	no-link	answer-answer	-0.1634	-0.2033	-0.2728	-0.088	-0.085	-0.071	2
Pre-	Authorized	[0.48133848133848134, 0.194, 0.5212355212355212, 0.211]	[0.13513513513513514, 0.285, 0.23938223938223938, 0.295]	no-link	answer-question	0.3861	0.3462	0.242	-0.091	-0.084	-0.074	2
Pre-	of	[0.48133848133848134, 0.194, 0.5212355212355212, 0.211]	[0.7606177606177607, 0.297, 0.7863577863577863, 0.312]	no-link	answer-answer	-0.2394	-0.2793	-0.305	-0.103	-0.101	-0.086	2
Pre-	(Means	[0.48133848133848134, 0.194, 0.5212355212355212, 0.211]	[0.6898326898326899, 0.299, 0.7567567567567568, 0.313]	no-link	answer-answer	-0.1686	-0.2085	-0.2754	-0.105	-0.102	-0.088	2
Pre-	Mr.	[0.48133848133848134, 0.194, 0.5212355212355212, 0.211]	[0.28185328185328185, 0.324, 0.3166023166023166, 0.344]	no-link	answer-answer	0.2394	0.1995	0.1647	-0.13	-0.133	-0.113	2
dose	Biomicroscopic	[0.5212355212355212, 0.194, 0.564993564993565, 0.211]	[0.5714285714285714, 0.194, 0.712998712998713, 0.209]	word-word	answer-answer	0.1918	0.0	0.0502	-0.002	0.0064	0.015	2
dose	time	[0.5212355212355212, 0.194, 0.564993564993565, 0.211]	[0.3577863577863578, 0.196, 0.4015444015444015, 0.213]	no-link	answer-answer	0.2072	0.1634	0.1197	-0.002	-0.002	0.015	2
dose	Change	[0.5212355212355212, 0.194, 0.564993564993565, 0.211]	[0.21235521235521235, 0.197, 0.2754182754182754, 0.215]	no-link	answer-answer	0.3526	0.3089	0.2458	-0.003	-0.004	0.014	2
dose	in	[0.5212355212355212, 0.194, 0.564993564993565, 0.211]	[0.28442728442728443, 0.197, 0.31016731016731014, 0.211]	no-link	answer-answer	0.2806	0.2368	0.2111	-0.003	0.0	0.014	2
dose	Subject	[0.5212355212355212, 0.194, 0.564993564993565, 0.211]	[0.13256113256113256, 0.201, 0.20463320463320464, 0.219]	no-link	answer-question	0.4324	0.3887	0.3166	-0.007	-0.008	0.01	2
dose	Verbal	[0.5212355212355212, 0.194, 0.564993564993565, 0.211]	[0.7554697554697555, 0.278, 0.8288288288288288, 0.293]	no-link	answer-answer	-0.1905	-0.2342	-0.3076	-0.084	-0.082	-0.067	2
dose	Date	[0.5212355212355212, 0.194, 0.564993564993565, 0.211]	[0.5263835263835264, 0.279, 0.5765765765765766, 0.296]	no-link	answer-question	0.0386	-0.0051	-0.0553	-0.085	-0.085	-0.068	2
dose	Dr.	[0.5212355212355212, 0.194, 0.564993564993565, 0.211]	[0.28442728442728443, 0.281, 0.31917631917631917, 0.296]	no-link	answer-answer	0.2806	0.2368	0.2021	-0.087	-0.085	-0.07	2
dose	Connie	[0.5212355212355212, 0.194, 0.564993564993565, 0.211]	[0.3256113256113256, 0.281, 0.3938223938223938, 0.296]	no-link	answer-answer	0.2394	0.1956	0.1274	-0.087	-0.085	-0.07	2
dose	Method	[0.5212355212355212, 0.194, 0.564993564993565, 0.211]	[0.6846846846846847, 0.282, 0.7541827541827542, 0.296]	no-link	answer-answer	-0.1197	-0.1634	-0.2329	-0.088	-0.085	-0.071	2
dose	Authorized	[0.5212355212355212, 0.194, 0.564993564993565, 0.211]	[0.13513513513513514, 0.285, 0.23938223938223938, 0.295]	no-link	answer-question	0.4299	0.3861	0.2819	-0.091	-0.084	-0.074	2
dose	of	[0.5212355212355212, 0.194, 0.564993564993565, 0.211]	[0.7606177606177607, 0.297, 0.7863577863577863, 0.312]	no-link	answer-answer	-0.1956	-0.2394	-0.2651	-0.103	-0.101	-0.086	2
dose	(Means	[0.5212355212355212, 0.194, 0.564993564993565, 0.211]	[0.6898326898326899, 0.299, 0.7567567567567568, 0.313]	no-link	answer-answer	-0.1248	-0.1686	-0.2355	-0.105	-0.102	-0.088	2
dose	Mr.	[0.5212355212355212, 0.194, 0.564993564993565, 0.211]	[0.28185328185328185, 0.324, 0.3166023166023166, 0.344]	no-link	answer-answer	0.2831	0.2394	0.2046	-0.13	-0.133	-0.113	2
dose	Charles	[0.5212355212355212, 0.194, 0.564993564993565, 0.211]	[0.32947232947232946, 0.327, 0.4015444015444015, 0.342]	no-link	answer-answer	0.2355	0.1918	0.1197	-0.133	-0.131	-0.116	2
Biomicroscopic	Examination	[0.5714285714285714, 0.194, 0.712998712998713, 0.209]	[0.7194337194337195, 0.193, 0.842985842985843, 0.211]	word-word	answer-answer	0.2716	-0.001	0.148	0.002	0.0064	0.017	2
Biomicroscopic	Change	[0.5714285714285714, 0.194, 0.712998712998713, 0.209]	[0.21235521235521235, 0.197, 0.2754182754182754, 0.215]	no-link	answer-answer	0.5006	0.3591	0.296	-0.003	-0.006	0.012	2
Biomicroscopic	in	[0.5714285714285714, 0.194, 0.712998712998713, 0.209]	[0.28442728442728443, 0.197, 0.31016731016731014, 0.211]	no-link	answer-answer	0.4286	0.287	0.2613	-0.003	-0.002	0.012	2
Biomicroscopic	Subject	[0.5714285714285714, 0.194, 0.712998712998713, 0.209]	[0.13256113256113256, 0.201, 0.20463320463320464, 0.219]	no-link	answer-question	0.5804	0.4389	0.3668	-0.007	-0.01	0.008	2
Biomicroscopic	Verbal	[0.5714285714285714, 0.194, 0.712998712998713, 0.209]	[0.7554697554697555, 0.278, 0.8288288288288288, 0.293]	no-link	answer-answer	-0.0425	-0.184	-0.2574	-0.084	-0.084	-0.069	2
Biomicroscopic	Date	[0.5714285714285714, 0.194, 0.712998712998713, 0.209]	[0.5263835263835264, 0.279, 0.5765765765765766, 0.296]	no-link	answer-question	0.1866	0.045	-0.0051	-0.085	-0.087	-0.07	2
Biomicroscopic	Dr.	[0.5714285714285714, 0.194, 0.712998712998713, 0.209]	[0.28442728442728443, 0.281, 0.31917631917631917, 0.296]	no-link	answer-answer	0.4286	0.287	0.2523	-0.087	-0.087	-0.072	2
Biomicroscopic	Connie	[0.5714285714285714, 0.194, 0.712998712998713, 0.209]	[0.3256113256113256, 0.281, 0.3938223938223938, 0.296]	no-link	answer-answer	0.3874	0.2458	0.1776	-0.087	-0.087	-0.072	2
Biomicroscopic	Method	[0.5714285714285714, 0.194, 0.712998712998713, 0.209]	[0.6846846846846847, 0.282, 0.7541827541827542, 0.296]	no-link	answer-answer	0.0283	-0.1133	-0.1828	-0.088	-0.087	-0.073	2
Biomicroscopic	Authorized	[0.5714285714285714, 0.194, 0.712998712998713, 0.209]	[0.13513513513513514, 0.285, 0.23938223938223938, 0.295]	no-link	answer-question	0.5779	0.4363	0.332	-0.091	-0.086	-0.076	2
Biomicroscopic	of	[0.5714285714285714, 0.194, 0.712998712998713, 0.209]	[0.7606177606177607, 0.297, 0.7863577863577863, 0.312]	no-link	answer-answer	-0.0476	-0.1892	-0.2149	-0.103	-0.103	-0.088	2
Biomicroscopic	(Means	[0.5714285714285714, 0.194, 0.712998712998713, 0.209]	[0.6898326898326899, 0.299, 0.7567567567567568, 0.313]	no-link	answer-answer	0.0232	-0.1184	-0.1853	-0.105	-0.104	-0.09	2
Biomicroscopic	Mr.	[0.5714285714285714, 0.194, 0.712998712998713, 0.209]	[0.28185328185328185, 0.324, 0.3166023166023166, 0.344]	no-link	answer-answer	0.4311	0.2896	0.2548	-0.13	-0.135	-0.115	2
Biomicroscopic	Charles	[0.5714285714285714, 0.194, 0.712998712998713, 0.209]	[0.32947232947232946, 0.327, 0.4015444015444015, 0.342]	no-link	answer-answer	0.3835	0.242	0.1699	-0.133	-0.133	-0.118	2
time	of	[0.3577863577863578, 0.196, 0.4015444015444015, 0.213]	[0.4118404118404118, 0.194, 0.42985842985842987, 0.211]	word-word	answer-answer	0.0721	-0.002	0.0541	-0.002	0.0103	0.015	2
time	in	[0.3577863577863578, 0.196, 0.4015444015444015, 0.213]	[0.28442728442728443, 0.197, 0.31016731016731014, 0.211]	no-link	answer-answer	0.1171	0.0734	0.0476	-0.001	0.002	0.016	2
time	Subject	[0.3577863577863578, 0.196, 0.4015444015444015, 0.213]	[0.13256113256113256, 0.201, 0.20463320463320464, 0.219]	no-link	answer-question	0.269	0.2252	0.1532	-0.005	-0.006	0.012	2
time	Verbal	[0.3577863577863578, 0.196, 0.4015444015444015, 0.213]	[0.7554697554697555, 0.278, 0.8288288288288288, 0.293]	no-link	answer-answer	-0.3539	-0.3977	-0.471	-0.082	-0.08	-0.065	2
time	Date	[0.3577863577863578, 0.196, 0.4015444015444015, 0.213]	[0.5263835263835264, 0.279, 0.5765765765765766, 0.296]	no-link	answer-question	-0.1248	-0.1686	-0.2188	-0.083	-0.083	-0.066	2
time	Dr.	[0.3577863577863578, 0.196, 0.4015444015444015, 0.213]	[0.28442728442728443, 0.281, 0.31917631917631917, 0.296]	no-link	answer-answer	0.1171	0.0734	0.0386	-0.085	-0.083	-0.068	2
time	Connie	[0.3577863577863578, 0.196, 0.4015444015444015, 0.213]	[0.3256113256113256, 0.281, 0.3938223938223938, 0.296]	no-link	answer-answer	0.0759	0.0322	-0.036	-0.085	-0.083	-0.068	2
time	Method	[0.3577863577863578, 0.196, 0.4015444015444015, 0.213]	[0.6846846846846847, 0.282, 0.7541827541827542, 0.296]	no-link	answer-answer	-0.2831	-0.3269	-0.3964	-0.086	-0.083	-0.069	2
time	Authorized	[0.3577863577863578, 0.196, 0.4015444015444015, 0.213]	[0.13513513513513514, 0.285, 0.23938223938223938, 0.295]	no-link	answer-question	0.2664	0.2227	0.1184	-0.089	-0.082	-0.072	2
time	(Means	[0.3577863577863578, 0.196, 0.4015444015444015, 0.213]	[0.6898326898326899, 0.299, 0.7567567567567568, 0.313]	no-link	answer-answer	-0.2883	-0.332	-0.399	-0.103	-0.1	-0.086	2
time	Mr.	[0.3577863577863578, 0.196, 0.4015444015444015, 0.213]	[0.28185328185328185, 0.324, 0.3166023166023166, 0.344]	no-link	answer-answer	0.1197	0.0759	0.0412	-0.128	-0.131	-0.111	2
time	Charles	[0.3577863577863578, 0.196, 0.4015444015444015, 0.213]	[0.32947232947232946, 0.327, 0.4015444015444015, 0.342]	no-link	answer-answer	0.0721	0.0283	-0.0438	-0.131	-0.129	-0.114	2
Change	in	[0.21235521235521235, 0.197, 0.2754182754182754, 0.215]	[0.28442728442728443, 0.197, 0.31016731016731014, 0.211]	word-word	answer-answer	0.0978	0.0	0.0721	-0.004	0.009	0.014	2
Change	Authorized	[0.21235521235521235, 0.197, 0.2754182754182754, 0.215]	[0.13513513513513514, 0.285, 0.23938223938223938, 0.295]	no-link	answer-question	0.1403	0.0772	-0.027	-0.088	-0.08	-0.07	2
Change	(Means	[0.21235521235521235, 0.197, 0.2754182754182754, 0.215]	[0.6898326898326899, 0.299, 0.7567567567567568, 0.313]	no-link	answer-answer	-0.4144	-0.4775	-0.5444	-0.102	-0.098	-0.084	2
Change	Mr.	[0.21235521235521235, 0.197, 0.2754182754182754, 0.215]	[0.28185328185328185, 0.324, 0.3166023166023166, 0.344]	no-link	answer-answer	-0.0064	-0.0695	-0.1042	-0.127	-0.129	-0.109	2
Change	Charles	[0.21235521235521235, 0.197, 0.2754182754182754, 0.215]	[0.32947232947232946, 0.327, 0.4015444015444015, 0.342]	no-link	answer-answer	-0.0541	-0.1171	-0.1892	-0.13	-0.127	-0.112	2
in	the	[0.28442728442728443, 0.197, 0.31016731016731014, 0.211]	[0.3204633204633205, 0.194, 0.3487773487773488, 0.211]	word-word	answer-answer	0.0644	-0.003	0.036	0.0	0.0103	0.014	2
in	Subject	[0.28442728442728443, 0.197, 0.31016731016731014, 0.211]	[0.13256113256113256, 0.201, 0.20463320463320464, 0.219]	no-link	answer-answer	0.1776	0.1519	0.0798	-0.004	-0.008	0.01	2
in	Verbal	[0.28442728442728443, 0.197, 0.31016731016731014, 0.211]	[0.7554697554697555, 0.278, 0.8288288288288288, 0.293]	no-link	answer-answer	-0.4453	-0.471	-0.5444	-0.081	-0.082	-0.067	2
in	Date	[0.28442728442728443, 0.197, 0.31016731016731014, 0.211]	[0.5263835263835264, 0.279, 0.5765765765765766, 0.296]	no-link	answer-question	-0.2162	-0.242	-0.2921	-0.082	-0.085	-0.068	2
in	Dr.	[0.28442728442728443, 0.197, 0.31016731016731014, 0.211]	[0.28442728442728443, 0.281, 0.31917631917631917, 0.296]	no-link	answer-answer	0.0257	0.0	-0.0347	-0.084	-0.085	-0.07	2
in	Connie	[0.28442728442728443, 0.197, 0.31016731016731014, 0.211]	[0.3256113256113256, 0.281, 0.3938223938223938, 0.296]	no-link	answer-answer	-0.0154	-0.0412	-0.1094	-0.084	-0.085	-0.07	2
in	Method	[0.28442728442728443, 0.197, 0.31016731016731014, 0.211]	[0.6846846846846847, 0.282, 0.7541827541827542, 0.296]	no-link	answer-answer	-0.3745	-0.4003	-0.4698	-0.085	-0.085	-0.071	2
in	Authorized	[0.28442728442728443, 0.197, 0.31016731016731014, 0.211]	[0.13513513513513514, 0.285, 0.23938223938223938, 0.295]	no-link	answer-question	0.175	0.1493	0.045	-0.088	-0.084	-0.074	2
in	of	[0.28442728442728443, 0.197, 0.31016731016731014, 0.211]	[0.7606177606177607, 0.297, 0.7863577863577863, 0.312]	no-link	answer-answer	-0.4505	-0.4762	-0.5019	-0.1	-0.101	-0.086	2
in	(Means	[0.28442728442728443, 0.197, 0.31016731016731014, 0.211]	[0.6898326898326899, 0.299, 0.7567567567567568, 0.313]	no-link	answer-answer	-0.3797	-0.4054	-0.4723	-0.102	-0.102	-0.088	2
in	Mr.	[0.28442728442728443, 0.197, 0.31016731016731014, 0.211]	[0.28185328185328185, 0.324, 0.3166023166023166, 0.344]	no-link	answer-answer	0.0283	0.0026	-0.0322	-0.127	-0.133	-0.113	2
in	Charles	[0.28442728442728443, 0.197, 0.31016731016731014, 0.211]	[0.32947232947232946, 0.327, 0.4015444015444015, 0.342]	no-link	answer-answer	-0.0193	-0.045	-0.1171	-0.13	-0.131	-0.116	2
Subject	Authorized	[0.13256113256113256, 0.201, 0.20463320463320464, 0.219]	[0.13513513513513514, 0.285, 0.23938223938223938, 0.295]	line-line	question-question	0.1068	0.084	0.0026	0.076	-0.0695	0.094	2
Subject	Verbal	[0.13256113256113256, 0.201, 0.20463320463320464, 0.219]	[0.7554697554697555, 0.278, 0.8288288288288288, 0.293]	no-link	question-answer	-0.5508	-0.6229	-0.6963	-0.077	-0.074	-0.059	2
Subject	Date	[0.13256113256113256, 0.201, 0.20463320463320464, 0.219]	[0.5263835263835264, 0.279, 0.5765765765765766, 0.296]	no-link	question-question	-0.3218	-0.3938	-0.444	-0.078	-0.077	-0.06	2
Subject	Dr.	[0.13256113256113256, 0.201, 0.20463320463320464, 0.219]	[0.28442728442728443, 0.281, 0.31917631917631917, 0.296]	no-link	question-answer	-0.0798	-0.1519	-0.1866	-0.08	-0.077	-0.062	2
Subject	Connie	[0.13256113256113256, 0.201, 0.20463320463320464, 0.219]	[0.3256113256113256, 0.281, 0.3938223938223938, 0.296]	no-link	question-answer	-0.121	-0.1931	-0.2613	-0.08	-0.077	-0.062	2
Subject	Method	[0.13256113256113256, 0.201, 0.20463320463320464, 0.219]	[0.6846846846846847, 0.282, 0.7541827541827542, 0.296]	no-link	question-answer	-0.4801	-0.5521	-0.6216	-0.081	-0.077	-0.063	2
Subject	of	[0.13256113256113256, 0.201, 0.20463320463320464, 0.219]	[0.7606177606177607, 0.297, 0.7863577863577863, 0.312]	no-link	question-answer	-0.556	-0.6281	-0.6538	-0.096	-0.093	-0.078	2
Subject	(Means	[0.13256113256113256, 0.201, 0.20463320463320464, 0.219]	[0.6898326898326899, 0.299, 0.7567567567567568, 0.313]	no-link	question-answer	-0.4852	-0.5573	-0.6242	-0.098	-0.094	-0.08	2
Subject	Mr.	[0.13256113256113256, 0.201, 0.20463320463320464, 0.219]	[0.28185328185328185, 0.324, 0.3166023166023166, 0.344]	no-link	question-answer	-0.0772	-0.1493	-0.184	-0.123	-0.125	-0.105	2
Subject	Charles	[0.13256113256113256, 0.201, 0.20463320463320464, 0.219]	[0.32947232947232946, 0.327, 0.4015444015444015, 0.342]	no-link	question-answer	-0.1248	-0.1969	-0.269	-0.126	-0.123	-0.108	2
Subject	study	[0.13256113256113256, 0.201, 0.20463320463320464, 0.219]	[0.3655083655083655, 0.358, 0.41827541827541825, 0.376]	no-link	question-header	-0.1609	-0.2329	-0.2857	-0.157	-0.157	-0.139	2
Subject	Change	[0.13256113256113256, 0.201, 0.20463320463320464, 0.219]	[0.21235521235521235, 0.197, 0.2754182754182754, 0.215]	question-answer	question-answer	0.1429	-0.004	0.0798	-0.004	0.0077	0.014	2
Verbal	Phone	[0.7554697554697555, 0.278, 0.8288288288288288, 0.293]	[0.8301158301158301, 0.278, 0.8893178893178894, 0.296]	word-word	answer-answer	0.1338	0.0	0.0746	0.003	0.0013	0.018	3
Verbal	Date	[0.7554697554697555, 0.278, 0.8288288288288288, 0.293]	[0.5263835263835264, 0.279, 0.5765765765765766, 0.296]	no-link	answer-answer	0.3024	0.2291	0.1789	-0.001	-0.003	0.014	3
Verbal	Dr.	[0.7554697554697555, 0.278, 0.8288288288288288, 0.293]	[0.28442728442728443, 0.281, 0.31917631917631917, 0.296]	no-link	answer-answer	0.5444	0.471	0.4363	-0.003	-0.003	0.012	3
Verbal	Connie	[0.7554697554697555, 0.278, 0.8288288288288288, 0.293]	[0.3256113256113256, 0.281, 0.3938223938223938, 0.296]	no-link	answer-answer	0.5032	0.4299	0.3616	-0.003	-0.003	0.012	3
Verbal	Method	[0.7554697554697555, 0.278, 0.8288288288288288, 0.293]	[0.6846846846846847, 0.282, 0.7541827541827542, 0.296]	no-link	answer-answer	0.1441	0.0708	0.0013	-0.004	-0.003	0.011	3
Verbal	Authorized	[0.7554697554697555, 0.278, 0.8288288288288288, 0.293]	[0.13513513513513514, 0.285, 0.23938223938223938, 0.295]	no-link	answer-question	0.6937	0.6203	0.5161	-0.007	-0.002	0.008	3
Verbal	of	[0.7554697554697555, 0.278, 0.8288288288288288, 0.293]	[0.7606177606177607, 0.297, 0.7863577863577863, 0.312]	no-link	answer-answer	0.0682	-0.0051	-0.0309	-0.019	-0.019	-0.004	3
Verbal	(Means	[0.7554697554697555, 0.278, 0.8288288288288288, 0.293]	[0.6898326898326899, 0.299, 0.7567567567567568, 0.313]	no-link	answer-answer	0.139	0.0656	-0.0013	-0.021	-0.02	-0.006	3
Verbal	Mr.	[0.7554697554697555, 0.278, 0.8288288288288288, 0.293]	[0.28185328185328185, 0.324, 0.3166023166023166, 0.344]	no-link	answer-answer	0.547	0.4736	0.4389	-0.046	-0.051	-0.031	3
Verbal	Charles	[0.7554697554697555, 0.278, 0.8288288288288288, 0.293]	[0.32947232947232946, 0.327, 0.4015444015444015, 0.342]	no-link	answer-answer	0.4994	0.426	0.3539	-0.049	-0.049	-0.034	3
Verbal	study	[0.7554697554697555, 0.278, 0.8288288288288288, 0.293]	[0.3655083655083655, 0.358, 0.41827541827541825, 0.376]	no-link	answer-header	0.4633	0.39	0.3372	-0.08	-0.083	-0.065	3
Date	Method	[0.5263835263835264, 0.279, 0.5765765765765766, 0.296]	[0.6846846846846847, 0.282, 0.7541827541827542, 0.296]	question-question	question-question	0.2278	0.003	0.1583	0.0	0.1081	0.017	3
Date	(Means	[0.5263835263835264, 0.279, 0.5765765765765766, 0.296]	[0.6898326898326899, 0.299, 0.7567567567567568, 0.313]	no-link	question-answer	-0.1133	-0.1634	-0.2304	-0.02	-0.017	-0.003	3
Date	Mr.	[0.5263835263835264, 0.279, 0.5765765765765766, 0.296]	[0.28185328185328185, 0.324, 0.3166023166023166, 0.344]	no-link	question-answer	0.2947	0.2445	0.2098	-0.045	-0.048	-0.028	3
Date	Charles	[0.5263835263835264, 0.279, 0.5765765765765766, 0.296]	[0.32947232947232946, 0.327, 0.4015444015444015, 0.342]	no-link	question-answer	0.2471	0.1969	0.1248	-0.048	-0.046	-0.031	3
Date	study	[0.5263835263835264, 0.279, 0.5765765765765766, 0.296]	[0.3655083655083655, 0.358, 0.41827541827541825, 0.376]	no-link	question-header	0.2111	0.1609	0.1081	-0.079	-0.08	-0.062	3
Date	Estimated	[0.5263835263835264, 0.279, 0.5765765765765766, 0.296]	[0.13127413127413126, 0.36, 0.2277992277992278, 0.375]	no-link	question-question	0.4453	0.3951	0.2986	-0.081	-0.079	-0.064	3
Date	5-13-81	[0.5263835263835264, 0.279, 0.5765765765765766, 0.296]	[0.5842985842985843, 0.275, 0.6628056628056628, 0.295]	question-answer	question-answer	0.1364	-0.004	0.0579	-0.001	0.0077	0.016	3
Dr.	Connie	[0.28442728442728443, 0.281, 0.31917631917631917, 0.296]	[0.3256113256113256, 0.281, 0.3938223938223938, 0.296]	word-word	answer-answer	0.1094	0.0	0.0412	0.0	0.0064	0.015	3
Dr.	Method	[0.28442728442728443, 0.281, 0.31917631917631917, 0.296]	[0.6846846846846847, 0.282, 0.7541827541827542, 0.296]	no-link	answer-answer	-0.3655	-0.4003	-0.4698	-0.001	0.0	0.014	3
Dr.	Authorized	[0.28442728442728443, 0.281, 0.31917631917631917, 0.296]	[0.13513513513513514, 0.285, 0.23938223938223938, 0.295]	no-link	answer-question	0.184	0.1493	0.045	-0.004	0.001	0.011	3
Dr.	of	[0.28442728442728443, 0.281, 0.31917631917631917, 0.296]	[0.7606177606177607, 0.297, 0.7863577863577863, 0.312]	no-link	answer-answer	-0.4414	-0.4762	-0.5019	-0.016	-0.016	-0.001	3
Dr.	(Means	[0.28442728442728443, 0.281, 0.31917631917631917, 0.296]	[0.6898326898326899, 0.299, 0.7567567567567568, 0.313]	no-link	answer-answer	-0.3707	-0.4054	-0.4723	-0.018	-0.017	-0.003	3
Dr.	Mr.	[0.28442728442728443, 0.281, 0.31917631917631917, 0.296]	[0.28185328185328185, 0.324, 0.3166023166023166, 0.344]	no-link	answer-answer	0.0373	0.0026	-0.0322	-0.043	-0.048	-0.028	3
Dr.	Charles	[0.28442728442728443, 0.281, 0.31917631917631917, 0.296]	[0.32947232947232946, 0.327, 0.4015444015444015, 0.342]	no-link	answer-answer	-0.0103	-0.045	-0.1171	-0.046	-0.046	-0.031	3
Dr.	study	[0.28442728442728443, 0.281, 0.31917631917631917, 0.296]	[0.3655083655083655, 0.358, 0.41827541827541825, 0.376]	no-link	answer-header	-0.0463	-0.0811	-0.1338	-0.077	-0.08	-0.062	3
Dr.	Estimated	[0.28442728442728443, 0.281, 0.31917631917631917, 0.296]	[0.13127413127413126, 0.36, 0.2277992277992278, 0.375]	no-link	answer-question	0.1879	0.1532	0.0566	-0.079	-0.079	-0.064	3
Dr.	the	[0.28442728442728443, 0.281, 0.31917631917631917, 0.296]	[0.323037323037323, 0.36, 0.3539253539253539, 0.373]	no-link	answer-header	-0.0039	-0.0386	-0.0695	-0.079	-0.077	-0.064	3
Connie	Stone	[0.3256113256113256, 0.281, 0.3938223938223938, 0.296]	[0.398970398970399, 0.281, 0.45302445302445304, 0.295]	word-word	answer-answer	0.1274	0.0	0.0734	-0.001	0.0051	0.014	3
Connie	Method	[0.3256113256113256, 0.281, 0.3938223938223938, 0.296]	[0.6846846846846847, 0.282, 0.7541827541827542, 0.296]	no-link	answer-answer	-0.2909	-0.3591	-0.4286	-0.001	0.0	0.014	3
Connie	Authorized	[0.3256113256113256, 0.281, 0.3938223938223938, 0.296]	[0.13513513513513514, 0.285, 0.23938223938223938, 0.295]	no-link	answer-question	0.2587	0.1905	0.0862	-0.004	0.001	0.011	3
Connie	of	[0.3256113256113256, 0.281, 0.3938223938223938, 0.296]	[0.7606177606177607, 0.297, 0.7863577863577863, 0.312]	no-link	answer-answer	-0.3668	-0.435	-0.4607	-0.016	-0.016	-0.001	3
Connie	(Means	[0.3256113256113256, 0.281, 0.3938223938223938, 0.296]	[0.6898326898326899, 0.299, 0.7567567567567568, 0.313]	no-link	answer-answer	-0.296	-0.3642	-0.4311	-0.018	-0.017	-0.003	3
Connie	Mr.	[0.3256113256113256, 0.281, 0.3938223938223938, 0.296]	[0.28185328185328185, 0.324, 0.3166023166023166, 0.344]	no-link	answer-answer	0.112	0.0438	0.009	-0.043	-0.048	-0.028	3
Connie	Charles	[0.3256113256113256, 0.281, 0.3938223938223938, 0.296]	[0.32947232947232946, 0.327, 0.4015444015444015, 0.342]	no-link	answer-answer	0.0644	-0.0039	-0.0759	-0.046	-0.046	-0.031	3
Connie	study	[0.3256113256113256, 0.281, 0.3938223938223938, 0.296]	[0.3655083655083655, 0.358, 0.41827541827541825, 0.376]	no-link	answer-header	0.0283	-0.0399	-0.0927	-0.077	-0.08	-0.062	3
Connie	Estimated	[0.3256113256113256, 0.281, 0.3938223938223938, 0.296]	[0.13127413127413126, 0.36, 0.2277992277992278, 0.375]	no-link	answer-question	0.2625	0.1943	0.0978	-0.079	-0.079	-0.064	3
Connie	the	[0.3256113256113256, 0.281, 0.3938223938223938, 0.296]	[0.323037323037323, 0.36, 0.3539253539253539, 0.373]	no-link	answer-header	0.0708	0.0026	-0.0283	-0.079	-0.077	-0.064	3
Connie	will	[0.3256113256113256, 0.281, 0.3938223938223938, 0.296]	[0.4247104247104247, 0.36, 0.46846846846846846, 0.375]	no-link	answer-header	-0.0309	-0.0991	-0.1429	-0.079	-0.079	-0.064	3
Method	Verbal	[0.6846846846846847, 0.282, 0.7541827541827542, 0.296]	[0.7554697554697555, 0.278, 0.8288288288288288, 0.293]	question-answer	question-answer	0.1441	-0.004	0.0708	-0.003	0.0013	0.011	3
Method	Authorized	[0.6846846846846847, 0.282, 0.7541827541827542, 0.296]	[0.13513513513513514, 0.285, 0.23938223938223938, 0.295]	no-link	question-question	0.619	0.5495	0.4453	-0.003	0.001	0.011	3
Method	of	[0.6846846846846847, 0.282, 0.7541827541827542, 0.296]	[0.7606177606177607, 0.297, 0.7863577863577863, 0.312]	no-link	question-answer	-0.0064	-0.0759	-0.1017	-0.015	-0.016	-0.001	3
Method	(Means	[0.6846846846846847, 0.282, 0.7541827541827542, 0.296]	[0.6898326898326899, 0.299, 0.7567567567567568, 0.313]	no-link	question-answer	0.0644	-0.0051	-0.0721	-0.017	-0.017	-0.003	3
Method	Mr.	[0.6846846846846847, 0.282, 0.7541827541827542, 0.296]	[0.28185328185328185, 0.324, 0.3166023166023166, 0.344]	no-link	question-answer	0.4723	0.4028	0.3681	-0.042	-0.048	-0.028	3
Method	Charles	[0.6846846846846847, 0.282, 0.7541827541827542, 0.296]	[0.32947232947232946, 0.327, 0.4015444015444015, 0.342]	no-link	question-answer	0.4247	0.3552	0.2831	-0.045	-0.046	-0.031	3
Method	study	[0.6846846846846847, 0.282, 0.7541827541827542, 0.296]	[0.3655083655083655, 0.358, 0.41827541827541825, 0.376]	no-link	question-header	0.3887	0.3192	0.2664	-0.076	-0.08	-0.062	3
Method	Estimated	[0.6846846846846847, 0.282, 0.7541827541827542, 0.296]	[0.13127413127413126, 0.36, 0.2277992277992278, 0.375]	no-link	question-question	0.6229	0.5534	0.4569	-0.078	-0.079	-0.064	3
Method	the	[0.6846846846846847, 0.282, 0.7541827541827542, 0.296]	[0.323037323037323, 0.36, 0.3539253539253539, 0.373]	no-link	question-header	0.4311	0.3616	0.3308	-0.078	-0.077	-0.064	3
Method	will	[0.6846846846846847, 0.282, 0.7541827541827542, 0.296]	[0.4247104247104247, 0.36, 0.46846846846846846, 0.375]	no-link	question-header	0.3295	0.26	0.2162	-0.078	-0.079	-0.064	3
Method	(Means	[0.6846846846846847, 0.282, 0.7541827541827542, 0.296]	[0.6898326898326899, 0.299, 0.7567567567567568, 0.313]	question-answer	question-answer	0.0721	0.017	0.0051	0.017	-0.0644	0.031	3
Authorized	Date	[0.13513513513513514, 0.285, 0.23938223938223938, 0.295]	[0.5263835263835264, 0.279, 0.5765765765765766, 0.296]	question-question	question-question	0.4414	-0.006	0.3912	0.001	0.287	0.011	3
Authorized	of	[0.13513513513513514, 0.285, 0.23938223938223938, 0.295]	[0.7606177606177607, 0.297, 0.7863577863577863, 0.312]	no-link	question-answer	-0.5212	-0.6255	-0.6512	-0.012	-0.017	-0.002	3
Authorized	(Means	[0.13513513513513514, 0.285, 0.23938223938223938, 0.295]	[0.6898326898326899, 0.299, 0.7567567567567568, 0.313]	no-link	question-answer	-0.4505	-0.5547	-0.6216	-0.014	-0.018	-0.004	3
Authorized	Mr.	[0.13513513513513514, 0.285, 0.23938223938223938, 0.295]	[0.28185328185328185, 0.324, 0.3166023166023166, 0.344]	no-link	question-answer	-0.0425	-0.1467	-0.1815	-0.039	-0.049	-0.029	3
Authorized	Charles	[0.13513513513513514, 0.285, 0.23938223938223938, 0.295]	[0.32947232947232946, 0.327, 0.4015444015444015, 0.342]	no-link	question-answer	-0.0901	-0.1943	-0.2664	-0.042	-0.047	-0.032	3
Authorized	study	[0.13513513513513514, 0.285, 0.23938223938223938, 0.295]	[0.3655083655083655, 0.358, 0.41827541827541825, 0.376]	no-link	question-header	-0.1261	-0.2304	-0.2831	-0.073	-0.081	-0.063	3
Authorized	Estimated	[0.13513513513513514, 0.285, 0.23938223938223938, 0.295]	[0.13127413127413126, 0.36, 0.2277992277992278, 0.375]	no-link	question-question	0.1081	0.0039	-0.0927	-0.075	-0.08	-0.065	3
Authorized	the	[0.13513513513513514, 0.285, 0.23938223938223938, 0.295]	[0.323037323037323, 0.36, 0.3539253539253539, 0.373]	no-link	question-header	-0.0837	-0.1879	-0.2188	-0.075	-0.078	-0.065	3
Authorized	will	[0.13513513513513514, 0.285, 0.23938223938223938, 0.295]	[0.4247104247104247, 0.36, 0.46846846846846846, 0.375]	no-link	question-header	-0.1853	-0.2896	-0.3333	-0.075	-0.08	-0.065	3
Authorized	Authorized	[0.13513513513513514, 0.285, 0.23938223938223938, 0.295]	[0.13127413127413126, 0.331, 0.23552123552123552, 0.342]	line-line	question-question	0.1004	0.046	-0.0039	0.047	-0.1081	0.057	3
Authorized	by	[0.13513513513513514, 0.285, 0.23938223938223938, 0.295]	[0.2483912483912484, 0.281, 0.2702702702702703, 0.296]	word-word	question-question	0.1351	-0.004	0.1133	0.001	0.009	0.011	3
Authorized	Dr.	[0.13513513513513514, 0.285, 0.23938223938223938, 0.295]	[0.28442728442728443, 0.281, 0.31917631917631917, 0.296]	question-answer	question-answer	0.184	-0.004	0.1493	0.001	0.045	0.011	3
of	communication)	[0.7606177606177607, 0.297, 0.7863577863577863, 0.312]	[0.7915057915057915, 0.299, 0.9420849420849421, 0.312]	word-word	answer-answer	0.1815	0.002	0.0309	0.0	0.0051	0.015	3
of	Mr.	[0.7606177606177607, 0.297, 0.7863577863577863, 0.312]	[0.28185328185328185, 0.324, 0.3166023166023166, 0.344]	no-link	answer-answer	0.5045	0.4788	0.444	-0.027	-0.032	-0.012	3
of	Charles	[0.7606177606177607, 0.297, 0.7863577863577863, 0.312]	[0.32947232947232946, 0.327, 0.4015444015444015, 0.342]	no-link	answer-answer	0.4569	0.4311	0.3591	-0.03	-0.03	-0.015	3
of	study	[0.7606177606177607, 0.297, 0.7863577863577863, 0.312]	[0.3655083655083655, 0.358, 0.41827541827541825, 0.376]	no-link	answer-header	0.4208	0.3951	0.3423	-0.061	-0.064	-0.046	3
of	Estimated	[0.7606177606177607, 0.297, 0.7863577863577863, 0.312]	[0.13127413127413126, 0.36, 0.2277992277992278, 0.375]	no-link	answer-question	0.6551	0.6293	0.5328	-0.063	-0.063	-0.048	3
of	will	[0.7606177606177607, 0.297, 0.7863577863577863, 0.312]	[0.4247104247104247, 0.36, 0.46846846846846846, 0.375]	no-link	answer-header	0.3616	0.3359	0.2921	-0.063	-0.063	-0.048	3
of	cost	[0.7606177606177607, 0.297, 0.7863577863577863, 0.312]	[0.23938223938223938, 0.362, 0.2857142857142857, 0.376]	no-link	answer-header	0.547	0.5212	0.4749	-0.065	-0.064	-0.05	3
(Means	of	[0.6898326898326899, 0.299, 0.7567567567567568, 0.313]	[0.7606177606177607, 0.297, 0.7863577863577863, 0.312]	word-word	answer-answer	0.0965	-0.002	0.0708	-0.001	0.0039	0.013	3
(Means	Charles	[0.6898326898326899, 0.299, 0.7567567567567568, 0.313]	[0.32947232947232946, 0.327, 0.4015444015444015, 0.342]	no-link	answer-answer	0.4273	0.3604	0.2883	-0.028	-0.029	-0.014	3
(Means	Authorized	[0.6898326898326899, 0.299, 0.7567567567567568, 0.313]	[0.13127413127413126, 0.331, 0.23552123552123552, 0.342]	no-link	answer-header	0.6255	0.5586	0.4543	-0.032	-0.029	-0.018	3
(Means	study	[0.6898326898326899, 0.299, 0.7567567567567568, 0.313]	[0.3655083655083655, 0.358, 0.41827541827541825, 0.376]	no-link	answer-header	0.3912	0.3243	0.2716	-0.059	-0.063	-0.045	3
(Means	Estimated	[0.6898326898326899, 0.299, 0.7567567567567568, 0.313]	[0.13127413127413126, 0.36, 0.2277992277992278, 0.375]	no-link	answer-question	0.6255	0.5586	0.462	-0.061	-0.062	-0.047	3
(Means	the	[0.6898326898326899, 0.299, 0.7567567567567568, 0.313]	[0.323037323037323, 0.36, 0.3539253539253539, 0.373]	no-link	answer-header	0.4337	0.3668	0.3359	-0.061	-0.06	-0.047	3
(Means	will	[0.6898326898326899, 0.299, 0.7567567567567568, 0.313]	[0.4247104247104247, 0.36, 0.46846846846846846, 0.375]	no-link	answer-header	0.332	0.2651	0.2214	-0.061	-0.062	-0.047	3
(Means	cost	[0.6898326898326899, 0.299, 0.7567567567567568, 0.313]	[0.23938223938223938, 0.362, 0.2857142857142857, 0.376]	no-link	answer-header	0.5174	0.4505	0.4041	-0.063	-0.063	-0.049	3
Mr.	Charles	[0.28185328185328185, 0.324, 0.3166023166023166, 0.344]	[0.32947232947232946, 0.327, 0.4015444015444015, 0.342]	word-word	answer-answer	0.1197	0.003	0.0476	-0.002	0.0129	0.018	4
Mr.	Authorized	[0.28185328185328185, 0.324, 0.3166023166023166, 0.344]	[0.13127413127413126, 0.331, 0.23552123552123552, 0.342]	no-link	answer-header	0.1853	0.1506	0.0463	-0.007	0.002	0.013	4
Mr.	of	[0.28185328185328185, 0.324, 0.3166023166023166, 0.344]	[0.2908622908622909, 0.358, 0.31402831402831405, 0.376]	no-link	answer-header	0.0257	-0.009	-0.0322	-0.034	-0.032	-0.014	4
Mr.	study	[0.28185328185328185, 0.324, 0.3166023166023166, 0.344]	[0.3655083655083655, 0.358, 0.41827541827541825, 0.376]	no-link	answer-header	-0.0489	-0.0837	-0.1364	-0.034	-0.032	-0.014	4
Mr.	Estimated	[0.28185328185328185, 0.324, 0.3166023166023166, 0.344]	[0.13127413127413126, 0.36, 0.2277992277992278, 0.375]	no-link	answer-question	0.1853	0.1506	0.0541	-0.036	-0.031	-0.016	4
Mr.	the	[0.28185328185328185, 0.324, 0.3166023166023166, 0.344]	[0.323037323037323, 0.36, 0.3539253539253539, 0.373]	no-link	answer-header	-0.0064	-0.0412	-0.0721	-0.036	-0.029	-0.016	4
Mr.	will	[0.28185328185328185, 0.324, 0.3166023166023166, 0.344]	[0.4247104247104247, 0.36, 0.46846846846846846, 0.375]	no-link	answer-header	-0.1081	-0.1429	-0.1866	-0.036	-0.031	-0.016	4
Mr.	cost	[0.28185328185328185, 0.324, 0.3166023166023166, 0.344]	[0.23938223938223938, 0.362, 0.2857142857142857, 0.376]	no-link	answer-header	0.0772	0.0425	-0.0039	-0.038	-0.032	-0.018	4
Mr.	not	[0.28185328185328185, 0.324, 0.3166023166023166, 0.344]	[0.8146718146718147, 0.392, 0.8455598455598455, 0.407]	no-link	answer-question	-0.4981	-0.5328	-0.5637	-0.068	-0.063	-0.048	4
Charles	Burns	[0.32947232947232946, 0.327, 0.4015444015444015, 0.342]	[0.40283140283140284, 0.324, 0.46332046332046334, 0.342]	word-word	answer-answer	0.1338	-0.003	0.0734	0.0	0.0013	0.015	4
Charles	Authorized	[0.32947232947232946, 0.327, 0.4015444015444015, 0.342]	[0.13127413127413126, 0.331, 0.23552123552123552, 0.342]	no-link	answer-question	0.2703	0.1982	0.094	-0.004	0.0	0.011	4
Charles	of	[0.32947232947232946, 0.327, 0.4015444015444015, 0.342]	[0.2908622908622909, 0.358, 0.31402831402831405, 0.376]	no-link	answer-header	0.1107	0.0386	0.0154	-0.031	-0.034	-0.016	4
Charles	study	[0.32947232947232946, 0.327, 0.4015444015444015, 0.342]	[0.3655083655083655, 0.358, 0.41827541827541825, 0.376]	no-link	answer-header	0.036	-0.036	-0.0888	-0.031	-0.034	-0.016	4
Charles	Estimated	[0.32947232947232946, 0.327, 0.4015444015444015, 0.342]	[0.13127413127413126, 0.36, 0.2277992277992278, 0.375]	no-link	answer-question	0.2703	0.1982	0.1017	-0.033	-0.033	-0.018	4
Charles	the	[0.32947232947232946, 0.327, 0.4015444015444015, 0.342]	[0.323037323037323, 0.36, 0.3539253539253539, 0.373]	no-link	answer-header	0.0785	0.0064	-0.0245	-0.033	-0.031	-0.018	4
Charles	will	[0.32947232947232946, 0.327, 0.4015444015444015, 0.342]	[0.4247104247104247, 0.36, 0.46846846846846846, 0.375]	no-link	answer-header	-0.0232	-0.0952	-0.139	-0.033	-0.033	-0.018	4
Charles	cost	[0.32947232947232946, 0.327, 0.4015444015444015, 0.342]	[0.23938223938223938, 0.362, 0.2857142857142857, 0.376]	no-link	answer-header	0.1622	0.0901	0.0438	-0.035	-0.034	-0.02	4
Charles	not	[0.32947232947232946, 0.327, 0.4015444015444015, 0.342]	[0.8146718146718147, 0.392, 0.8455598455598455, 0.407]	no-link	answer-question	-0.4131	-0.4852	-0.5161	-0.065	-0.065	-0.05	4
Charles	decreased	[0.32947232947232946, 0.327, 0.4015444015444015, 0.342]	[0.6267696267696268, 0.392, 0.7258687258687259, 0.407]	no-link	answer-question	-0.2252	-0.2973	-0.3964	-0.065	-0.065	-0.05	4
Authorized	Estimated	[0.13127413127413126, 0.331, 0.23552123552123552, 0.342]	[0.13127413127413126, 0.36, 0.2277992277992278, 0.375]	line-line	question-header	0.0965	0.029	0.0	0.033	-0.1042	0.044	4
Authorized	cost	[0.13127413127413126, 0.331, 0.23552123552123552, 0.342]	[0.23938223938223938, 0.362, 0.2857142857142857, 0.376]	no-link	question-header	-0.0039	-0.1081	-0.1544	-0.031	-0.034	-0.02	4
Authorized	not	[0.13127413127413126, 0.331, 0.23552123552123552, 0.342]	[0.8146718146718147, 0.392, 0.8455598455598455, 0.407]	no-link	question-question	-0.5792	-0.6834	-0.7143	-0.061	-0.065	-0.05	4
Authorized	decreased	[0.13127413127413126, 0.331, 0.23552123552123552, 0.342]	[0.6267696267696268, 0.392, 0.7258687258687259, 0.407]	no-link	question-question	-0.3912	-0.4955	-0.5946	-0.061	-0.065	-0.05	4
Authorized	to	[0.13127413127413126, 0.331, 0.23552123552123552, 0.342]	[0.2483912483912484, 0.331, 0.27413127413127414, 0.344]	word-word	question-question	0.1429	0.0	0.1171	0.002	0.0129	0.013	4
Authorized	Mr.	[0.13127413127413126, 0.331, 0.23552123552123552, 0.342]	[0.28185328185328185, 0.324, 0.3166023166023166, 0.344]	question-answer	question-answer	0.1853	-0.007	0.1506	0.002	0.0463	0.013	4
of	the	[0.2908622908622909, 0.358, 0.31402831402831405, 0.376]	[0.323037323037323, 0.36, 0.3539253539253539, 0.373]	word-word	header-header	0.0631	0.002	0.0322	-0.003	0.009	0.015	5
of	not	[0.2908622908622909, 0.358, 0.31402831402831405, 0.376]	[0.8146718146718147, 0.392, 0.8455598455598455, 0.407]	no-link	header-question	-0.5006	-0.5238	-0.5547	-0.034	-0.031	-0.016	5
of	decreased	[0.2908622908622909, 0.358, 0.31402831402831405, 0.376]	[0.6267696267696268, 0.392, 0.7258687258687259, 0.407]	no-link	header-question	-0.3127	-0.3359	-0.435	-0.034	-0.031	-0.016	5
of	increased	[0.2908622908622909, 0.358, 0.31402831402831405, 0.376]	[0.40797940797940796, 0.394, 0.510939510939511, 0.408]	no-link	header-question	-0.094	-0.1171	-0.2201	-0.036	-0.032	-0.018	5
study	will	[0.3655083655083655, 0.358, 0.41827541827541825, 0.376]	[0.4247104247104247, 0.36, 0.46846846846846846, 0.375]	word-word	header-header	0.103	0.002	0.0592	-0.001	0.0064	0.017	5
study	Estimated	[0.3655083655083655, 0.358, 0.41827541827541825, 0.376]	[0.13127413127413126, 0.36, 0.2277992277992278, 0.375]	no-link	header-question	0.287	0.2342	0.1377	-0.002	0.001	0.016	5
study	the	[0.3655083655083655, 0.358, 0.41827541827541825, 0.376]	[0.323037323037323, 0.36, 0.3539253539253539, 0.373]	no-link	header-header	0.0952	0.0425	0.0116	-0.002	0.003	0.016	5
study	cost	[0.3655083655083655, 0.358, 0.41827541827541825, 0.376]	[0.23938223938223938, 0.362, 0.2857142857142857, 0.376]	no-link	header-header	0.1789	0.1261	0.0798	-0.004	0.0	0.014	5
study	not	[0.3655083655083655, 0.358, 0.41827541827541825, 0.376]	[0.8146718146718147, 0.392, 0.8455598455598455, 0.407]	no-link	header-question	-0.3964	-0.4492	-0.4801	-0.034	-0.031	-0.016	5
study	decreased	[0.3655083655083655, 0.358, 0.41827541827541825, 0.376]	[0.6267696267696268, 0.392, 0.7258687258687259, 0.407]	no-link	header-question	-0.2085	-0.2613	-0.3604	-0.034	-0.031	-0.016	5
study	increased	[0.3655083655083655, 0.358, 0.41827541827541825, 0.376]	[0.40797940797940796, 0.394, 0.510939510939511, 0.408]	no-link	header-question	0.0103	-0.0425	-0.1454	-0.036	-0.032	-0.018	5
of	the	[0.2908622908622909, 0.358, 0.31402831402831405, 0.376]	[0.323037323037323, 0.36, 0.3539253539253539, 0.373]	word-word	header-header	0.0631	0.002	0.0322	-0.003	0.009	0.015	6
study	will	[0.3655083655083655, 0.358, 0.41827541827541825, 0.376]	[0.4247104247104247, 0.36, 0.46846846846846846, 0.375]	word-word	header-header	0.103	0.002	0.0592	-0.001	0.0064	0.017	6
Estimated	increased	[0.13127413127413126, 0.36, 0.2277992277992278, 0.375]	[0.40797940797940796, 0.394, 0.510939510939511, 0.408]	line-line	header-question	0.3797	0.034	0.2767	0.033	0.1802	0.048	5
Estimated	the	[0.13127413127413126, 0.36, 0.2277992277992278, 0.375]	[0.323037323037323, 0.36, 0.3539253539253539, 0.373]	no-link	header-header	-0.0952	-0.1918	-0.2227	0.0	0.002	0.015	5
Estimated	will	[0.13127413127413126, 0.36, 0.2277992277992278, 0.375]	[0.4247104247104247, 0.36, 0.46846846846846846, 0.375]	no-link	header-header	-0.1969	-0.2934	-0.3372	0.0	0.0	0.015	5
Estimated	cost	[0.13127413127413126, 0.36, 0.2277992277992278, 0.375]	[0.23938223938223938, 0.362, 0.2857142857142857, 0.376]	no-link	header-header	-0.0116	-0.1081	-0.1544	-0.002	-0.001	0.013	5
Estimated	not	[0.13127413127413126, 0.36, 0.2277992277992278, 0.375]	[0.8146718146718147, 0.392, 0.8455598455598455, 0.407]	no-link	header-question	-0.5869	-0.6834	-0.7143	-0.032	-0.032	-0.017	5
Estimated	decreased	[0.13127413127413126, 0.36, 0.2277992277992278, 0.375]	[0.6267696267696268, 0.392, 0.7258687258687259, 0.407]	no-link	header-question	-0.399	-0.4955	-0.5946	-0.032	-0.032	-0.017	5
Estimated	of	[0.13127413127413126, 0.36, 0.2277992277992278, 0.375]	[0.26126126126126126, 0.422, 0.28314028314028317, 0.439]	no-link	header-question	-0.0335	-0.13	-0.1519	-0.062	-0.064	-0.047	5
Estimated	cost	[0.13127413127413126, 0.36, 0.2277992277992278, 0.375]	[0.23938223938223938, 0.362, 0.2857142857142857, 0.376]	word-word	header-header	0.1544	0.002	0.1081	0.001	0.0116	0.016	5
Estimated	change	[0.13127413127413126, 0.36, 0.2277992277992278, 0.375]	[0.29343629343629346, 0.422, 0.3577863577863578, 0.44]	no-link	header-question	-0.0656	-0.1622	-0.2265	-0.062	-0.065	-0.047	5
the	study	[0.323037323037323, 0.36, 0.3539253539253539, 0.373]	[0.3655083655083655, 0.358, 0.41827541827541825, 0.376]	word-word	header-header	0.0952	-0.002	0.0425	0.003	0.0116	0.016	5
the	Estimated	[0.323037323037323, 0.36, 0.3539253539253539, 0.373]	[0.13127413127413126, 0.36, 0.2277992277992278, 0.375]	no-link	header-question	0.2227	0.1918	0.0952	0.0	-0.002	0.013	5
the	will	[0.323037323037323, 0.36, 0.3539253539253539, 0.373]	[0.4247104247104247, 0.36, 0.46846846846846846, 0.375]	no-link	header-header	-0.0708	-0.1017	-0.1454	0.0	-0.002	0.013	5
the	cost	[0.323037323037323, 0.36, 0.3539253539253539, 0.373]	[0.23938223938223938, 0.362, 0.2857142857142857, 0.376]	no-link	header-header	0.1145	0.0837	0.0373	-0.002	-0.003	0.011	5
the	not	[0.323037323037323, 0.36, 0.3539253539253539, 0.373]	[0.8146718146718147, 0.392, 0.8455598455598455, 0.407]	no-link	header-question	-0.4607	-0.4916	-0.5225	-0.032	-0.034	-0.019	5
the	decreased	[0.323037323037323, 0.36, 0.3539253539253539, 0.373]	[0.6267696267696268, 0.392, 0.7258687258687259, 0.407]	no-link	header-question	-0.2728	-0.3037	-0.4028	-0.032	-0.034	-0.019	5
the	increased	[0.323037323037323, 0.36, 0.3539253539253539, 0.373]	[0.40797940797940796, 0.394, 0.510939510939511, 0.408]	no-link	header-question	-0.0541	-0.0849	-0.1879	-0.034	-0.035	-0.021	5
the	change	[0.323037323037323, 0.36, 0.3539253539253539, 0.373]	[0.29343629343629346, 0.422, 0.3577863577863578, 0.44]	no-link	header-question	0.0605	0.0296	-0.0347	-0.062	-0.067	-0.049	5
the	Description	[0.323037323037323, 0.36, 0.3539253539253539, 0.373]	[0.13256113256113256, 0.426, 0.2471042471042471, 0.44]	no-link	header-question	0.2214	0.1905	0.0759	-0.066	-0.067	-0.053	5
will	be:	[0.4247104247104247, 0.36, 0.46846846846846846, 0.375]	[0.4800514800514801, 0.359, 0.5148005148005148, 0.377]	word-word	header-header	0.0901	-0.001	0.0553	0.002	0.0116	0.017	5
will	Estimated	[0.4247104247104247, 0.36, 0.46846846846846846, 0.375]	[0.13127413127413126, 0.36, 0.2277992277992278, 0.375]	no-link	header-question	0.3372	0.2934	0.1969	0.0	0.0	0.015	5
will	the	[0.4247104247104247, 0.36, 0.46846846846846846, 0.375]	[0.323037323037323, 0.36, 0.3539253539253539, 0.373]	no-link	header-header	0.1454	0.1017	0.0708	0.0	0.002	0.015	5
will	cost	[0.4247104247104247, 0.36, 0.46846846846846846, 0.375]	[0.23938223938223938, 0.362, 0.2857142857142857, 0.376]	no-link	header-header	0.2291	0.1853	0.139	-0.002	-0.001	0.013	5
will	not	[0.4247104247104247, 0.36, 0.46846846846846846, 0.375]	[0.8146718146718147, 0.392, 0.8455598455598455, 0.407]	no-link	header-question	-0.3462	-0.39	-0.4208	-0.032	-0.032	-0.017	5
will	decreased	[0.4247104247104247, 0.36, 0.46846846846846846, 0.375]	[0.6267696267696268, 0.392, 0.7258687258687259, 0.407]	no-link	header-question	-0.1583	-0.2021	-0.3012	-0.032	-0.032	-0.017	5
will	increased	[0.4247104247104247, 0.36, 0.46846846846846846, 0.375]	[0.40797940797940796, 0.394, 0.510939510939511, 0.408]	no-link	header-question	0.0605	0.0167	-0.0862	-0.034	-0.033	-0.019	5
will	of	[0.4247104247104247, 0.36, 0.46846846846846846, 0.375]	[0.26126126126126126, 0.422, 0.28314028314028317, 0.439]	no-link	header-question	0.2072	0.1634	0.1416	-0.062	-0.064	-0.047	5
will	change	[0.4247104247104247, 0.36, 0.46846846846846846, 0.375]	[0.29343629343629346, 0.422, 0.3577863577863578, 0.44]	no-link	header-question	0.175	0.1313	0.0669	-0.062	-0.065	-0.047	5
will	Description	[0.4247104247104247, 0.36, 0.46846846846846846, 0.375]	[0.13256113256113256, 0.426, 0.2471042471042471, 0.44]	no-link	header-question	0.3359	0.2921	0.1776	-0.066	-0.065	-0.051	5
Estimated	increased	[0.13127413127413126, 0.36, 0.2277992277992278, 0.375]	[0.40797940797940796, 0.394, 0.510939510939511, 0.408]	header-question	header-question	0.3797	0.034	0.2767	0.033	0.1802	0.048	5
Estimated	Description	[0.13127413127413126, 0.36, 0.2277992277992278, 0.375]	[0.13256113256113256, 0.426, 0.2471042471042471, 0.44]	no-link	header-question	0.0952	-0.0013	-0.1158	-0.066	-0.065	-0.051	5
Estimated	decreased	[0.13127413127413126, 0.36, 0.2277992277992278, 0.375]	[0.6267696267696268, 0.392, 0.7258687258687259, 0.407]	header-question	header-question	0.5946	0.032	0.4955	0.032	0.399	0.047	5
Estimated	not	[0.13127413127413126, 0.36, 0.2277992277992278, 0.375]	[0.8146718146718147, 0.392, 0.8455598455598455, 0.407]	header-question	header-question	0.7143	0.032	0.6834	0.032	0.5869	0.047	5
Estimated	cost	[0.13127413127413126, 0.36, 0.2277992277992278, 0.375]	[0.23938223938223938, 0.362, 0.2857142857142857, 0.376]	word-word	header-header	0.1544	0.002	0.1081	0.001	0.0116	0.016	6
the	study	[0.323037323037323, 0.36, 0.3539253539253539, 0.373]	[0.3655083655083655, 0.358, 0.41827541827541825, 0.376]	word-word	header-header	0.0952	-0.002	0.0425	0.003	0.0116	0.016	6
will	be:	[0.4247104247104247, 0.36, 0.46846846846846846, 0.375]	[0.4800514800514801, 0.359, 0.5148005148005148, 0.377]	word-word	header-header	0.0901	-0.001	0.0553	0.002	0.0116	0.017	6
cost	of	[0.23938223938223938, 0.362, 0.2857142857142857, 0.376]	[0.2908622908622909, 0.358, 0.31402831402831405, 0.376]	word-word	header-header	0.0746	-0.004	0.0515	0.0	0.0051	0.014	5
cost	not	[0.23938223938223938, 0.362, 0.2857142857142857, 0.376]	[0.8146718146718147, 0.392, 0.8455598455598455, 0.407]	no-link	header-question	-0.529	-0.5753	-0.6062	-0.03	-0.031	-0.016	5
cost	decreased	[0.23938223938223938, 0.362, 0.2857142857142857, 0.376]	[0.6267696267696268, 0.392, 0.7258687258687259, 0.407]	no-link	header-question	-0.3411	-0.3874	-0.4865	-0.03	-0.031	-0.016	5
cost	increased	[0.23938223938223938, 0.362, 0.2857142857142857, 0.376]	[0.40797940797940796, 0.394, 0.510939510939511, 0.408]	no-link	header-question	-0.1223	-0.1686	-0.2716	-0.032	-0.032	-0.018	5
cost	change	[0.23938223938223938, 0.362, 0.2857142857142857, 0.376]	[0.29343629343629346, 0.422, 0.3577863577863578, 0.44]	no-link	header-question	-0.0077	-0.0541	-0.1184	-0.06	-0.064	-0.046	5
cost	Description	[0.23938223938223938, 0.362, 0.2857142857142857, 0.376]	[0.13256113256113256, 0.426, 0.2471042471042471, 0.44]	no-link	header-question	0.1532	0.1068	-0.0077	-0.064	-0.064	-0.05	5
cost	of	[0.23938223938223938, 0.362, 0.2857142857142857, 0.376]	[0.2908622908622909, 0.358, 0.31402831402831405, 0.376]	word-word	header-header	0.0746	-0.004	0.0515	0.0	0.0051	0.014	6
not	affected	[0.8146718146718147, 0.392, 0.8455598455598455, 0.407]	[0.8571428571428571, 0.392, 0.9472329472329473, 0.406]	word-word	question-question	0.1326	0.0	0.0425	-0.001	0.0116	0.014	5
not	decreased	[0.8146718146718147, 0.392, 0.8455598455598455, 0.407]	[0.6267696267696268, 0.392, 0.7258687258687259, 0.407]	no-link	question-header	0.2188	0.1879	0.0888	0.0	0.0	0.015	5
not	increased	[0.8146718146718147, 0.392, 0.8455598455598455, 0.407]	[0.40797940797940796, 0.394, 0.510939510939511, 0.408]	no-link	question-question	0.4376	0.4067	0.3037	-0.002	-0.001	0.013	5
not	of	[0.8146718146718147, 0.392, 0.8455598455598455, 0.407]	[0.26126126126126126, 0.422, 0.28314028314028317, 0.439]	no-link	question-question	0.5843	0.5534	0.5315	-0.03	-0.032	-0.015	5
not	change	[0.8146718146718147, 0.392, 0.8455598455598455, 0.407]	[0.29343629343629346, 0.422, 0.3577863577863578, 0.44]	no-link	question-question	0.5521	0.5212	0.4569	-0.03	-0.033	-0.015	5
not	Description	[0.8146718146718147, 0.392, 0.8455598455598455, 0.407]	[0.13256113256113256, 0.426, 0.2471042471042471, 0.44]	no-link	question-question	0.713	0.6821	0.5676	-0.034	-0.033	-0.019	5
decreased	not	[0.6267696267696268, 0.392, 0.7258687258687259, 0.407]	[0.8146718146718147, 0.392, 0.8455598455598455, 0.407]	question-question	question-question	0.2188	0.0	0.1879	0.0	0.0888	0.015	6
decreased	increased	[0.6267696267696268, 0.392, 0.7258687258687259, 0.407]	[0.40797940797940796, 0.394, 0.510939510939511, 0.408]	no-link	question-question	0.3179	0.2188	0.1158	-0.002	-0.001	0.013	6
decreased	of	[0.6267696267696268, 0.392, 0.7258687258687259, 0.407]	[0.26126126126126126, 0.422, 0.28314028314028317, 0.439]	no-link	question-question	0.4646	0.3655	0.3436	-0.03	-0.032	-0.015	6
decreased	change	[0.6267696267696268, 0.392, 0.7258687258687259, 0.407]	[0.29343629343629346, 0.422, 0.3577863577863578, 0.44]	no-link	question-question	0.4324	0.3333	0.269	-0.03	-0.033	-0.015	6
decreased	Description	[0.6267696267696268, 0.392, 0.7258687258687259, 0.407]	[0.13256113256113256, 0.426, 0.2471042471042471, 0.44]	no-link	question-question	0.5933	0.4942	0.3797	-0.034	-0.033	-0.019	6
decreased	Estimated	[0.6267696267696268, 0.392, 0.7258687258687259, 0.407]	[0.13127413127413126, 0.36, 0.2277992277992278, 0.375]	question-header	question-header	-0.399	-0.032	-0.4955	-0.032	-0.5946	-0.017	6
not	affected	[0.8146718146718147, 0.392, 0.8455598455598455, 0.407]	[0.8571428571428571, 0.392, 0.9472329472329473, 0.406]	word-word	question-question	0.1326	0.0	0.0425	-0.001	0.0116	0.014	6
not	Estimated	[0.8146718146718147, 0.392, 0.8455598455598455, 0.407]	[0.13127413127413126, 0.36, 0.2277992277992278, 0.375]	question-header	question-header	-0.5869	-0.032	-0.6834	-0.032	-0.7143	-0.017	6
increased	decreased	[0.40797940797940796, 0.394, 0.510939510939511, 0.408]	[0.6267696267696268, 0.392, 0.7258687258687259, 0.407]	question-question	question-question	0.3179	-0.002	0.2188	-0.001	0.1158	0.013	6
increased	of	[0.40797940797940796, 0.394, 0.510939510939511, 0.408]	[0.26126126126126126, 0.422, 0.28314028314028317, 0.439]	no-link	question-question	0.2497	0.1467	0.1248	-0.028	-0.031	-0.014	6
increased	change	[0.40797940797940796, 0.394, 0.510939510939511, 0.408]	[0.29343629343629346, 0.422, 0.3577863577863578, 0.44]	no-link	question-question	0.2175	0.1145	0.0502	-0.028	-0.032	-0.014	6
increased	Description	[0.40797940797940796, 0.394, 0.510939510939511, 0.408]	[0.13256113256113256, 0.426, 0.2471042471042471, 0.44]	no-link	question-question	0.3784	0.2754	0.1609	-0.032	-0.032	-0.018	6
increased	Description	[0.40797940797940796, 0.394, 0.510939510939511, 0.408]	[0.13256113256113256, 0.426, 0.2471042471042471, 0.44]	line-line	question-question	-0.1609	0.032	-0.2754	0.032	-0.3784	0.046	6
increased	Estimated	[0.40797940797940796, 0.394, 0.510939510939511, 0.408]	[0.13127413127413126, 0.36, 0.2277992277992278, 0.375]	question-header	question-header	-0.1802	-0.034	-0.2767	-0.033	-0.3797	-0.019	6
increased		[0.40797940797940796, 0.394, 0.510939510939511, 0.408]	[0.3590733590733591, 0.392, 0.3758043758043758, 0.407]	question-answer	question-answer	-0.0322	-0.002	-0.0489	-0.001	-0.1519	0.013	6
of	change	[0.26126126126126126, 0.422, 0.28314028314028317, 0.439]	[0.29343629343629346, 0.422, 0.3577863577863578, 0.44]	word-word	question-question	0.0965	0.0	0.0322	0.001	0.0103	0.018	7
of	Description	[0.26126126126126126, 0.422, 0.28314028314028317, 0.439]	[0.13256113256113256, 0.426, 0.2471042471042471, 0.44]	no-link	question-question	0.1506	0.1287	0.0142	-0.004	-0.001	0.013	7
change	order:	[0.29343629343629346, 0.422, 0.3577863577863578, 0.44]	[0.3667953667953668, 0.426, 0.42985842985842987, 0.441]	word-word	question-question	0.1364	0.004	0.0734	0.001	0.009	0.019	7
Description	of	[0.13256113256113256, 0.426, 0.2471042471042471, 0.44]	[0.26126126126126126, 0.422, 0.28314028314028317, 0.439]	word-word	question-question	0.1506	-0.004	0.1287	-0.001	0.0142	0.013	7
