COVINGTON	TELEFAX	[0.2838196286472148, 0.149, 0.5079575596816976, 0.176]	[0.4350132625994695, 0.257, 0.4960212201591512, 0.268]	line-line	header-question	0.2122	0.108	0.1512	0.092	-0.0729	0.119	0
COVINGTON	&	[0.2838196286472148, 0.149, 0.5079575596816976, 0.176]	[0.5172413793103449, 0.152, 0.5464190981432361, 0.177]	no-link	header-header	-0.0093	-0.2334	-0.2626	-0.003	-0.001	0.024	0
COVINGTON	(202)	[0.2838196286472148, 0.149, 0.5079575596816976, 0.176]	[0.4960212201591512, 0.257, 0.5225464190981433, 0.268]	no-link	header-answer	0.0119	-0.2122	-0.2387	-0.108	-0.092	-0.081	0
COVINGTON	TELEX	[0.2838196286472148, 0.149, 0.5079575596816976, 0.176]	[0.4124668435013263, 0.268, 0.45755968169761274, 0.281]	no-link	header-question	0.0955	-0.1286	-0.1737	-0.119	-0.105	-0.092	0
COVINGTON	COVLING	[0.2838196286472148, 0.149, 0.5079575596816976, 0.176]	[0.48938992042440316, 0.27, 0.5543766578249337, 0.283]	no-link	header-answer	0.0186	-0.2056	-0.2706	-0.121	-0.107	-0.094	0
COVINGTON	193	[0.2838196286472148, 0.149, 0.5079575596816976, 0.176]	[0.47480106100795755, 0.271, 0.48938992042440316, 0.282]	no-link	header-answer	0.0332	-0.191	-0.2056	-0.122	-0.106	-0.095	0
COVINGTON	89-	[0.2838196286472148, 0.149, 0.5079575596816976, 0.176]	[0.45755968169761274, 0.272, 0.47480106100795755, 0.28]	no-link	header-answer	0.0504	-0.1737	-0.191	-0.123	-0.104	-0.096	0
COVINGTON	TELEPHONE:	[0.2838196286472148, 0.149, 0.5079575596816976, 0.176]	[0.11671087533156499, 0.282, 0.20159151193633953, 0.295]	no-link	header-question	0.3912	0.1671	0.0822	-0.133	-0.119	-0.106	0
COVINGTON	32	[0.2838196286472148, 0.149, 0.5079575596816976, 0.176]	[0.8037135278514589, 0.282, 0.8209549071618037, 0.296]	no-link	header-answer	-0.2958	-0.5199	-0.5371	-0.133	-0.12	-0.106	0
COVINGTON	71	[0.2838196286472148, 0.149, 0.5079575596816976, 0.176]	[0.21883289124668434, 0.284, 0.23209549071618038, 0.295]	no-link	header-answer	0.2891	0.065	0.0517	-0.135	-0.119	-0.108	0
COVINGTON	512	[0.2838196286472148, 0.149, 0.5079575596816976, 0.176]	[0.8249336870026526, 0.284, 0.8474801061007957, 0.294]	no-link	header-answer	-0.317	-0.5411	-0.5637	-0.135	-0.118	-0.108	0
COVINGTON	44	[0.2838196286472148, 0.149, 0.5079575596816976, 0.176]	[0.20424403183023873, 0.285, 0.22148541114058357, 0.293]	no-link	header-answer	0.3037	0.0796	0.0623	-0.136	-0.117	-0.109	0
COVINGTON	495	[0.2838196286472148, 0.149, 0.5079575596816976, 0.176]	[0.23209549071618038, 0.285, 0.2519893899204244, 0.295]	no-link	header-answer	0.2759	0.0517	0.0318	-0.136	-0.119	-0.109	0
COVINGTON	CABLE	[0.2838196286472148, 0.149, 0.5079575596816976, 0.176]	[0.4469496021220159, 0.285, 0.4920424403183024, 0.295]	no-link	header-question	0.061	-0.1631	-0.2082	-0.136	-0.119	-0.109	0
COVINGTON	&	[0.2838196286472148, 0.149, 0.5079575596816976, 0.176]	[0.5172413793103449, 0.152, 0.5464190981432361, 0.177]	word-word	header-header	0.2626	0.003	0.2334	0.001	0.0093	0.028	0
COVINGTON		[0.2838196286472148, 0.149, 0.5079575596816976, 0.176]	[0.8183023872679045, 0.285, 0.8262599469496021, 0.293]	no-link	header-answer	-0.3103	-0.5345	-0.5424	-0.136	-0.117	-0.109	0
&	BURLING	[0.5172413793103449, 0.152, 0.5464190981432361, 0.177]	[0.5543766578249337, 0.148, 0.7175066312997348, 0.179]	word-word	header-header	0.2003	-0.004	0.0371	0.002	0.008	0.027	0
&	TELEFAX	[0.5172413793103449, 0.152, 0.5464190981432361, 0.177]	[0.4350132625994695, 0.257, 0.4960212201591512, 0.268]	no-link	header-answer	0.1114	0.0822	0.0212	-0.105	-0.091	-0.08	0
&	(202)	[0.5172413793103449, 0.152, 0.5464190981432361, 0.177]	[0.4960212201591512, 0.257, 0.5225464190981433, 0.268]	no-link	header-answer	0.0504	0.0212	-0.0053	-0.105	-0.091	-0.08	0
&	TELEX	[0.5172413793103449, 0.152, 0.5464190981432361, 0.177]	[0.4124668435013263, 0.268, 0.45755968169761274, 0.281]	no-link	header-question	0.134	0.1048	0.0597	-0.116	-0.104	-0.091	0
&	COVLING	[0.5172413793103449, 0.152, 0.5464190981432361, 0.177]	[0.48938992042440316, 0.27, 0.5543766578249337, 0.283]	no-link	header-answer	0.057	0.0279	-0.0371	-0.118	-0.106	-0.093	0
&	193	[0.5172413793103449, 0.152, 0.5464190981432361, 0.177]	[0.47480106100795755, 0.271, 0.48938992042440316, 0.282]	no-link	header-answer	0.0716	0.0424	0.0279	-0.119	-0.105	-0.094	0
&	89-	[0.5172413793103449, 0.152, 0.5464190981432361, 0.177]	[0.45755968169761274, 0.272, 0.47480106100795755, 0.28]	no-link	header-answer	0.0889	0.0597	0.0424	-0.12	-0.103	-0.095	0
&	TELEPHONE:	[0.5172413793103449, 0.152, 0.5464190981432361, 0.177]	[0.11671087533156499, 0.282, 0.20159151193633953, 0.295]	no-link	header-question	0.4297	0.4005	0.3156	-0.13	-0.118	-0.105	0
&	32	[0.5172413793103449, 0.152, 0.5464190981432361, 0.177]	[0.8037135278514589, 0.282, 0.8209549071618037, 0.296]	no-link	header-answer	-0.2573	-0.2865	-0.3037	-0.13	-0.119	-0.105	0
&	71	[0.5172413793103449, 0.152, 0.5464190981432361, 0.177]	[0.21883289124668434, 0.284, 0.23209549071618038, 0.295]	no-link	header-answer	0.3276	0.2984	0.2851	-0.132	-0.118	-0.107	0
&	512	[0.5172413793103449, 0.152, 0.5464190981432361, 0.177]	[0.8249336870026526, 0.284, 0.8474801061007957, 0.294]	no-link	header-answer	-0.2785	-0.3077	-0.3302	-0.132	-0.117	-0.107	0
&	44	[0.5172413793103449, 0.152, 0.5464190981432361, 0.177]	[0.20424403183023873, 0.285, 0.22148541114058357, 0.293]	no-link	header-answer	0.3422	0.313	0.2958	-0.133	-0.116	-0.108	0
&	495	[0.5172413793103449, 0.152, 0.5464190981432361, 0.177]	[0.23209549071618038, 0.285, 0.2519893899204244, 0.295]	no-link	header-answer	0.3143	0.2851	0.2653	-0.133	-0.118	-0.108	0
&	CABLE	[0.5172413793103449, 0.152, 0.5464190981432361, 0.177]	[0.4469496021220159, 0.285, 0.4920424403183024, 0.295]	no-link	header-question	0.0995	0.0703	0.0252	-0.133	-0.118	-0.108	0
&		[0.5172413793103449, 0.152, 0.5464190981432361, 0.177]	[0.8183023872679045, 0.285, 0.8262599469496021, 0.293]	no-link	header-answer	-0.2719	-0.3011	-0.309	-0.133	-0.116	-0.108	0
&	January	[0.5172413793103449, 0.152, 0.5464190981432361, 0.177]	[0.3395225464190981, 0.42, 0.44297082228116713, 0.448]	no-link	header-answer	0.2069	0.1777	0.0743	-0.268	-0.271	-0.243	0
TELEFAX	TELEX	[0.4350132625994695, 0.257, 0.4960212201591512, 0.268]	[0.4124668435013263, 0.268, 0.45755968169761274, 0.281]	line-line	question-question	0.0225	0.011	-0.0225	0.013	-0.0836	0.024	1
TELEFAX	(202)	[0.4350132625994695, 0.257, 0.4960212201591512, 0.268]	[0.4960212201591512, 0.257, 0.5225464190981433, 0.268]	no-link	question-answer	0.0	-0.061	-0.0875	0.0	0.0	0.011	1
TELEFAX	COVLING	[0.4350132625994695, 0.257, 0.4960212201591512, 0.268]	[0.48938992042440316, 0.27, 0.5543766578249337, 0.283]	no-link	question-answer	0.0066	-0.0544	-0.1194	-0.013	-0.015	-0.002	1
TELEFAX	193	[0.4350132625994695, 0.257, 0.4960212201591512, 0.268]	[0.47480106100795755, 0.271, 0.48938992042440316, 0.282]	no-link	question-answer	0.0212	-0.0398	-0.0544	-0.014	-0.014	-0.003	1
TELEFAX	89-	[0.4350132625994695, 0.257, 0.4960212201591512, 0.268]	[0.45755968169761274, 0.272, 0.47480106100795755, 0.28]	no-link	question-answer	0.0385	-0.0225	-0.0398	-0.015	-0.012	-0.004	1
TELEFAX	TELEPHONE:	[0.4350132625994695, 0.257, 0.4960212201591512, 0.268]	[0.11671087533156499, 0.282, 0.20159151193633953, 0.295]	no-link	question-question	0.3793	0.3183	0.2334	-0.025	-0.027	-0.014	1
TELEFAX	32	[0.4350132625994695, 0.257, 0.4960212201591512, 0.268]	[0.8037135278514589, 0.282, 0.8209549071618037, 0.296]	no-link	question-answer	-0.3077	-0.3687	-0.3859	-0.025	-0.028	-0.014	1
TELEFAX	71	[0.4350132625994695, 0.257, 0.4960212201591512, 0.268]	[0.21883289124668434, 0.284, 0.23209549071618038, 0.295]	no-link	question-answer	0.2772	0.2162	0.2029	-0.027	-0.027	-0.016	1
TELEFAX	512	[0.4350132625994695, 0.257, 0.4960212201591512, 0.268]	[0.8249336870026526, 0.284, 0.8474801061007957, 0.294]	no-link	question-answer	-0.3289	-0.3899	-0.4125	-0.027	-0.026	-0.016	1
TELEFAX	44	[0.4350132625994695, 0.257, 0.4960212201591512, 0.268]	[0.20424403183023873, 0.285, 0.22148541114058357, 0.293]	no-link	question-answer	0.2918	0.2308	0.2135	-0.028	-0.025	-0.017	1
TELEFAX	495	[0.4350132625994695, 0.257, 0.4960212201591512, 0.268]	[0.23209549071618038, 0.285, 0.2519893899204244, 0.295]	no-link	question-answer	0.2639	0.2029	0.183	-0.028	-0.027	-0.017	1
TELEFAX	CABLE	[0.4350132625994695, 0.257, 0.4960212201591512, 0.268]	[0.4469496021220159, 0.285, 0.4920424403183024, 0.295]	no-link	question-question	0.0491	-0.0119	-0.057	-0.028	-0.027	-0.017	1
TELEFAX		[0.4350132625994695, 0.257, 0.4960212201591512, 0.268]	[0.8183023872679045, 0.285, 0.8262599469496021, 0.293]	no-link	question-answer	-0.3223	-0.3833	-0.3912	-0.028	-0.025	-0.017	1
TELEFAX	January	[0.4350132625994695, 0.257, 0.4960212201591512, 0.268]	[0.3395225464190981, 0.42, 0.44297082228116713, 0.448]	no-link	question-answer	0.1565	0.0955	-0.008	-0.163	-0.18	-0.152	1
TELEFAX	15,	[0.4350132625994695, 0.257, 0.4960212201591512, 0.268]	[0.4535809018567639, 0.425, 0.4920424403183024, 0.449]	no-link	question-answer	0.0424	-0.0186	-0.057	-0.168	-0.181	-0.157	1
TELEFAX	(202)	[0.4350132625994695, 0.257, 0.4960212201591512, 0.268]	[0.4960212201591512, 0.257, 0.5225464190981433, 0.268]	question-answer	question-answer	0.0875	0.0	0.061	0.0	0.0	0.011	1
TELEFAX	Date:	[0.4350132625994695, 0.257, 0.4960212201591512, 0.268]	[0.22811671087533156, 0.429, 0.3037135278514589, 0.444]	no-link	question-question	0.2679	0.2069	0.1313	-0.172	-0.176	-0.161	1
(202)	662-6291	[0.4960212201591512, 0.257, 0.5225464190981433, 0.268]	[0.519893899204244, 0.257, 0.5649867374005305, 0.27]	word-word	answer-answer	0.069	0.0	0.0239	0.002	-0.0027	0.013	1
(202)	TELEX	[0.4960212201591512, 0.257, 0.5225464190981433, 0.268]	[0.4124668435013263, 0.268, 0.45755968169761274, 0.281]	no-link	answer-answer	0.1101	0.0836	0.0385	-0.011	-0.013	0.0	1
(202)	COVLING	[0.4960212201591512, 0.257, 0.5225464190981433, 0.268]	[0.48938992042440316, 0.27, 0.5543766578249337, 0.283]	no-link	answer-answer	0.0332	0.0066	-0.0584	-0.013	-0.015	-0.002	1
(202)	193	[0.4960212201591512, 0.257, 0.5225464190981433, 0.268]	[0.47480106100795755, 0.271, 0.48938992042440316, 0.282]	no-link	answer-answer	0.0477	0.0212	0.0066	-0.014	-0.014	-0.003	1
(202)	89-	[0.4960212201591512, 0.257, 0.5225464190981433, 0.268]	[0.45755968169761274, 0.272, 0.47480106100795755, 0.28]	no-link	answer-answer	0.065	0.0385	0.0212	-0.015	-0.012	-0.004	1
(202)	TELEPHONE:	[0.4960212201591512, 0.257, 0.5225464190981433, 0.268]	[0.11671087533156499, 0.282, 0.20159151193633953, 0.295]	no-link	answer-question	0.4058	0.3793	0.2944	-0.025	-0.027	-0.014	1
(202)	32	[0.4960212201591512, 0.257, 0.5225464190981433, 0.268]	[0.8037135278514589, 0.282, 0.8209549071618037, 0.296]	no-link	answer-answer	-0.2812	-0.3077	-0.3249	-0.025	-0.028	-0.014	1
(202)	71	[0.4960212201591512, 0.257, 0.5225464190981433, 0.268]	[0.21883289124668434, 0.284, 0.23209549071618038, 0.295]	no-link	answer-answer	0.3037	0.2772	0.2639	-0.027	-0.027	-0.016	1
(202)	512	[0.4960212201591512, 0.257, 0.5225464190981433, 0.268]	[0.8249336870026526, 0.284, 0.8474801061007957, 0.294]	no-link	answer-answer	-0.3024	-0.3289	-0.3515	-0.027	-0.026	-0.016	1
(202)	44	[0.4960212201591512, 0.257, 0.5225464190981433, 0.268]	[0.20424403183023873, 0.285, 0.22148541114058357, 0.293]	no-link	answer-answer	0.3183	0.2918	0.2745	-0.028	-0.025	-0.017	1
(202)	495	[0.4960212201591512, 0.257, 0.5225464190981433, 0.268]	[0.23209549071618038, 0.285, 0.2519893899204244, 0.295]	no-link	answer-answer	0.2905	0.2639	0.244	-0.028	-0.027	-0.017	1
(202)	CABLE	[0.4960212201591512, 0.257, 0.5225464190981433, 0.268]	[0.4469496021220159, 0.285, 0.4920424403183024, 0.295]	no-link	answer-question	0.0756	0.0491	0.004	-0.028	-0.027	-0.017	1
(202)		[0.4960212201591512, 0.257, 0.5225464190981433, 0.268]	[0.8183023872679045, 0.285, 0.8262599469496021, 0.293]	no-link	answer-answer	-0.2958	-0.3223	-0.3302	-0.028	-0.025	-0.017	1
(202)	January	[0.4960212201591512, 0.257, 0.5225464190981433, 0.268]	[0.3395225464190981, 0.42, 0.44297082228116713, 0.448]	no-link	answer-answer	0.183	0.1565	0.0531	-0.163	-0.18	-0.152	1
(202)	15,	[0.4960212201591512, 0.257, 0.5225464190981433, 0.268]	[0.4535809018567639, 0.425, 0.4920424403183024, 0.449]	no-link	answer-answer	0.069	0.0424	0.004	-0.168	-0.181	-0.157	1
(202)	Date:	[0.4960212201591512, 0.257, 0.5225464190981433, 0.268]	[0.22811671087533156, 0.429, 0.3037135278514589, 0.444]	no-link	answer-question	0.2944	0.2679	0.1923	-0.172	-0.176	-0.161	1
TELEX	TELEPHONE:	[0.4124668435013263, 0.268, 0.45755968169761274, 0.281]	[0.11671087533156499, 0.282, 0.20159151193633953, 0.295]	line-line	question-question	-0.2109	0.014	-0.2958	0.014	-0.3408	0.027	2
TELEX	COVLING	[0.4124668435013263, 0.268, 0.45755968169761274, 0.281]	[0.48938992042440316, 0.27, 0.5543766578249337, 0.283]	no-link	question-answer	-0.0318	-0.0769	-0.1419	-0.002	-0.002	0.011	2
TELEX	193	[0.4124668435013263, 0.268, 0.45755968169761274, 0.281]	[0.47480106100795755, 0.271, 0.48938992042440316, 0.282]	no-link	question-answer	-0.0172	-0.0623	-0.0769	-0.003	-0.001	0.01	2
TELEX	89-	[0.4124668435013263, 0.268, 0.45755968169761274, 0.281]	[0.45755968169761274, 0.272, 0.47480106100795755, 0.28]	no-link	question-answer	0.0	-0.0451	-0.0623	-0.004	0.001	0.009	2
TELEX	32	[0.4124668435013263, 0.268, 0.45755968169761274, 0.281]	[0.8037135278514589, 0.282, 0.8209549071618037, 0.296]	no-link	question-answer	-0.3462	-0.3912	-0.4085	-0.014	-0.015	-0.001	2
TELEX	71	[0.4124668435013263, 0.268, 0.45755968169761274, 0.281]	[0.21883289124668434, 0.284, 0.23209549071618038, 0.295]	no-link	question-answer	0.2387	0.1936	0.1804	-0.016	-0.014	-0.003	2
TELEX	512	[0.4124668435013263, 0.268, 0.45755968169761274, 0.281]	[0.8249336870026526, 0.284, 0.8474801061007957, 0.294]	no-link	question-answer	-0.3674	-0.4125	-0.435	-0.016	-0.013	-0.003	2
TELEX	44	[0.4124668435013263, 0.268, 0.45755968169761274, 0.281]	[0.20424403183023873, 0.285, 0.22148541114058357, 0.293]	no-link	question-answer	0.2533	0.2082	0.191	-0.017	-0.012	-0.004	2
TELEX	495	[0.4124668435013263, 0.268, 0.45755968169761274, 0.281]	[0.23209549071618038, 0.285, 0.2519893899204244, 0.295]	no-link	question-answer	0.2255	0.1804	0.1605	-0.017	-0.014	-0.004	2
TELEX	CABLE	[0.4124668435013263, 0.268, 0.45755968169761274, 0.281]	[0.4469496021220159, 0.285, 0.4920424403183024, 0.295]	no-link	question-question	0.0106	-0.0345	-0.0796	-0.017	-0.014	-0.004	2
TELEX		[0.4124668435013263, 0.268, 0.45755968169761274, 0.281]	[0.8183023872679045, 0.285, 0.8262599469496021, 0.293]	no-link	question-answer	-0.3607	-0.4058	-0.4138	-0.017	-0.012	-0.004	2
TELEX	January	[0.4124668435013263, 0.268, 0.45755968169761274, 0.281]	[0.3395225464190981, 0.42, 0.44297082228116713, 0.448]	no-link	question-answer	0.118	0.0729	-0.0305	-0.152	-0.167	-0.139	2
TELEX	15,	[0.4124668435013263, 0.268, 0.45755968169761274, 0.281]	[0.4535809018567639, 0.425, 0.4920424403183024, 0.449]	no-link	question-answer	0.004	-0.0411	-0.0796	-0.157	-0.168	-0.144	2
TELEX	Date:	[0.4124668435013263, 0.268, 0.45755968169761274, 0.281]	[0.22811671087533156, 0.429, 0.3037135278514589, 0.444]	no-link	question-question	0.2294	0.1844	0.1088	-0.161	-0.163	-0.148	2
TELEX	To:	[0.4124668435013263, 0.268, 0.45755968169761274, 0.281]	[0.259946949602122, 0.465, 0.3010610079575597, 0.486]	no-link	question-question	0.1976	0.1525	0.1114	-0.197	-0.205	-0.184	2
TELEX	89-	[0.4124668435013263, 0.268, 0.45755968169761274, 0.281]	[0.45755968169761274, 0.272, 0.47480106100795755, 0.28]	question-answer	question-answer	0.0623	0.004	0.0451	-0.001	0.0	0.012	2
COVLING	WSH	[0.48938992042440316, 0.27, 0.5543766578249337, 0.283]	[0.5570291777188329, 0.271, 0.5901856763925729, 0.282]	word-word	answer-answer	0.1008	0.001	0.0676	-0.001	0.0027	0.012	2
COVLING	89-	[0.48938992042440316, 0.27, 0.5543766578249337, 0.283]	[0.45755968169761274, 0.272, 0.47480106100795755, 0.28]	no-link	answer-answer	0.0968	0.0318	0.0146	-0.002	0.003	0.011	2
COVLING	TELEPHONE:	[0.48938992042440316, 0.27, 0.5543766578249337, 0.283]	[0.11671087533156499, 0.282, 0.20159151193633953, 0.295]	no-link	answer-question	0.4377	0.3727	0.2878	-0.012	-0.012	0.001	2
COVLING	32	[0.48938992042440316, 0.27, 0.5543766578249337, 0.283]	[0.8037135278514589, 0.282, 0.8209549071618037, 0.296]	no-link	answer-answer	-0.2493	-0.3143	-0.3316	-0.012	-0.013	0.001	2
COVLING	71	[0.48938992042440316, 0.27, 0.5543766578249337, 0.283]	[0.21883289124668434, 0.284, 0.23209549071618038, 0.295]	no-link	answer-answer	0.3355	0.2706	0.2573	-0.014	-0.012	-0.001	2
COVLING	512	[0.48938992042440316, 0.27, 0.5543766578249337, 0.283]	[0.8249336870026526, 0.284, 0.8474801061007957, 0.294]	no-link	answer-answer	-0.2706	-0.3355	-0.3581	-0.014	-0.011	-0.001	2
COVLING	44	[0.48938992042440316, 0.27, 0.5543766578249337, 0.283]	[0.20424403183023873, 0.285, 0.22148541114058357, 0.293]	no-link	answer-answer	0.3501	0.2851	0.2679	-0.015	-0.01	-0.002	2
COVLING	495	[0.48938992042440316, 0.27, 0.5543766578249337, 0.283]	[0.23209549071618038, 0.285, 0.2519893899204244, 0.295]	no-link	answer-answer	0.3223	0.2573	0.2374	-0.015	-0.012	-0.002	2
COVLING	CABLE	[0.48938992042440316, 0.27, 0.5543766578249337, 0.283]	[0.4469496021220159, 0.285, 0.4920424403183024, 0.295]	no-link	answer-question	0.1074	0.0424	-0.0027	-0.015	-0.012	-0.002	2
COVLING		[0.48938992042440316, 0.27, 0.5543766578249337, 0.283]	[0.8183023872679045, 0.285, 0.8262599469496021, 0.293]	no-link	answer-answer	-0.2639	-0.3289	-0.3369	-0.015	-0.01	-0.002	2
COVLING	January	[0.48938992042440316, 0.27, 0.5543766578249337, 0.283]	[0.3395225464190981, 0.42, 0.44297082228116713, 0.448]	no-link	answer-answer	0.2149	0.1499	0.0464	-0.15	-0.165	-0.137	2
COVLING	15,	[0.48938992042440316, 0.27, 0.5543766578249337, 0.283]	[0.4535809018567639, 0.425, 0.4920424403183024, 0.449]	no-link	answer-answer	0.1008	0.0358	-0.0027	-0.155	-0.166	-0.142	2
COVLING	Date:	[0.48938992042440316, 0.27, 0.5543766578249337, 0.283]	[0.22811671087533156, 0.429, 0.3037135278514589, 0.444]	no-link	answer-question	0.3263	0.2613	0.1857	-0.159	-0.161	-0.146	2
COVLING	To:	[0.48938992042440316, 0.27, 0.5543766578249337, 0.283]	[0.259946949602122, 0.465, 0.3010610079575597, 0.486]	no-link	answer-question	0.2944	0.2294	0.1883	-0.195	-0.203	-0.182	2
COVLING	Mark	[0.48938992042440316, 0.27, 0.5543766578249337, 0.283]	[0.3421750663129973, 0.468, 0.40716180371352784, 0.485]	no-link	answer-answer	0.2122	0.1472	0.0822	-0.198	-0.202	-0.185	2
193	COVLING	[0.47480106100795755, 0.271, 0.48938992042440316, 0.282]	[0.48938992042440316, 0.27, 0.5543766578249337, 0.283]	word-word	answer-answer	0.0796	-0.001	0.0146	0.001	0.0	0.012	2
193	TELEPHONE:	[0.47480106100795755, 0.271, 0.48938992042440316, 0.282]	[0.11671087533156499, 0.282, 0.20159151193633953, 0.295]	no-link	answer-question	0.3727	0.3581	0.2732	-0.011	-0.013	0.0	2
193	32	[0.47480106100795755, 0.271, 0.48938992042440316, 0.282]	[0.8037135278514589, 0.282, 0.8209549071618037, 0.296]	no-link	answer-answer	-0.3143	-0.3289	-0.3462	-0.011	-0.014	0.0	2
193	71	[0.47480106100795755, 0.271, 0.48938992042440316, 0.282]	[0.21883289124668434, 0.284, 0.23209549071618038, 0.295]	no-link	answer-answer	0.2706	0.256	0.2427	-0.013	-0.013	-0.002	2
193	512	[0.47480106100795755, 0.271, 0.48938992042440316, 0.282]	[0.8249336870026526, 0.284, 0.8474801061007957, 0.294]	no-link	answer-answer	-0.3355	-0.3501	-0.3727	-0.013	-0.012	-0.002	2
193	44	[0.47480106100795755, 0.271, 0.48938992042440316, 0.282]	[0.20424403183023873, 0.285, 0.22148541114058357, 0.293]	no-link	answer-answer	0.2851	0.2706	0.2533	-0.014	-0.011	-0.003	2
193	495	[0.47480106100795755, 0.271, 0.48938992042440316, 0.282]	[0.23209549071618038, 0.285, 0.2519893899204244, 0.295]	no-link	answer-answer	0.2573	0.2427	0.2228	-0.014	-0.013	-0.003	2
193	CABLE	[0.47480106100795755, 0.271, 0.48938992042440316, 0.282]	[0.4469496021220159, 0.285, 0.4920424403183024, 0.295]	no-link	answer-question	0.0424	0.0279	-0.0172	-0.014	-0.013	-0.003	2
193		[0.47480106100795755, 0.271, 0.48938992042440316, 0.282]	[0.8183023872679045, 0.285, 0.8262599469496021, 0.293]	no-link	answer-answer	-0.3289	-0.3435	-0.3515	-0.014	-0.011	-0.003	2
193	January	[0.47480106100795755, 0.271, 0.48938992042440316, 0.282]	[0.3395225464190981, 0.42, 0.44297082228116713, 0.448]	no-link	answer-answer	0.1499	0.1353	0.0318	-0.149	-0.166	-0.138	2
193	15,	[0.47480106100795755, 0.271, 0.48938992042440316, 0.282]	[0.4535809018567639, 0.425, 0.4920424403183024, 0.449]	no-link	answer-answer	0.0358	0.0212	-0.0172	-0.154	-0.167	-0.143	2
193	Date:	[0.47480106100795755, 0.271, 0.48938992042440316, 0.282]	[0.22811671087533156, 0.429, 0.3037135278514589, 0.444]	no-link	answer-question	0.2613	0.2467	0.1711	-0.158	-0.162	-0.147	2
193	To:	[0.47480106100795755, 0.271, 0.48938992042440316, 0.282]	[0.259946949602122, 0.465, 0.3010610079575597, 0.486]	no-link	answer-question	0.2294	0.2149	0.1737	-0.194	-0.204	-0.183	2
193	Mark	[0.47480106100795755, 0.271, 0.48938992042440316, 0.282]	[0.3421750663129973, 0.468, 0.40716180371352784, 0.485]	no-link	answer-answer	0.1472	0.1326	0.0676	-0.197	-0.203	-0.186	2
193	H.	[0.47480106100795755, 0.271, 0.48938992042440316, 0.282]	[0.4244031830238727, 0.503, 0.4535809018567639, 0.527]	no-link	answer-answer	0.065	0.0504	0.0212	-0.232	-0.245	-0.221	2
89-	193	[0.45755968169761274, 0.272, 0.47480106100795755, 0.28]	[0.47480106100795755, 0.271, 0.48938992042440316, 0.282]	word-word	answer-answer	0.0318	-0.001	0.0172	0.002	0.0	0.01	2
89-	TELEPHONE:	[0.45755968169761274, 0.272, 0.47480106100795755, 0.28]	[0.11671087533156499, 0.282, 0.20159151193633953, 0.295]	no-link	answer-question	0.3581	0.3408	0.256	-0.01	-0.015	-0.002	2
89-	32	[0.45755968169761274, 0.272, 0.47480106100795755, 0.28]	[0.8037135278514589, 0.282, 0.8209549071618037, 0.296]	no-link	answer-answer	-0.3289	-0.3462	-0.3634	-0.01	-0.016	-0.002	2
89-	71	[0.45755968169761274, 0.272, 0.47480106100795755, 0.28]	[0.21883289124668434, 0.284, 0.23209549071618038, 0.295]	no-link	answer-answer	0.256	0.2387	0.2255	-0.012	-0.015	-0.004	2
89-	512	[0.45755968169761274, 0.272, 0.47480106100795755, 0.28]	[0.8249336870026526, 0.284, 0.8474801061007957, 0.294]	no-link	answer-answer	-0.3501	-0.3674	-0.3899	-0.012	-0.014	-0.004	2
89-	44	[0.45755968169761274, 0.272, 0.47480106100795755, 0.28]	[0.20424403183023873, 0.285, 0.22148541114058357, 0.293]	no-link	answer-answer	0.2706	0.2533	0.2361	-0.013	-0.013	-0.005	2
89-	495	[0.45755968169761274, 0.272, 0.47480106100795755, 0.28]	[0.23209549071618038, 0.285, 0.2519893899204244, 0.295]	no-link	answer-answer	0.2427	0.2255	0.2056	-0.013	-0.015	-0.005	2
89-	CABLE	[0.45755968169761274, 0.272, 0.47480106100795755, 0.28]	[0.4469496021220159, 0.285, 0.4920424403183024, 0.295]	no-link	answer-question	0.0279	0.0106	-0.0345	-0.013	-0.015	-0.005	2
89-		[0.45755968169761274, 0.272, 0.47480106100795755, 0.28]	[0.8183023872679045, 0.285, 0.8262599469496021, 0.293]	no-link	answer-answer	-0.3435	-0.3607	-0.3687	-0.013	-0.013	-0.005	2
89-	January	[0.45755968169761274, 0.272, 0.47480106100795755, 0.28]	[0.3395225464190981, 0.42, 0.44297082228116713, 0.448]	no-link	answer-answer	0.1353	0.118	0.0146	-0.148	-0.168	-0.14	2
89-	15,	[0.45755968169761274, 0.272, 0.47480106100795755, 0.28]	[0.4535809018567639, 0.425, 0.4920424403183024, 0.449]	no-link	answer-answer	0.0212	0.004	-0.0345	-0.153	-0.169	-0.145	2
89-	Date:	[0.45755968169761274, 0.272, 0.47480106100795755, 0.28]	[0.22811671087533156, 0.429, 0.3037135278514589, 0.444]	no-link	answer-question	0.2467	0.2294	0.1538	-0.157	-0.164	-0.149	2
89-	To:	[0.45755968169761274, 0.272, 0.47480106100795755, 0.28]	[0.259946949602122, 0.465, 0.3010610079575597, 0.486]	no-link	answer-question	0.2149	0.1976	0.1565	-0.193	-0.206	-0.185	2
89-	Mark	[0.45755968169761274, 0.272, 0.47480106100795755, 0.28]	[0.3421750663129973, 0.468, 0.40716180371352784, 0.485]	no-link	answer-answer	0.1326	0.1154	0.0504	-0.196	-0.205	-0.188	2
89-	H.	[0.45755968169761274, 0.272, 0.47480106100795755, 0.28]	[0.4244031830238727, 0.503, 0.4535809018567639, 0.527]	no-link	answer-answer	0.0504	0.0332	0.004	-0.231	-0.247	-0.223	2
89-	David	[0.45755968169761274, 0.272, 0.47480106100795755, 0.28]	[0.33554376657824936, 0.504, 0.41644562334217505, 0.526]	no-link	answer-answer	0.1393	0.122	0.0411	-0.232	-0.246	-0.224	2
TELEPHONE:	CABLE	[0.11671087533156499, 0.282, 0.20159151193633953, 0.295]	[0.4469496021220159, 0.285, 0.4920424403183024, 0.295]	question-question	question-question	0.3753	0.003	0.3302	0.0	0.2454	0.013	3
TELEPHONE:	32	[0.11671087533156499, 0.282, 0.20159151193633953, 0.295]	[0.8037135278514589, 0.282, 0.8209549071618037, 0.296]	no-link	question-answer	-0.6021	-0.687	-0.7042	0.0	-0.001	0.013	3
TELEPHONE:	71	[0.11671087533156499, 0.282, 0.20159151193633953, 0.295]	[0.21883289124668434, 0.284, 0.23209549071618038, 0.295]	no-link	question-answer	-0.0172	-0.1021	-0.1154	-0.002	0.0	0.011	3
TELEPHONE:	512	[0.11671087533156499, 0.282, 0.20159151193633953, 0.295]	[0.8249336870026526, 0.284, 0.8474801061007957, 0.294]	no-link	question-answer	-0.6233	-0.7082	-0.7308	-0.002	0.001	0.011	3
TELEPHONE:	44	[0.11671087533156499, 0.282, 0.20159151193633953, 0.295]	[0.20424403183023873, 0.285, 0.22148541114058357, 0.293]	no-link	question-answer	-0.0027	-0.0875	-0.1048	-0.003	0.002	0.01	3
TELEPHONE:	495	[0.11671087533156499, 0.282, 0.20159151193633953, 0.295]	[0.23209549071618038, 0.285, 0.2519893899204244, 0.295]	no-link	question-answer	-0.0305	-0.1154	-0.1353	-0.003	0.0	0.01	3
TELEPHONE:		[0.11671087533156499, 0.282, 0.20159151193633953, 0.295]	[0.8183023872679045, 0.285, 0.8262599469496021, 0.293]	no-link	question-answer	-0.6167	-0.7016	-0.7095	-0.003	0.002	0.01	3
TELEPHONE:	January	[0.11671087533156499, 0.282, 0.20159151193633953, 0.295]	[0.3395225464190981, 0.42, 0.44297082228116713, 0.448]	no-link	question-answer	-0.1379	-0.2228	-0.3263	-0.138	-0.153	-0.125	3
TELEPHONE:	15,	[0.11671087533156499, 0.282, 0.20159151193633953, 0.295]	[0.4535809018567639, 0.425, 0.4920424403183024, 0.449]	no-link	question-answer	-0.252	-0.3369	-0.3753	-0.143	-0.154	-0.13	3
TELEPHONE:	Date:	[0.11671087533156499, 0.282, 0.20159151193633953, 0.295]	[0.22811671087533156, 0.429, 0.3037135278514589, 0.444]	no-link	question-question	-0.0265	-0.1114	-0.187	-0.147	-0.149	-0.134	3
TELEPHONE:	To:	[0.11671087533156499, 0.282, 0.20159151193633953, 0.295]	[0.259946949602122, 0.465, 0.3010610079575597, 0.486]	no-link	question-question	-0.0584	-0.1432	-0.1844	-0.183	-0.191	-0.17	3
TELEPHONE:	Mark	[0.11671087533156499, 0.282, 0.20159151193633953, 0.295]	[0.3421750663129973, 0.468, 0.40716180371352784, 0.485]	no-link	question-answer	-0.1406	-0.2255	-0.2905	-0.186	-0.19	-0.173	3
TELEPHONE:	H.	[0.11671087533156499, 0.282, 0.20159151193633953, 0.295]	[0.4244031830238727, 0.503, 0.4535809018567639, 0.527]	no-link	question-answer	-0.2228	-0.3077	-0.3369	-0.221	-0.232	-0.208	3
TELEPHONE:	David	[0.11671087533156499, 0.282, 0.20159151193633953, 0.295]	[0.33554376657824936, 0.504, 0.41644562334217505, 0.526]	no-link	question-answer	-0.134	-0.2188	-0.2997	-0.222	-0.231	-0.209	3
TELEPHONE:	From:	[0.11671087533156499, 0.282, 0.20159151193633953, 0.295]	[0.23209549071618038, 0.507, 0.3063660477453581, 0.529]	no-link	question-question	-0.0305	-0.1154	-0.1897	-0.225	-0.234	-0.212	3
TELEPHONE:	Date:	[0.11671087533156499, 0.282, 0.20159151193633953, 0.295]	[0.22811671087533156, 0.429, 0.3037135278514589, 0.444]	line-line	question-question	0.187	0.147	0.1114	0.149	0.0265	0.162	3
TELEPHONE:	44	[0.11671087533156499, 0.282, 0.20159151193633953, 0.295]	[0.20424403183023873, 0.285, 0.22148541114058357, 0.293]	question-answer	question-answer	0.1048	0.003	0.0875	-0.002	0.0027	0.011	3
TELEPHONE:	Room:	[0.11671087533156499, 0.282, 0.20159151193633953, 0.295]	[0.22281167108753316, 0.549, 0.30238726790450926, 0.573]	no-link	question-question	-0.0212	-0.1061	-0.1857	-0.267	-0.278	-0.254	3
TELEPHONE:	32	[0.7188328912466844, 0.282, 0.8023872679045093, 0.296]	[0.8037135278514589, 0.282, 0.8209549071618037, 0.296]	question-answer	question-answer	0.1021	0.0	0.0849	0.0	0.0013	0.014	3
32		[0.8037135278514589, 0.282, 0.8209549071618037, 0.296]	[0.8183023872679045, 0.285, 0.8262599469496021, 0.293]	word-word	answer-answer	0.0225	0.003	0.0146	-0.003	-0.0027	0.011	3
32	512	[0.8037135278514589, 0.282, 0.8209549071618037, 0.296]	[0.8249336870026526, 0.284, 0.8474801061007957, 0.294]	no-link	answer-answer	-0.004	-0.0212	-0.0438	-0.002	0.002	0.012	3
32	44	[0.8037135278514589, 0.282, 0.8209549071618037, 0.296]	[0.20424403183023873, 0.285, 0.22148541114058357, 0.293]	no-link	answer-answer	0.6167	0.5995	0.5822	-0.003	0.003	0.011	3
32	495	[0.8037135278514589, 0.282, 0.8209549071618037, 0.296]	[0.23209549071618038, 0.285, 0.2519893899204244, 0.295]	no-link	answer-answer	0.5889	0.5716	0.5517	-0.003	0.001	0.011	3
32	CABLE	[0.8037135278514589, 0.282, 0.8209549071618037, 0.296]	[0.4469496021220159, 0.285, 0.4920424403183024, 0.295]	no-link	answer-question	0.374	0.3568	0.3117	-0.003	0.001	0.011	3
32	January	[0.8037135278514589, 0.282, 0.8209549071618037, 0.296]	[0.3395225464190981, 0.42, 0.44297082228116713, 0.448]	no-link	answer-answer	0.4814	0.4642	0.3607	-0.138	-0.152	-0.124	3
32	15,	[0.8037135278514589, 0.282, 0.8209549071618037, 0.296]	[0.4535809018567639, 0.425, 0.4920424403183024, 0.449]	no-link	answer-answer	0.3674	0.3501	0.3117	-0.143	-0.153	-0.129	3
32	Date:	[0.8037135278514589, 0.282, 0.8209549071618037, 0.296]	[0.22811671087533156, 0.429, 0.3037135278514589, 0.444]	no-link	answer-question	0.5928	0.5756	0.5	-0.147	-0.148	-0.133	3
32	To:	[0.8037135278514589, 0.282, 0.8209549071618037, 0.296]	[0.259946949602122, 0.465, 0.3010610079575597, 0.486]	no-link	answer-question	0.561	0.5438	0.5027	-0.183	-0.19	-0.169	3
32	Mark	[0.8037135278514589, 0.282, 0.8209549071618037, 0.296]	[0.3421750663129973, 0.468, 0.40716180371352784, 0.485]	no-link	answer-answer	0.4788	0.4615	0.3966	-0.186	-0.189	-0.172	3
32	H.	[0.8037135278514589, 0.282, 0.8209549071618037, 0.296]	[0.4244031830238727, 0.503, 0.4535809018567639, 0.527]	no-link	answer-answer	0.3966	0.3793	0.3501	-0.221	-0.231	-0.207	3
32	David	[0.8037135278514589, 0.282, 0.8209549071618037, 0.296]	[0.33554376657824936, 0.504, 0.41644562334217505, 0.526]	no-link	answer-answer	0.4854	0.4682	0.3873	-0.222	-0.23	-0.208	3
32	From:	[0.8037135278514589, 0.282, 0.8209549071618037, 0.296]	[0.23209549071618038, 0.507, 0.3063660477453581, 0.529]	no-link	answer-question	0.5889	0.5716	0.4973	-0.225	-0.233	-0.211	3
32	Room:	[0.8037135278514589, 0.282, 0.8209549071618037, 0.296]	[0.22281167108753316, 0.549, 0.30238726790450926, 0.573]	no-link	answer-question	0.5981	0.5809	0.5013	-0.267	-0.277	-0.253	3
71	495	[0.21883289124668434, 0.284, 0.23209549071618038, 0.295]	[0.23209549071618038, 0.285, 0.2519893899204244, 0.295]	word-word	answer-answer	0.0332	0.001	0.0133	0.0	0.0	0.011	3
71	44	[0.21883289124668434, 0.284, 0.23209549071618038, 0.295]	[0.20424403183023873, 0.285, 0.22148541114058357, 0.293]	no-link	answer-answer	0.0279	0.0146	-0.0027	-0.001	0.002	0.01	3
71	CABLE	[0.21883289124668434, 0.284, 0.23209549071618038, 0.295]	[0.4469496021220159, 0.285, 0.4920424403183024, 0.295]	no-link	answer-question	-0.2149	-0.2281	-0.2732	-0.001	0.0	0.01	3
71		[0.21883289124668434, 0.284, 0.23209549071618038, 0.295]	[0.8183023872679045, 0.285, 0.8262599469496021, 0.293]	no-link	answer-answer	-0.5862	-0.5995	-0.6074	-0.001	0.002	0.01	3
71	January	[0.21883289124668434, 0.284, 0.23209549071618038, 0.295]	[0.3395225464190981, 0.42, 0.44297082228116713, 0.448]	no-link	answer-answer	-0.1074	-0.1207	-0.2241	-0.136	-0.153	-0.125	3
71	15,	[0.21883289124668434, 0.284, 0.23209549071618038, 0.295]	[0.4535809018567639, 0.425, 0.4920424403183024, 0.449]	no-link	answer-answer	-0.2215	-0.2347	-0.2732	-0.141	-0.154	-0.13	3
71	Date:	[0.21883289124668434, 0.284, 0.23209549071618038, 0.295]	[0.22811671087533156, 0.429, 0.3037135278514589, 0.444]	no-link	answer-question	0.004	-0.0093	-0.0849	-0.145	-0.149	-0.134	3
71	To:	[0.21883289124668434, 0.284, 0.23209549071618038, 0.295]	[0.259946949602122, 0.465, 0.3010610079575597, 0.486]	no-link	answer-question	-0.0279	-0.0411	-0.0822	-0.181	-0.191	-0.17	3
71	Mark	[0.21883289124668434, 0.284, 0.23209549071618038, 0.295]	[0.3421750663129973, 0.468, 0.40716180371352784, 0.485]	no-link	answer-answer	-0.1101	-0.1233	-0.1883	-0.184	-0.19	-0.173	3
71	H.	[0.21883289124668434, 0.284, 0.23209549071618038, 0.295]	[0.4244031830238727, 0.503, 0.4535809018567639, 0.527]	no-link	answer-answer	-0.1923	-0.2056	-0.2347	-0.219	-0.232	-0.208	3
71	David	[0.21883289124668434, 0.284, 0.23209549071618038, 0.295]	[0.33554376657824936, 0.504, 0.41644562334217505, 0.526]	no-link	answer-answer	-0.1034	-0.1167	-0.1976	-0.22	-0.231	-0.209	3
71	From:	[0.21883289124668434, 0.284, 0.23209549071618038, 0.295]	[0.23209549071618038, 0.507, 0.3063660477453581, 0.529]	no-link	answer-question	0.0	-0.0133	-0.0875	-0.223	-0.234	-0.212	3
71	Room:	[0.21883289124668434, 0.284, 0.23209549071618038, 0.295]	[0.22281167108753316, 0.549, 0.30238726790450926, 0.573]	no-link	answer-question	0.0093	-0.004	-0.0836	-0.265	-0.278	-0.254	3
512	7890	[0.8249336870026526, 0.284, 0.8474801061007957, 0.294]	[0.8461538461538461, 0.285, 0.8740053050397878, 0.293]	word-word	answer-answer	0.0491	0.001	0.0212	-0.001	-0.0013	0.009	3
512	495	[0.8249336870026526, 0.284, 0.8474801061007957, 0.294]	[0.23209549071618038, 0.285, 0.2519893899204244, 0.295]	no-link	answer-answer	0.6154	0.5928	0.5729	-0.001	-0.001	0.009	3
512	CABLE	[0.8249336870026526, 0.284, 0.8474801061007957, 0.294]	[0.4469496021220159, 0.285, 0.4920424403183024, 0.295]	no-link	answer-question	0.4005	0.378	0.3329	-0.001	-0.001	0.009	3
512		[0.8249336870026526, 0.284, 0.8474801061007957, 0.294]	[0.8183023872679045, 0.285, 0.8262599469496021, 0.293]	no-link	answer-answer	0.0292	0.0066	-0.0013	-0.001	0.001	0.009	3
512	January	[0.8249336870026526, 0.284, 0.8474801061007957, 0.294]	[0.3395225464190981, 0.42, 0.44297082228116713, 0.448]	no-link	answer-answer	0.508	0.4854	0.382	-0.136	-0.154	-0.126	3
512	15,	[0.8249336870026526, 0.284, 0.8474801061007957, 0.294]	[0.4535809018567639, 0.425, 0.4920424403183024, 0.449]	no-link	answer-answer	0.3939	0.3714	0.3329	-0.141	-0.155	-0.131	3
512	Date:	[0.8249336870026526, 0.284, 0.8474801061007957, 0.294]	[0.22811671087533156, 0.429, 0.3037135278514589, 0.444]	no-link	answer-question	0.6194	0.5968	0.5212	-0.145	-0.15	-0.135	3
512	To:	[0.8249336870026526, 0.284, 0.8474801061007957, 0.294]	[0.259946949602122, 0.465, 0.3010610079575597, 0.486]	no-link	answer-question	0.5875	0.565	0.5239	-0.181	-0.192	-0.171	3
512	Mark	[0.8249336870026526, 0.284, 0.8474801061007957, 0.294]	[0.3421750663129973, 0.468, 0.40716180371352784, 0.485]	no-link	answer-answer	0.5053	0.4828	0.4178	-0.184	-0.191	-0.174	3
512	H.	[0.8249336870026526, 0.284, 0.8474801061007957, 0.294]	[0.4244031830238727, 0.503, 0.4535809018567639, 0.527]	no-link	answer-answer	0.4231	0.4005	0.3714	-0.219	-0.233	-0.209	3
512	David	[0.8249336870026526, 0.284, 0.8474801061007957, 0.294]	[0.33554376657824936, 0.504, 0.41644562334217505, 0.526]	no-link	answer-answer	0.5119	0.4894	0.4085	-0.22	-0.232	-0.21	3
512	From:	[0.8249336870026526, 0.284, 0.8474801061007957, 0.294]	[0.23209549071618038, 0.507, 0.3063660477453581, 0.529]	no-link	answer-question	0.6154	0.5928	0.5186	-0.223	-0.235	-0.213	3
512	Room:	[0.8249336870026526, 0.284, 0.8474801061007957, 0.294]	[0.22281167108753316, 0.549, 0.30238726790450926, 0.573]	no-link	answer-question	0.6247	0.6021	0.5225	-0.265	-0.279	-0.255	3
44	71	[0.20424403183023873, 0.285, 0.22148541114058357, 0.293]	[0.21883289124668434, 0.284, 0.23209549071618038, 0.295]	word-word	answer-answer	0.0279	-0.001	0.0146	0.002	-0.0027	0.01	3
44	CABLE	[0.20424403183023873, 0.285, 0.22148541114058357, 0.293]	[0.4469496021220159, 0.285, 0.4920424403183024, 0.295]	no-link	answer-question	-0.2255	-0.2427	-0.2878	0.0	-0.002	0.008	3
44		[0.20424403183023873, 0.285, 0.22148541114058357, 0.293]	[0.8183023872679045, 0.285, 0.8262599469496021, 0.293]	no-link	answer-answer	-0.5968	-0.6141	-0.622	0.0	0.0	0.008	3
44	January	[0.20424403183023873, 0.285, 0.22148541114058357, 0.293]	[0.3395225464190981, 0.42, 0.44297082228116713, 0.448]	no-link	answer-answer	-0.118	-0.1353	-0.2387	-0.135	-0.155	-0.127	3
44	15,	[0.20424403183023873, 0.285, 0.22148541114058357, 0.293]	[0.4535809018567639, 0.425, 0.4920424403183024, 0.449]	no-link	answer-answer	-0.2321	-0.2493	-0.2878	-0.14	-0.156	-0.132	3
44	Date:	[0.20424403183023873, 0.285, 0.22148541114058357, 0.293]	[0.22811671087533156, 0.429, 0.3037135278514589, 0.444]	no-link	answer-question	-0.0066	-0.0239	-0.0995	-0.144	-0.151	-0.136	3
44	To:	[0.20424403183023873, 0.285, 0.22148541114058357, 0.293]	[0.259946949602122, 0.465, 0.3010610079575597, 0.486]	no-link	answer-question	-0.0385	-0.0557	-0.0968	-0.18	-0.193	-0.172	3
44	Mark	[0.20424403183023873, 0.285, 0.22148541114058357, 0.293]	[0.3421750663129973, 0.468, 0.40716180371352784, 0.485]	no-link	answer-answer	-0.1207	-0.1379	-0.2029	-0.183	-0.192	-0.175	3
44	H.	[0.20424403183023873, 0.285, 0.22148541114058357, 0.293]	[0.4244031830238727, 0.503, 0.4535809018567639, 0.527]	no-link	answer-answer	-0.2029	-0.2202	-0.2493	-0.218	-0.234	-0.21	3
44	David	[0.20424403183023873, 0.285, 0.22148541114058357, 0.293]	[0.33554376657824936, 0.504, 0.41644562334217505, 0.526]	no-link	answer-answer	-0.1141	-0.1313	-0.2122	-0.219	-0.233	-0.211	3
44	From:	[0.20424403183023873, 0.285, 0.22148541114058357, 0.293]	[0.23209549071618038, 0.507, 0.3063660477453581, 0.529]	no-link	answer-question	-0.0106	-0.0279	-0.1021	-0.222	-0.236	-0.214	3
44	Room:	[0.20424403183023873, 0.285, 0.22148541114058357, 0.293]	[0.22281167108753316, 0.549, 0.30238726790450926, 0.573]	no-link	answer-question	-0.0013	-0.0186	-0.0981	-0.264	-0.28	-0.256	3
495	5655	[0.23209549071618038, 0.285, 0.2519893899204244, 0.295]	[0.2519893899204244, 0.285, 0.28116710875331563, 0.295]	word-word	answer-answer	0.0491	0.0	0.0199	0.0	0.0	0.01	3
495	CABLE	[0.23209549071618038, 0.285, 0.2519893899204244, 0.295]	[0.4469496021220159, 0.285, 0.4920424403183024, 0.295]	no-link	answer-answer	-0.195	-0.2149	-0.2599	0.0	0.0	0.01	3
495		[0.23209549071618038, 0.285, 0.2519893899204244, 0.295]	[0.8183023872679045, 0.285, 0.8262599469496021, 0.293]	no-link	answer-answer	-0.5663	-0.5862	-0.5942	0.0	0.002	0.01	3
495	January	[0.23209549071618038, 0.285, 0.2519893899204244, 0.295]	[0.3395225464190981, 0.42, 0.44297082228116713, 0.448]	no-link	answer-answer	-0.0875	-0.1074	-0.2109	-0.135	-0.153	-0.125	3
495	15,	[0.23209549071618038, 0.285, 0.2519893899204244, 0.295]	[0.4535809018567639, 0.425, 0.4920424403183024, 0.449]	no-link	answer-answer	-0.2016	-0.2215	-0.2599	-0.14	-0.154	-0.13	3
495	Date:	[0.23209549071618038, 0.285, 0.2519893899204244, 0.295]	[0.22811671087533156, 0.429, 0.3037135278514589, 0.444]	no-link	answer-question	0.0239	0.004	-0.0716	-0.144	-0.149	-0.134	3
495	To:	[0.23209549071618038, 0.285, 0.2519893899204244, 0.295]	[0.259946949602122, 0.465, 0.3010610079575597, 0.486]	no-link	answer-question	-0.008	-0.0279	-0.069	-0.18	-0.191	-0.17	3
495	Mark	[0.23209549071618038, 0.285, 0.2519893899204244, 0.295]	[0.3421750663129973, 0.468, 0.40716180371352784, 0.485]	no-link	answer-answer	-0.0902	-0.1101	-0.1751	-0.183	-0.19	-0.173	3
495	H.	[0.23209549071618038, 0.285, 0.2519893899204244, 0.295]	[0.4244031830238727, 0.503, 0.4535809018567639, 0.527]	no-link	answer-answer	-0.1724	-0.1923	-0.2215	-0.218	-0.232	-0.208	3
495	David	[0.23209549071618038, 0.285, 0.2519893899204244, 0.295]	[0.33554376657824936, 0.504, 0.41644562334217505, 0.526]	no-link	answer-answer	-0.0836	-0.1034	-0.1844	-0.219	-0.231	-0.209	3
495	From:	[0.23209549071618038, 0.285, 0.2519893899204244, 0.295]	[0.23209549071618038, 0.507, 0.3063660477453581, 0.529]	no-link	answer-question	0.0199	0.0	-0.0743	-0.222	-0.234	-0.212	3
495	Room:	[0.23209549071618038, 0.285, 0.2519893899204244, 0.295]	[0.22281167108753316, 0.549, 0.30238726790450926, 0.573]	no-link	answer-question	0.0292	0.0093	-0.0703	-0.264	-0.278	-0.254	3
CABLE	TELEPHONE:	[0.4469496021220159, 0.285, 0.4920424403183024, 0.295]	[0.7188328912466844, 0.282, 0.8023872679045093, 0.296]	question-question	question-question	0.3554	-0.003	0.2719	0.001	0.2268	0.011	3
CABLE		[0.4469496021220159, 0.285, 0.4920424403183024, 0.295]	[0.8183023872679045, 0.285, 0.8262599469496021, 0.293]	no-link	question-answer	-0.3263	-0.3714	-0.3793	0.0	0.002	0.01	3
CABLE	January	[0.4469496021220159, 0.285, 0.4920424403183024, 0.295]	[0.3395225464190981, 0.42, 0.44297082228116713, 0.448]	no-link	question-answer	0.1525	0.1074	0.004	-0.135	-0.153	-0.125	3
CABLE	15,	[0.4469496021220159, 0.285, 0.4920424403183024, 0.295]	[0.4535809018567639, 0.425, 0.4920424403183024, 0.449]	no-link	question-answer	0.0385	-0.0066	-0.0451	-0.14	-0.154	-0.13	3
CABLE	Date:	[0.4469496021220159, 0.285, 0.4920424403183024, 0.295]	[0.22811671087533156, 0.429, 0.3037135278514589, 0.444]	no-link	question-question	0.2639	0.2188	0.1432	-0.144	-0.149	-0.134	3
CABLE	To:	[0.4469496021220159, 0.285, 0.4920424403183024, 0.295]	[0.259946949602122, 0.465, 0.3010610079575597, 0.486]	no-link	question-question	0.2321	0.187	0.1459	-0.18	-0.191	-0.17	3
CABLE	Mark	[0.4469496021220159, 0.285, 0.4920424403183024, 0.295]	[0.3421750663129973, 0.468, 0.40716180371352784, 0.485]	no-link	question-answer	0.1499	0.1048	0.0398	-0.183	-0.19	-0.173	3
CABLE	H.	[0.4469496021220159, 0.285, 0.4920424403183024, 0.295]	[0.4244031830238727, 0.503, 0.4535809018567639, 0.527]	no-link	question-answer	0.0676	0.0225	-0.0066	-0.218	-0.232	-0.208	3
CABLE	David	[0.4469496021220159, 0.285, 0.4920424403183024, 0.295]	[0.33554376657824936, 0.504, 0.41644562334217505, 0.526]	no-link	question-answer	0.1565	0.1114	0.0305	-0.219	-0.231	-0.209	3
CABLE	From:	[0.4469496021220159, 0.285, 0.4920424403183024, 0.295]	[0.23209549071618038, 0.507, 0.3063660477453581, 0.529]	no-link	question-question	0.2599	0.2149	0.1406	-0.222	-0.234	-0.212	3
CABLE	Room:	[0.4469496021220159, 0.285, 0.4920424403183024, 0.295]	[0.22281167108753316, 0.549, 0.30238726790450926, 0.573]	no-link	question-question	0.2692	0.2241	0.1446	-0.264	-0.278	-0.254	3
CABLE	COVLING	[0.4469496021220159, 0.285, 0.4920424403183024, 0.295]	[0.493368700265252, 0.284, 0.5557029177718833, 0.295]	question-answer	question-answer	0.1088	-0.001	0.0464	0.0	0.0013	0.01	3
	512	[0.8183023872679045, 0.285, 0.8262599469496021, 0.293]	[0.8249336870026526, 0.284, 0.8474801061007957, 0.294]	word-word	answer-answer	0.0292	-0.001	0.0066	0.001	-0.0013	0.009	3
	15,	[0.8183023872679045, 0.285, 0.8262599469496021, 0.293]	[0.4535809018567639, 0.425, 0.4920424403183024, 0.449]	no-link	answer-answer	0.3727	0.3647	0.3263	-0.14	-0.156	-0.132	3
	Date:	[0.8183023872679045, 0.285, 0.8262599469496021, 0.293]	[0.22811671087533156, 0.429, 0.3037135278514589, 0.444]	no-link	answer-question	0.5981	0.5902	0.5146	-0.144	-0.151	-0.136	3
	To:	[0.8183023872679045, 0.285, 0.8262599469496021, 0.293]	[0.259946949602122, 0.465, 0.3010610079575597, 0.486]	no-link	answer-question	0.5663	0.5584	0.5172	-0.18	-0.193	-0.172	3
	Mark	[0.8183023872679045, 0.285, 0.8262599469496021, 0.293]	[0.3421750663129973, 0.468, 0.40716180371352784, 0.485]	no-link	answer-answer	0.4841	0.4761	0.4111	-0.183	-0.192	-0.175	3
	H.	[0.8183023872679045, 0.285, 0.8262599469496021, 0.293]	[0.4244031830238727, 0.503, 0.4535809018567639, 0.527]	no-link	answer-answer	0.4019	0.3939	0.3647	-0.218	-0.234	-0.21	3
	David	[0.8183023872679045, 0.285, 0.8262599469496021, 0.293]	[0.33554376657824936, 0.504, 0.41644562334217505, 0.526]	no-link	answer-answer	0.4907	0.4828	0.4019	-0.219	-0.233	-0.211	3
	From:	[0.8183023872679045, 0.285, 0.8262599469496021, 0.293]	[0.23209549071618038, 0.507, 0.3063660477453581, 0.529]	no-link	answer-question	0.5942	0.5862	0.5119	-0.222	-0.236	-0.214	3
	Room:	[0.8183023872679045, 0.285, 0.8262599469496021, 0.293]	[0.22281167108753316, 0.549, 0.30238726790450926, 0.573]	no-link	answer-question	0.6034	0.5955	0.5159	-0.264	-0.28	-0.256	3
January	15,	[0.3395225464190981, 0.42, 0.44297082228116713, 0.448]	[0.4535809018567639, 0.425, 0.4920424403183024, 0.449]	word-word	answer-answer	0.1525	0.005	0.1141	0.001	0.0106	0.029	4
January	Date:	[0.3395225464190981, 0.42, 0.44297082228116713, 0.448]	[0.22811671087533156, 0.429, 0.3037135278514589, 0.444]	no-link	answer-question	0.2149	0.1114	0.0358	-0.009	0.004	0.019	4
January	To:	[0.3395225464190981, 0.42, 0.44297082228116713, 0.448]	[0.259946949602122, 0.465, 0.3010610079575597, 0.486]	no-link	answer-question	0.183	0.0796	0.0385	-0.045	-0.038	-0.017	4
January	Mark	[0.3395225464190981, 0.42, 0.44297082228116713, 0.448]	[0.3421750663129973, 0.468, 0.40716180371352784, 0.485]	no-link	answer-answer	0.1008	-0.0027	-0.0676	-0.048	-0.037	-0.02	4
January	H.	[0.3395225464190981, 0.42, 0.44297082228116713, 0.448]	[0.4244031830238727, 0.503, 0.4535809018567639, 0.527]	no-link	answer-answer	0.0186	-0.0849	-0.1141	-0.083	-0.079	-0.055	4
January	David	[0.3395225464190981, 0.42, 0.44297082228116713, 0.448]	[0.33554376657824936, 0.504, 0.41644562334217505, 0.526]	no-link	answer-answer	0.1074	0.004	-0.0769	-0.084	-0.078	-0.056	4
January	From:	[0.3395225464190981, 0.42, 0.44297082228116713, 0.448]	[0.23209549071618038, 0.507, 0.3063660477453581, 0.529]	no-link	answer-question	0.2109	0.1074	0.0332	-0.087	-0.081	-0.059	4
January	Room:	[0.3395225464190981, 0.42, 0.44297082228116713, 0.448]	[0.22281167108753316, 0.549, 0.30238726790450926, 0.573]	no-link	answer-question	0.2202	0.1167	0.0371	-0.129	-0.125	-0.101	4
15,	1997	[0.4535809018567639, 0.425, 0.4920424403183024, 0.449]	[0.5092838196286472, 0.426, 0.5649867374005305, 0.446]	word-word	answer-answer	0.1114	0.001	0.0557	-0.003	0.0172	0.021	4
15,	Date:	[0.4535809018567639, 0.425, 0.4920424403183024, 0.449]	[0.22811671087533156, 0.429, 0.3037135278514589, 0.444]	no-link	answer-answer	0.2639	0.2255	0.1499	-0.004	0.005	0.02	4
15,	To:	[0.4535809018567639, 0.425, 0.4920424403183024, 0.449]	[0.259946949602122, 0.465, 0.3010610079575597, 0.486]	no-link	answer-question	0.2321	0.1936	0.1525	-0.04	-0.037	-0.016	4
15,	Mark	[0.4535809018567639, 0.425, 0.4920424403183024, 0.449]	[0.3421750663129973, 0.468, 0.40716180371352784, 0.485]	no-link	answer-answer	0.1499	0.1114	0.0464	-0.043	-0.036	-0.019	4
15,	H.	[0.4535809018567639, 0.425, 0.4920424403183024, 0.449]	[0.4244031830238727, 0.503, 0.4535809018567639, 0.527]	no-link	answer-answer	0.0676	0.0292	0.0	-0.078	-0.078	-0.054	4
15,	David	[0.4535809018567639, 0.425, 0.4920424403183024, 0.449]	[0.33554376657824936, 0.504, 0.41644562334217505, 0.526]	no-link	answer-answer	0.1565	0.118	0.0371	-0.079	-0.077	-0.055	4
15,	From:	[0.4535809018567639, 0.425, 0.4920424403183024, 0.449]	[0.23209549071618038, 0.507, 0.3063660477453581, 0.529]	no-link	answer-question	0.2599	0.2215	0.1472	-0.082	-0.08	-0.058	4
15,	Room:	[0.4535809018567639, 0.425, 0.4920424403183024, 0.449]	[0.22281167108753316, 0.549, 0.30238726790450926, 0.573]	no-link	answer-question	0.2692	0.2308	0.1512	-0.124	-0.124	-0.1	4
Date:	To:	[0.22811671087533156, 0.429, 0.3037135278514589, 0.444]	[0.259946949602122, 0.465, 0.3010610079575597, 0.486]	line-line	question-question	0.0729	0.036	0.0318	0.042	-0.0438	0.057	4
Date:	Mark	[0.22811671087533156, 0.429, 0.3037135278514589, 0.444]	[0.3421750663129973, 0.468, 0.40716180371352784, 0.485]	no-link	question-answer	-0.0385	-0.1141	-0.179	-0.039	-0.041	-0.024	4
Date:	H.	[0.22811671087533156, 0.429, 0.3037135278514589, 0.444]	[0.4244031830238727, 0.503, 0.4535809018567639, 0.527]	no-link	question-answer	-0.1207	-0.1963	-0.2255	-0.074	-0.083	-0.059	4
Date:	David	[0.22811671087533156, 0.429, 0.3037135278514589, 0.444]	[0.33554376657824936, 0.504, 0.41644562334217505, 0.526]	no-link	question-answer	-0.0318	-0.1074	-0.1883	-0.075	-0.082	-0.06	4
Date:	From:	[0.22811671087533156, 0.429, 0.3037135278514589, 0.444]	[0.23209549071618038, 0.507, 0.3063660477453581, 0.529]	no-link	question-question	0.0716	-0.004	-0.0782	-0.078	-0.085	-0.063	4
Date:	Room:	[0.22811671087533156, 0.429, 0.3037135278514589, 0.444]	[0.22281167108753316, 0.549, 0.30238726790450926, 0.573]	no-link	question-question	0.0809	0.0053	-0.0743	-0.12	-0.129	-0.105	4
Date:	January	[0.22811671087533156, 0.429, 0.3037135278514589, 0.444]	[0.3395225464190981, 0.42, 0.44297082228116713, 0.448]	question-answer	question-answer	0.2149	-0.009	0.1114	0.004	0.0358	0.019	4
To:	From:	[0.259946949602122, 0.465, 0.3010610079575597, 0.486]	[0.23209549071618038, 0.507, 0.3063660477453581, 0.529]	line-line	question-question	0.0464	0.042	-0.0279	0.043	-0.069	0.064	5
To:	Mark	[0.259946949602122, 0.465, 0.3010610079575597, 0.486]	[0.3421750663129973, 0.468, 0.40716180371352784, 0.485]	no-link	question-answer	-0.0411	-0.0822	-0.1472	-0.003	0.001	0.018	5
To:	H.	[0.259946949602122, 0.465, 0.3010610079575597, 0.486]	[0.4244031830238727, 0.503, 0.4535809018567639, 0.527]	no-link	question-answer	-0.1233	-0.1645	-0.1936	-0.038	-0.041	-0.017	5
To:	David	[0.259946949602122, 0.465, 0.3010610079575597, 0.486]	[0.33554376657824936, 0.504, 0.41644562334217505, 0.526]	no-link	question-answer	-0.0345	-0.0756	-0.1565	-0.039	-0.04	-0.018	5
To:	Room:	[0.259946949602122, 0.465, 0.3010610079575597, 0.486]	[0.22281167108753316, 0.549, 0.30238726790450926, 0.573]	no-link	question-question	0.0782	0.0371	-0.0424	-0.084	-0.087	-0.063	5
To:	Mark	[0.259946949602122, 0.465, 0.3010610079575597, 0.486]	[0.3421750663129973, 0.468, 0.40716180371352784, 0.485]	question-answer	question-answer	0.1472	0.003	0.0822	-0.001	0.0411	0.02	5
Mark	Berlind	[0.3421750663129973, 0.468, 0.40716180371352784, 0.485]	[0.4124668435013263, 0.465, 0.5106100795755968, 0.487]	word-word	answer-answer	0.1684	-0.003	0.0703	0.002	0.0053	0.019	5
Mark	David	[0.3421750663129973, 0.468, 0.40716180371352784, 0.485]	[0.33554376657824936, 0.504, 0.41644562334217505, 0.526]	no-link	answer-answer	0.0716	0.0066	-0.0743	-0.036	-0.041	-0.019	5
Mark	From:	[0.3421750663129973, 0.468, 0.40716180371352784, 0.485]	[0.23209549071618038, 0.507, 0.3063660477453581, 0.529]	no-link	answer-question	0.1751	0.1101	0.0358	-0.039	-0.044	-0.022	5
Mark	Room:	[0.3421750663129973, 0.468, 0.40716180371352784, 0.485]	[0.22281167108753316, 0.549, 0.30238726790450926, 0.573]	no-link	answer-question	0.1844	0.1194	0.0398	-0.081	-0.088	-0.064	5
H.	Remes	[0.4244031830238727, 0.503, 0.4535809018567639, 0.527]	[0.46286472148541113, 0.504, 0.5384615384615384, 0.528]	word-word	answer-answer	0.1141	0.001	0.0385	0.001	0.0093	0.025	6
H.	From:	[0.4244031830238727, 0.503, 0.4535809018567639, 0.527]	[0.23209549071618038, 0.507, 0.3063660477453581, 0.529]	no-link	answer-question	0.2215	0.1923	0.118	-0.004	-0.002	0.02	6
H.	Room:	[0.4244031830238727, 0.503, 0.4535809018567639, 0.527]	[0.22281167108753316, 0.549, 0.30238726790450926, 0.573]	no-link	answer-question	0.2308	0.2016	0.122	-0.046	-0.046	-0.022	6
David	H.	[0.33554376657824936, 0.504, 0.41644562334217505, 0.526]	[0.4244031830238727, 0.503, 0.4535809018567639, 0.527]	word-word	answer-answer	0.118	-0.001	0.0889	0.001	0.008	0.023	6
David	From:	[0.33554376657824936, 0.504, 0.41644562334217505, 0.526]	[0.23209549071618038, 0.507, 0.3063660477453581, 0.529]	no-link	answer-answer	0.1844	0.1034	0.0292	-0.003	-0.003	0.019	6
David	Room:	[0.33554376657824936, 0.504, 0.41644562334217505, 0.526]	[0.22281167108753316, 0.549, 0.30238726790450926, 0.573]	no-link	answer-question	0.1936	0.1127	0.0332	-0.045	-0.047	-0.023	6
From:	Room:	[0.23209549071618038, 0.507, 0.3063660477453581, 0.529]	[0.22281167108753316, 0.549, 0.30238726790450926, 0.573]	line-line	question-question	0.0703	0.042	-0.0093	0.044	-0.0836	0.066	6
From:	David	[0.23209549071618038, 0.507, 0.3063660477453581, 0.529]	[0.33554376657824936, 0.504, 0.41644562334217505, 0.526]	question-answer	question-answer	0.1844	-0.003	0.1034	-0.003	0.0292	0.019	6
Room:	Message:	[0.22281167108753316, 0.549, 0.30238726790450926, 0.573]	[0.11538461538461539, 0.654, 0.23740053050397877, 0.672]	line-line	question-question	0.0146	0.105	-0.1074	0.099	-0.187	0.123	7
Room:	803E	[0.22281167108753316, 0.549, 0.30238726790450926, 0.573]	[0.34084880636604775, 0.549, 0.4005305039787798, 0.569]	question-answer	question-answer	0.1777	0.0	0.118	-0.004	0.0385	0.02	7
