FILE	TYPE	[0.14588859416445624, 0.126, 0.1896551724137931, 0.139]	[0.19363395225464192, 0.128, 0.23076923076923078, 0.143]	word-word	question-question	0.0849	0.002	0.0477	0.004	0.004	0.017	0
FILE	OPTION	[0.14588859416445624, 0.126, 0.1896551724137931, 0.139]	[0.3196286472148541, 0.128, 0.3819628647214854, 0.14]	no-link	question-question	-0.13	-0.1737	-0.2361	-0.002	-0.001	0.011	0
FILE	TEL	[0.14588859416445624, 0.126, 0.1896551724137931, 0.139]	[0.5159151193633952, 0.13, 0.5464190981432361, 0.14]	no-link	question-question	-0.3263	-0.37	-0.4005	-0.004	-0.001	0.009	0
FILE	083	[0.14588859416445624, 0.126, 0.1896551724137931, 0.139]	[0.09283819628647215, 0.145, 0.129973474801061, 0.158]	no-link	question-answer	0.0968	0.0531	0.0159	-0.019	-0.019	-0.006	0
FILE	MEMORY	[0.14588859416445624, 0.126, 0.1896551724137931, 0.139]	[0.14588859416445624, 0.148, 0.21220159151193635, 0.16]	no-link	question-answer	0.0438	0.0	-0.0663	-0.022	-0.021	-0.009	0
FILE	PM	[0.14588859416445624, 0.126, 0.1896551724137931, 0.139]	[0.4588859416445623, 0.613, 0.5092838196286472, 0.645]	no-link	question-header	-0.2692	-0.313	-0.3634	-0.487	-0.506	-0.474	0
FILE	Facsimile	[0.14588859416445624, 0.126, 0.1896551724137931, 0.139]	[0.3222811671087533, 0.718, 0.45490716180371354, 0.743]	no-link	question-question	-0.1326	-0.1764	-0.309	-0.592	-0.604	-0.579	0
FILE	Transmission	[0.14588859416445624, 0.126, 0.1896551724137931, 0.139]	[0.4562334217506631, 0.719, 0.629973474801061, 0.739]	no-link	question-header	-0.2666	-0.3103	-0.4841	-0.593	-0.6	-0.58	0
FILE	Legal	[0.14588859416445624, 0.126, 0.1896551724137931, 0.139]	[0.3793103448275862, 0.757, 0.44297082228116713, 0.772]	no-link	question-header	-0.1897	-0.2334	-0.2971	-0.631	-0.633	-0.618	0
FILE	Department	[0.14588859416445624, 0.126, 0.1896551724137931, 0.139]	[0.4469496021220159, 0.757, 0.5729442970822282, 0.774]	no-link	question-header	-0.2573	-0.3011	-0.4271	-0.631	-0.635	-0.618	0
FILE	Avenue	[0.14588859416445624, 0.126, 0.1896551724137931, 0.139]	[0.48010610079575594, 0.774, 0.5610079575596817, 0.787]	no-link	question-header	-0.2905	-0.3342	-0.4151	-0.648	-0.648	-0.635	0
FILE	120	[0.14588859416445624, 0.126, 0.1896551724137931, 0.139]	[0.383289124668435, 0.776, 0.4230769230769231, 0.788]	no-link	question-header	-0.1936	-0.2374	-0.2772	-0.65	-0.649	-0.637	0
FILE	Park	[0.14588859416445624, 0.126, 0.1896551724137931, 0.139]	[0.4270557029177719, 0.776, 0.48408488063660476, 0.788]	no-link	question-header	-0.2374	-0.2812	-0.3382	-0.65	-0.649	-0.637	0
PAGE	03	[0.726790450928382, 0.126, 0.7692307692307693, 0.138]	[0.7254641909814323, 0.148, 0.7493368700265252, 0.16]	question-answer	question-answer	0.0225	0.022	-0.0013	0.022	-0.0438	0.034	0
PAGE	FILE	[0.726790450928382, 0.126, 0.7692307692307693, 0.138]	[0.09018567639257294, 0.13, 0.13660477453580902, 0.14]	no-link	question-question	0.679	0.6366	0.5902	-0.004	-0.002	0.008	0
PAGE	TEL	[0.726790450928382, 0.126, 0.7692307692307693, 0.138]	[0.5159151193633952, 0.13, 0.5464190981432361, 0.14]	no-link	question-question	0.2533	0.2109	0.1804	-0.004	-0.002	0.008	0
PAGE	083	[0.726790450928382, 0.126, 0.7692307692307693, 0.138]	[0.09283819628647215, 0.145, 0.129973474801061, 0.158]	no-link	question-answer	0.6764	0.634	0.5968	-0.019	-0.02	-0.007	0
PAGE	MEMORY	[0.726790450928382, 0.126, 0.7692307692307693, 0.138]	[0.14588859416445624, 0.148, 0.21220159151193635, 0.16]	no-link	question-answer	0.6233	0.5809	0.5146	-0.022	-0.022	-0.01	0
PAGE	PM	[0.726790450928382, 0.126, 0.7692307692307693, 0.138]	[0.4588859416445623, 0.613, 0.5092838196286472, 0.645]	no-link	question-header	0.3103	0.2679	0.2175	-0.487	-0.507	-0.475	0
PAGE	Facsimile	[0.726790450928382, 0.126, 0.7692307692307693, 0.138]	[0.3222811671087533, 0.718, 0.45490716180371354, 0.743]	no-link	question-question	0.4469	0.4045	0.2719	-0.592	-0.605	-0.58	0
PAGE	Transmission	[0.726790450928382, 0.126, 0.7692307692307693, 0.138]	[0.4562334217506631, 0.719, 0.629973474801061, 0.739]	no-link	question-header	0.313	0.2706	0.0968	-0.593	-0.601	-0.581	0
PAGE	Legal	[0.726790450928382, 0.126, 0.7692307692307693, 0.138]	[0.3793103448275862, 0.757, 0.44297082228116713, 0.772]	no-link	question-header	0.3899	0.3475	0.2838	-0.631	-0.634	-0.619	0
PAGE	Department	[0.726790450928382, 0.126, 0.7692307692307693, 0.138]	[0.4469496021220159, 0.757, 0.5729442970822282, 0.774]	no-link	question-header	0.3223	0.2798	0.1538	-0.631	-0.636	-0.619	0
PAGE	Avenue	[0.726790450928382, 0.126, 0.7692307692307693, 0.138]	[0.48010610079575594, 0.774, 0.5610079575596817, 0.787]	no-link	question-header	0.2891	0.2467	0.1658	-0.648	-0.649	-0.636	0
PAGE	120	[0.726790450928382, 0.126, 0.7692307692307693, 0.138]	[0.383289124668435, 0.776, 0.4230769230769231, 0.788]	no-link	question-header	0.3859	0.3435	0.3037	-0.65	-0.65	-0.638	0
PAGE	Park	[0.726790450928382, 0.126, 0.7692307692307693, 0.138]	[0.4270557029177719, 0.776, 0.48408488063660476, 0.788]	no-link	question-header	0.3422	0.2997	0.2427	-0.65	-0.65	-0.638	0
PAGE	York,	[0.726790450928382, 0.126, 0.7692307692307693, 0.138]	[0.38726790450928383, 0.791, 0.4403183023872679, 0.808]	no-link	question-header	0.382	0.3395	0.2865	-0.665	-0.67	-0.653	0
OPTION	TEL	[0.3196286472148541, 0.128, 0.3819628647214854, 0.14]	[0.5159151193633952, 0.13, 0.5464190981432361, 0.14]	question-question	question-question	0.2268	0.002	0.1963	0.0	0.134	0.012	0
OPTION	FILE	[0.3196286472148541, 0.128, 0.3819628647214854, 0.14]	[0.09018567639257294, 0.13, 0.13660477453580902, 0.14]	no-link	question-header	0.2918	0.2294	0.183	-0.002	0.0	0.01	0
OPTION	083	[0.3196286472148541, 0.128, 0.3819628647214854, 0.14]	[0.09283819628647215, 0.145, 0.129973474801061, 0.158]	no-link	question-answer	0.2891	0.2268	0.1897	-0.017	-0.018	-0.005	0
OPTION	MEMORY	[0.3196286472148541, 0.128, 0.3819628647214854, 0.14]	[0.14588859416445624, 0.148, 0.21220159151193635, 0.16]	no-link	question-answer	0.2361	0.1737	0.1074	-0.02	-0.02	-0.008	0
OPTION	PM	[0.3196286472148541, 0.128, 0.3819628647214854, 0.14]	[0.4588859416445623, 0.613, 0.5092838196286472, 0.645]	no-link	question-header	-0.0769	-0.1393	-0.1897	-0.485	-0.505	-0.473	0
OPTION	Facsimile	[0.3196286472148541, 0.128, 0.3819628647214854, 0.14]	[0.3222811671087533, 0.718, 0.45490716180371354, 0.743]	no-link	question-question	0.0597	-0.0027	-0.1353	-0.59	-0.603	-0.578	0
OPTION	Transmission	[0.3196286472148541, 0.128, 0.3819628647214854, 0.14]	[0.4562334217506631, 0.719, 0.629973474801061, 0.739]	no-link	question-header	-0.0743	-0.1366	-0.3103	-0.591	-0.599	-0.579	0
OPTION	Legal	[0.3196286472148541, 0.128, 0.3819628647214854, 0.14]	[0.3793103448275862, 0.757, 0.44297082228116713, 0.772]	no-link	question-header	0.0027	-0.0597	-0.1233	-0.629	-0.632	-0.617	0
OPTION	Department	[0.3196286472148541, 0.128, 0.3819628647214854, 0.14]	[0.4469496021220159, 0.757, 0.5729442970822282, 0.774]	no-link	question-header	-0.065	-0.1273	-0.2533	-0.629	-0.634	-0.617	0
OPTION	Avenue	[0.3196286472148541, 0.128, 0.3819628647214854, 0.14]	[0.48010610079575594, 0.774, 0.5610079575596817, 0.787]	no-link	question-header	-0.0981	-0.1605	-0.2414	-0.646	-0.647	-0.634	0
OPTION	120	[0.3196286472148541, 0.128, 0.3819628647214854, 0.14]	[0.383289124668435, 0.776, 0.4230769230769231, 0.788]	no-link	question-header	-0.0013	-0.0637	-0.1034	-0.648	-0.648	-0.636	0
OPTION	Park	[0.3196286472148541, 0.128, 0.3819628647214854, 0.14]	[0.4270557029177719, 0.776, 0.48408488063660476, 0.788]	no-link	question-header	-0.0451	-0.1074	-0.1645	-0.648	-0.648	-0.636	0
OPTION	York,	[0.3196286472148541, 0.128, 0.3819628647214854, 0.14]	[0.38726790450928383, 0.791, 0.4403183023872679, 0.808]	no-link	question-header	-0.0053	-0.0676	-0.1207	-0.663	-0.668	-0.651	0
OPTION	10017-	[0.3196286472148541, 0.128, 0.3819628647214854, 0.14]	[0.5026525198938993, 0.791, 0.5729442970822282, 0.806]	no-link	question-header	-0.1207	-0.183	-0.2533	-0.663	-0.666	-0.651	0
FILE	OPTION	[0.09018567639257294, 0.13, 0.13660477453580902, 0.14]	[0.3196286472148541, 0.128, 0.3819628647214854, 0.14]	question-question	question-question	0.2918	-0.002	0.2294	0.0	0.183	0.01	0
FILE	York,	[0.09018567639257294, 0.13, 0.13660477453580902, 0.14]	[0.38726790450928383, 0.791, 0.4403183023872679, 0.808]	no-link	question-header	-0.2507	-0.2971	-0.3501	-0.661	-0.668	-0.651	0
FILE	10017-	[0.09018567639257294, 0.13, 0.13660477453580902, 0.14]	[0.5026525198938993, 0.791, 0.5729442970822282, 0.806]	no-link	question-header	-0.366	-0.4125	-0.4828	-0.661	-0.666	-0.651	0
FILE	New	[0.09018567639257294, 0.13, 0.13660477453580902, 0.14]	[0.32625994694960214, 0.792, 0.3753315649867374, 0.807]	no-link	question-header	-0.1897	-0.2361	-0.2851	-0.662	-0.667	-0.652	0
FILE	PM	[0.09018567639257294, 0.13, 0.13660477453580902, 0.14]	[0.4588859416445623, 0.613, 0.5092838196286472, 0.645]	line-line	question-header	0.4191	0.483	0.3687	0.505	0.3223	0.515	0
FILE	NY	[0.09018567639257294, 0.13, 0.13660477453580902, 0.14]	[0.45225464190981435, 0.792, 0.4854111405835544, 0.805]	no-link	question-header	-0.3156	-0.3621	-0.3952	-0.662	-0.665	-0.652	0
FILE	FILE	[0.09018567639257294, 0.13, 0.13660477453580902, 0.14]	[0.14588859416445624, 0.126, 0.1896551724137931, 0.139]	word-word	question-question	0.0995	-0.004	0.0557	-0.001	0.0093	0.009	0
FILE	Date:	[0.09018567639257294, 0.13, 0.13660477453580902, 0.14]	[0.28249336870026526, 0.822, 0.3395225464190981, 0.84]	no-link	question-question	-0.1459	-0.1923	-0.2493	-0.692	-0.7	-0.682	0
FILE	083	[0.09018567639257294, 0.13, 0.13660477453580902, 0.14]	[0.09283819628647215, 0.145, 0.129973474801061, 0.158]	question-answer	question-answer	0.0398	0.015	0.0027	0.018	-0.0438	0.028	0
TEL	PAGE	[0.5159151193633952, 0.13, 0.5464190981432361, 0.14]	[0.726790450928382, 0.126, 0.7692307692307693, 0.138]	question-question	question-question	0.2533	-0.004	0.2109	-0.002	0.1804	0.008	0
TEL	083	[0.5159151193633952, 0.13, 0.5464190981432361, 0.14]	[0.09283819628647215, 0.145, 0.129973474801061, 0.158]	no-link	question-answer	0.4536	0.4231	0.3859	-0.015	-0.018	-0.005	0
TEL	MEMORY	[0.5159151193633952, 0.13, 0.5464190981432361, 0.14]	[0.14588859416445624, 0.148, 0.21220159151193635, 0.16]	no-link	question-answer	0.4005	0.37	0.3037	-0.018	-0.02	-0.008	0
TEL	PM	[0.5159151193633952, 0.13, 0.5464190981432361, 0.14]	[0.4588859416445623, 0.613, 0.5092838196286472, 0.645]	no-link	question-header	0.0875	0.057	0.0066	-0.483	-0.505	-0.473	0
TEL	Facsimile	[0.5159151193633952, 0.13, 0.5464190981432361, 0.14]	[0.3222811671087533, 0.718, 0.45490716180371354, 0.743]	no-link	question-question	0.2241	0.1936	0.061	-0.588	-0.603	-0.578	0
TEL	Transmission	[0.5159151193633952, 0.13, 0.5464190981432361, 0.14]	[0.4562334217506631, 0.719, 0.629973474801061, 0.739]	no-link	question-header	0.0902	0.0597	-0.1141	-0.589	-0.599	-0.579	0
TEL	Legal	[0.5159151193633952, 0.13, 0.5464190981432361, 0.14]	[0.3793103448275862, 0.757, 0.44297082228116713, 0.772]	no-link	question-header	0.1671	0.1366	0.0729	-0.627	-0.632	-0.617	0
TEL	Department	[0.5159151193633952, 0.13, 0.5464190981432361, 0.14]	[0.4469496021220159, 0.757, 0.5729442970822282, 0.774]	no-link	question-header	0.0995	0.069	-0.057	-0.627	-0.634	-0.617	0
TEL	Avenue	[0.5159151193633952, 0.13, 0.5464190981432361, 0.14]	[0.48010610079575594, 0.774, 0.5610079575596817, 0.787]	no-link	question-header	0.0663	0.0358	-0.0451	-0.644	-0.647	-0.634	0
TEL	120	[0.5159151193633952, 0.13, 0.5464190981432361, 0.14]	[0.383289124668435, 0.776, 0.4230769230769231, 0.788]	no-link	question-header	0.1631	0.1326	0.0928	-0.646	-0.648	-0.636	0
TEL	Park	[0.5159151193633952, 0.13, 0.5464190981432361, 0.14]	[0.4270557029177719, 0.776, 0.48408488063660476, 0.788]	no-link	question-header	0.1194	0.0889	0.0318	-0.646	-0.648	-0.636	0
TEL	York,	[0.5159151193633952, 0.13, 0.5464190981432361, 0.14]	[0.38726790450928383, 0.791, 0.4403183023872679, 0.808]	no-link	question-header	0.1592	0.1286	0.0756	-0.661	-0.668	-0.651	0
TEL	10017-	[0.5159151193633952, 0.13, 0.5464190981432361, 0.14]	[0.5026525198938993, 0.791, 0.5729442970822282, 0.806]	no-link	question-header	0.0438	0.0133	-0.057	-0.661	-0.666	-0.651	0
TEL	New	[0.5159151193633952, 0.13, 0.5464190981432361, 0.14]	[0.32625994694960214, 0.792, 0.3753315649867374, 0.807]	no-link	question-header	0.2202	0.1897	0.1406	-0.662	-0.667	-0.652	0
TEL	NY	[0.5159151193633952, 0.13, 0.5464190981432361, 0.14]	[0.45225464190981435, 0.792, 0.4854111405835544, 0.805]	no-link	question-header	0.0942	0.0637	0.0305	-0.662	-0.665	-0.652	0
TEL	Date:	[0.5159151193633952, 0.13, 0.5464190981432361, 0.14]	[0.28249336870026526, 0.822, 0.3395225464190981, 0.84]	no-link	question-question	0.2639	0.2334	0.1764	-0.692	-0.7	-0.682	0
TEL	John J.	[0.5159151193633952, 0.13, 0.5464190981432361, 0.14]	[0.38726790450928383, 0.847, 0.4509283819628647, 0.864]	no-link	question-answer	0.1592	0.1286	0.065	-0.717	-0.724	-0.707	0
TEL	NO.	[0.5159151193633952, 0.13, 0.5464190981432361, 0.14]	[0.5503978779840849, 0.13, 0.5769230769230769, 0.14]	word-word	question-question	0.061	0.0	0.0345	0.0	0.004	0.01	0
TEL	Attention:	[0.5159151193633952, 0.13, 0.5464190981432361, 0.14]	[0.23342175066312998, 0.849, 0.34084880636604775, 0.866]	no-link	question-question	0.313	0.2825	0.1751	-0.719	-0.726	-0.709	0
TEL	SHB	[0.5159151193633952, 0.13, 0.5464190981432361, 0.14]	[0.519893899204244, 0.146, 0.5503978779840849, 0.159]	question-answer	question-answer	0.0345	0.016	0.004	0.019	-0.0265	0.029	0
083	MEMORY	[0.09283819628647215, 0.145, 0.129973474801061, 0.158]	[0.14588859416445624, 0.148, 0.21220159151193635, 0.16]	word-word	answer-answer	0.1194	0.003	0.0531	0.002	0.0159	0.015	0
083	PM	[0.09283819628647215, 0.145, 0.129973474801061, 0.158]	[0.4588859416445623, 0.613, 0.5092838196286472, 0.645]	no-link	answer-header	-0.3289	-0.366	-0.4164	-0.468	-0.487	-0.455	0
083	Facsimile	[0.09283819628647215, 0.145, 0.129973474801061, 0.158]	[0.3222811671087533, 0.718, 0.45490716180371354, 0.743]	no-link	answer-question	-0.1923	-0.2294	-0.3621	-0.573	-0.585	-0.56	0
083	Transmission	[0.09283819628647215, 0.145, 0.129973474801061, 0.158]	[0.4562334217506631, 0.719, 0.629973474801061, 0.739]	no-link	answer-header	-0.3263	-0.3634	-0.5371	-0.574	-0.581	-0.561	0
083	Legal	[0.09283819628647215, 0.145, 0.129973474801061, 0.158]	[0.3793103448275862, 0.757, 0.44297082228116713, 0.772]	no-link	answer-header	-0.2493	-0.2865	-0.3501	-0.612	-0.614	-0.599	0
083	Department	[0.09283819628647215, 0.145, 0.129973474801061, 0.158]	[0.4469496021220159, 0.757, 0.5729442970822282, 0.774]	no-link	answer-header	-0.317	-0.3541	-0.4801	-0.612	-0.616	-0.599	0
083	Avenue	[0.09283819628647215, 0.145, 0.129973474801061, 0.158]	[0.48010610079575594, 0.774, 0.5610079575596817, 0.787]	no-link	answer-header	-0.3501	-0.3873	-0.4682	-0.629	-0.629	-0.616	0
083	120	[0.09283819628647215, 0.145, 0.129973474801061, 0.158]	[0.383289124668435, 0.776, 0.4230769230769231, 0.788]	no-link	answer-header	-0.2533	-0.2905	-0.3302	-0.631	-0.63	-0.618	0
083	Park	[0.09283819628647215, 0.145, 0.129973474801061, 0.158]	[0.4270557029177719, 0.776, 0.48408488063660476, 0.788]	no-link	answer-header	-0.2971	-0.3342	-0.3912	-0.631	-0.63	-0.618	0
083	York,	[0.09283819628647215, 0.145, 0.129973474801061, 0.158]	[0.38726790450928383, 0.791, 0.4403183023872679, 0.808]	no-link	answer-header	-0.2573	-0.2944	-0.3475	-0.646	-0.65	-0.633	0
083	10017-	[0.09283819628647215, 0.145, 0.129973474801061, 0.158]	[0.5026525198938993, 0.791, 0.5729442970822282, 0.806]	no-link	answer-header	-0.3727	-0.4098	-0.4801	-0.646	-0.648	-0.633	0
083	New	[0.09283819628647215, 0.145, 0.129973474801061, 0.158]	[0.32625994694960214, 0.792, 0.3753315649867374, 0.807]	no-link	answer-header	-0.1963	-0.2334	-0.2825	-0.647	-0.649	-0.634	0
083	NY	[0.09283819628647215, 0.145, 0.129973474801061, 0.158]	[0.45225464190981435, 0.792, 0.4854111405835544, 0.805]	no-link	answer-header	-0.3223	-0.3594	-0.3926	-0.647	-0.647	-0.634	0
083	Date:	[0.09283819628647215, 0.145, 0.129973474801061, 0.158]	[0.28249336870026526, 0.822, 0.3395225464190981, 0.84]	no-link	answer-question	-0.1525	-0.1897	-0.2467	-0.677	-0.682	-0.664	0
083	John J.	[0.09283819628647215, 0.145, 0.129973474801061, 0.158]	[0.38726790450928383, 0.847, 0.4509283819628647, 0.864]	no-link	answer-answer	-0.2573	-0.2944	-0.3581	-0.702	-0.706	-0.689	0
083	Attention:	[0.09283819628647215, 0.145, 0.129973474801061, 0.158]	[0.23342175066312998, 0.849, 0.34084880636604775, 0.866]	no-link	answer-question	-0.1034	-0.1406	-0.248	-0.704	-0.708	-0.691	0
083	Mulderig	[0.09283819628647215, 0.145, 0.129973474801061, 0.158]	[0.46021220159151194, 0.85, 0.5411140583554377, 0.865]	no-link	answer-answer	-0.3302	-0.3674	-0.4483	-0.705	-0.707	-0.692	0
MEMORY	TX	[0.14588859416445624, 0.148, 0.21220159151193635, 0.16]	[0.20954907161803712, 0.148, 0.24005305039787797, 0.163]	word-word	answer-answer	0.0942	0.0	0.0637	0.003	-0.0027	0.015	0
MEMORY	PM	[0.14588859416445624, 0.148, 0.21220159151193635, 0.16]	[0.4588859416445623, 0.613, 0.5092838196286472, 0.645]	no-link	answer-header	-0.2467	-0.313	-0.3634	-0.465	-0.485	-0.453	0
MEMORY	Facsimile	[0.14588859416445624, 0.148, 0.21220159151193635, 0.16]	[0.3222811671087533, 0.718, 0.45490716180371354, 0.743]	no-link	answer-question	-0.1101	-0.1764	-0.309	-0.57	-0.583	-0.558	0
MEMORY	Transmission	[0.14588859416445624, 0.148, 0.21220159151193635, 0.16]	[0.4562334217506631, 0.719, 0.629973474801061, 0.739]	no-link	answer-header	-0.244	-0.3103	-0.4841	-0.571	-0.579	-0.559	0
MEMORY	Legal	[0.14588859416445624, 0.148, 0.21220159151193635, 0.16]	[0.3793103448275862, 0.757, 0.44297082228116713, 0.772]	no-link	answer-header	-0.1671	-0.2334	-0.2971	-0.609	-0.612	-0.597	0
MEMORY	Department	[0.14588859416445624, 0.148, 0.21220159151193635, 0.16]	[0.4469496021220159, 0.757, 0.5729442970822282, 0.774]	no-link	answer-header	-0.2347	-0.3011	-0.4271	-0.609	-0.614	-0.597	0
MEMORY	Avenue	[0.14588859416445624, 0.148, 0.21220159151193635, 0.16]	[0.48010610079575594, 0.774, 0.5610079575596817, 0.787]	no-link	answer-header	-0.2679	-0.3342	-0.4151	-0.626	-0.627	-0.614	0
MEMORY	120	[0.14588859416445624, 0.148, 0.21220159151193635, 0.16]	[0.383289124668435, 0.776, 0.4230769230769231, 0.788]	no-link	answer-header	-0.1711	-0.2374	-0.2772	-0.628	-0.628	-0.616	0
MEMORY	Park	[0.14588859416445624, 0.148, 0.21220159151193635, 0.16]	[0.4270557029177719, 0.776, 0.48408488063660476, 0.788]	no-link	answer-header	-0.2149	-0.2812	-0.3382	-0.628	-0.628	-0.616	0
MEMORY	York,	[0.14588859416445624, 0.148, 0.21220159151193635, 0.16]	[0.38726790450928383, 0.791, 0.4403183023872679, 0.808]	no-link	answer-header	-0.1751	-0.2414	-0.2944	-0.643	-0.648	-0.631	0
MEMORY	10017-	[0.14588859416445624, 0.148, 0.21220159151193635, 0.16]	[0.5026525198938993, 0.791, 0.5729442970822282, 0.806]	no-link	answer-header	-0.2905	-0.3568	-0.4271	-0.643	-0.646	-0.631	0
MEMORY	New	[0.14588859416445624, 0.148, 0.21220159151193635, 0.16]	[0.32625994694960214, 0.792, 0.3753315649867374, 0.807]	no-link	answer-header	-0.1141	-0.1804	-0.2294	-0.644	-0.647	-0.632	0
MEMORY	NY	[0.14588859416445624, 0.148, 0.21220159151193635, 0.16]	[0.45225464190981435, 0.792, 0.4854111405835544, 0.805]	no-link	answer-header	-0.2401	-0.3064	-0.3395	-0.644	-0.645	-0.632	0
MEMORY	Date:	[0.14588859416445624, 0.148, 0.21220159151193635, 0.16]	[0.28249336870026526, 0.822, 0.3395225464190981, 0.84]	no-link	answer-question	-0.0703	-0.1366	-0.1936	-0.674	-0.68	-0.662	0
MEMORY	John J.	[0.14588859416445624, 0.148, 0.21220159151193635, 0.16]	[0.38726790450928383, 0.847, 0.4509283819628647, 0.864]	no-link	answer-answer	-0.1751	-0.2414	-0.305	-0.699	-0.704	-0.687	0
MEMORY	Attention:	[0.14588859416445624, 0.148, 0.21220159151193635, 0.16]	[0.23342175066312998, 0.849, 0.34084880636604775, 0.866]	no-link	answer-question	-0.0212	-0.0875	-0.195	-0.701	-0.706	-0.689	0
MEMORY	Mulderig	[0.14588859416445624, 0.148, 0.21220159151193635, 0.16]	[0.46021220159151194, 0.85, 0.5411140583554377, 0.865]	no-link	answer-answer	-0.248	-0.3143	-0.3952	-0.702	-0.705	-0.69	0
MEMORY	C/O	[0.14588859416445624, 0.148, 0.21220159151193635, 0.16]	[0.5437665782493368, 0.85, 0.5676392572944297, 0.863]	no-link	answer-answer	-0.3316	-0.3979	-0.4218	-0.702	-0.703	-0.69	0
PM	Facsimile	[0.4588859416445623, 0.613, 0.5092838196286472, 0.645]	[0.3222811671087533, 0.718, 0.45490716180371354, 0.743]	line-line	header-header	-0.004	0.105	-0.1366	0.098	-0.187	0.13	1
PM	Transmission	[0.4588859416445623, 0.613, 0.5092838196286472, 0.645]	[0.4562334217506631, 0.719, 0.629973474801061, 0.739]	no-link	header-header	0.0531	0.0027	-0.1711	-0.106	-0.094	-0.074	1
PM	Legal	[0.4588859416445623, 0.613, 0.5092838196286472, 0.645]	[0.3793103448275862, 0.757, 0.44297082228116713, 0.772]	no-link	header-header	0.13	0.0796	0.0159	-0.144	-0.127	-0.112	1
PM	Department	[0.4588859416445623, 0.613, 0.5092838196286472, 0.645]	[0.4469496021220159, 0.757, 0.5729442970822282, 0.774]	no-link	header-header	0.0623	0.0119	-0.1141	-0.144	-0.129	-0.112	1
PM	Avenue	[0.4588859416445623, 0.613, 0.5092838196286472, 0.645]	[0.48010610079575594, 0.774, 0.5610079575596817, 0.787]	no-link	header-header	0.0292	-0.0212	-0.1021	-0.161	-0.142	-0.129	1
PM	120	[0.4588859416445623, 0.613, 0.5092838196286472, 0.645]	[0.383289124668435, 0.776, 0.4230769230769231, 0.788]	no-link	header-header	0.126	0.0756	0.0358	-0.163	-0.143	-0.131	1
PM	Park	[0.4588859416445623, 0.613, 0.5092838196286472, 0.645]	[0.4270557029177719, 0.776, 0.48408488063660476, 0.788]	no-link	header-header	0.0822	0.0318	-0.0252	-0.163	-0.143	-0.131	1
PM	York,	[0.4588859416445623, 0.613, 0.5092838196286472, 0.645]	[0.38726790450928383, 0.791, 0.4403183023872679, 0.808]	no-link	header-header	0.122	0.0716	0.0186	-0.178	-0.163	-0.146	1
PM	10017-	[0.4588859416445623, 0.613, 0.5092838196286472, 0.645]	[0.5026525198938993, 0.791, 0.5729442970822282, 0.806]	no-link	header-header	0.0066	-0.0438	-0.1141	-0.178	-0.161	-0.146	1
PM	New	[0.4588859416445623, 0.613, 0.5092838196286472, 0.645]	[0.32625994694960214, 0.792, 0.3753315649867374, 0.807]	no-link	header-header	0.183	0.1326	0.0836	-0.179	-0.162	-0.147	1
PM	NY	[0.4588859416445623, 0.613, 0.5092838196286472, 0.645]	[0.45225464190981435, 0.792, 0.4854111405835544, 0.805]	no-link	header-header	0.057	0.0066	-0.0265	-0.179	-0.16	-0.147	1
PM	Date:	[0.4588859416445623, 0.613, 0.5092838196286472, 0.645]	[0.28249336870026526, 0.822, 0.3395225464190981, 0.84]	no-link	header-question	0.2268	0.1764	0.1194	-0.209	-0.195	-0.177	1
PM	John J.	[0.4588859416445623, 0.613, 0.5092838196286472, 0.645]	[0.38726790450928383, 0.847, 0.4509283819628647, 0.864]	no-link	header-answer	0.122	0.0716	0.008	-0.234	-0.219	-0.202	1
PM	Attention:	[0.4588859416445623, 0.613, 0.5092838196286472, 0.645]	[0.23342175066312998, 0.849, 0.34084880636604775, 0.866]	no-link	header-question	0.2759	0.2255	0.118	-0.236	-0.221	-0.204	1
PM	Mulderig	[0.4588859416445623, 0.613, 0.5092838196286472, 0.645]	[0.46021220159151194, 0.85, 0.5411140583554377, 0.865]	no-link	header-answer	0.0491	-0.0013	-0.0822	-0.237	-0.22	-0.205	1
PM	C/O	[0.4588859416445623, 0.613, 0.5092838196286472, 0.645]	[0.5437665782493368, 0.85, 0.5676392572944297, 0.863]	no-link	header-answer	-0.0345	-0.0849	-0.1088	-0.237	-0.218	-0.205	1
PM	Mike	[0.4588859416445623, 0.613, 0.5092838196286472, 0.645]	[0.5729442970822282, 0.85, 0.623342175066313, 0.863]	no-link	header-answer	-0.0637	-0.1141	-0.1645	-0.237	-0.218	-0.205	1
PM	PHILIP MORRIS	[0.4588859416445623, 0.613, 0.5092838196286472, 0.645]	[0.41644562334217505, 0.658, 0.53315649867374, 0.671]	word-word	header-header	0.0743	0.045	-0.0424	0.026	-0.0928	0.058	1
PM	Morris	[0.4588859416445623, 0.613, 0.5092838196286472, 0.645]	[0.4469496021220159, 0.872, 0.5106100795755968, 0.894]	no-link	header-answer	0.0623	0.0119	-0.0517	-0.259	-0.249	-0.227	1
Facsimile	Date:	[0.3222811671087533, 0.718, 0.45490716180371354, 0.743]	[0.28249336870026526, 0.822, 0.3395225464190981, 0.84]	line-line	header-question	0.0172	0.104	-0.0398	0.097	-0.1724	0.122	2
Facsimile	Transmission	[0.3222811671087533, 0.718, 0.45490716180371354, 0.743]	[0.4562334217506631, 0.719, 0.629973474801061, 0.739]	no-link	header-header	-0.0013	-0.134	-0.3077	-0.001	0.004	0.024	2
Facsimile	Legal	[0.3222811671087533, 0.718, 0.45490716180371354, 0.743]	[0.3793103448275862, 0.757, 0.44297082228116713, 0.772]	no-link	header-header	0.0756	-0.057	-0.1207	-0.039	-0.029	-0.014	2
Facsimile	Department	[0.3222811671087533, 0.718, 0.45490716180371354, 0.743]	[0.4469496021220159, 0.757, 0.5729442970822282, 0.774]	no-link	header-header	0.008	-0.1247	-0.2507	-0.039	-0.031	-0.014	2
Facsimile	Avenue	[0.3222811671087533, 0.718, 0.45490716180371354, 0.743]	[0.48010610079575594, 0.774, 0.5610079575596817, 0.787]	no-link	header-header	-0.0252	-0.1578	-0.2387	-0.056	-0.044	-0.031	2
Facsimile	120	[0.3222811671087533, 0.718, 0.45490716180371354, 0.743]	[0.383289124668435, 0.776, 0.4230769230769231, 0.788]	no-link	header-header	0.0716	-0.061	-0.1008	-0.058	-0.045	-0.033	2
Facsimile	Park	[0.3222811671087533, 0.718, 0.45490716180371354, 0.743]	[0.4270557029177719, 0.776, 0.48408488063660476, 0.788]	no-link	header-header	0.0279	-0.1048	-0.1618	-0.058	-0.045	-0.033	2
Facsimile	York,	[0.3222811671087533, 0.718, 0.45490716180371354, 0.743]	[0.38726790450928383, 0.791, 0.4403183023872679, 0.808]	no-link	header-header	0.0676	-0.065	-0.118	-0.073	-0.065	-0.048	2
Facsimile	10017-	[0.3222811671087533, 0.718, 0.45490716180371354, 0.743]	[0.5026525198938993, 0.791, 0.5729442970822282, 0.806]	no-link	header-header	-0.0477	-0.1804	-0.2507	-0.073	-0.063	-0.048	2
Facsimile	New	[0.3222811671087533, 0.718, 0.45490716180371354, 0.743]	[0.32625994694960214, 0.792, 0.3753315649867374, 0.807]	no-link	header-header	0.1286	-0.004	-0.0531	-0.074	-0.064	-0.049	2
Facsimile	NY	[0.3222811671087533, 0.718, 0.45490716180371354, 0.743]	[0.45225464190981435, 0.792, 0.4854111405835544, 0.805]	no-link	header-header	0.0027	-0.13	-0.1631	-0.074	-0.062	-0.049	2
Facsimile	John J.	[0.3222811671087533, 0.718, 0.45490716180371354, 0.743]	[0.38726790450928383, 0.847, 0.4509283819628647, 0.864]	no-link	header-answer	0.0676	-0.065	-0.1286	-0.129	-0.121	-0.104	2
Facsimile	Attention:	[0.3222811671087533, 0.718, 0.45490716180371354, 0.743]	[0.23342175066312998, 0.849, 0.34084880636604775, 0.866]	no-link	header-question	0.2215	0.0889	-0.0186	-0.131	-0.123	-0.106	2
Facsimile	Mulderig	[0.3222811671087533, 0.718, 0.45490716180371354, 0.743]	[0.46021220159151194, 0.85, 0.5411140583554377, 0.865]	no-link	header-answer	-0.0053	-0.1379	-0.2188	-0.132	-0.122	-0.107	2
Facsimile	C/O	[0.3222811671087533, 0.718, 0.45490716180371354, 0.743]	[0.5437665782493368, 0.85, 0.5676392572944297, 0.863]	no-link	header-answer	-0.0889	-0.2215	-0.2454	-0.132	-0.12	-0.107	2
Facsimile	Mike	[0.3222811671087533, 0.718, 0.45490716180371354, 0.743]	[0.5729442970822282, 0.85, 0.623342175066313, 0.863]	no-link	header-answer	-0.118	-0.2507	-0.3011	-0.132	-0.12	-0.107	2
Facsimile	Morris	[0.3222811671087533, 0.718, 0.45490716180371354, 0.743]	[0.4469496021220159, 0.872, 0.5106100795755968, 0.894]	no-link	header-answer	0.008	-0.1247	-0.1883	-0.154	-0.151	-0.129	2
Facsimile	Philip	[0.3222811671087533, 0.718, 0.45490716180371354, 0.743]	[0.383289124668435, 0.874, 0.4469496021220159, 0.889]	no-link	header-answer	0.0716	-0.061	-0.1247	-0.156	-0.146	-0.131	2
Facsimile	Transmission	[0.3222811671087533, 0.718, 0.45490716180371354, 0.743]	[0.4562334217506631, 0.719, 0.629973474801061, 0.739]	word-word	header-header	0.3077	0.001	0.134	-0.004	0.0013	0.021	2
Facsimile	Management	[0.3222811671087533, 0.718, 0.45490716180371354, 0.743]	[0.5106100795755968, 0.874, 0.6273209549071618, 0.891]	no-link	header-answer	-0.0557	-0.1883	-0.305	-0.156	-0.148	-0.131	2
Transmission	Legal	[0.4562334217506631, 0.719, 0.629973474801061, 0.739]	[0.3793103448275862, 0.757, 0.44297082228116713, 0.772]	word-word	header-header	-0.0133	0.038	-0.0769	0.033	-0.2507	0.053	2
Transmission	Department	[0.4562334217506631, 0.719, 0.629973474801061, 0.739]	[0.4469496021220159, 0.757, 0.5729442970822282, 0.774]	no-link	header-header	0.183	0.0093	-0.1167	-0.038	-0.035	-0.018	2
Transmission	Avenue	[0.4562334217506631, 0.719, 0.629973474801061, 0.739]	[0.48010610079575594, 0.774, 0.5610079575596817, 0.787]	no-link	header-header	0.1499	-0.0239	-0.1048	-0.055	-0.048	-0.035	2
Transmission	120	[0.4562334217506631, 0.719, 0.629973474801061, 0.739]	[0.383289124668435, 0.776, 0.4230769230769231, 0.788]	no-link	header-header	0.2467	0.0729	0.0332	-0.057	-0.049	-0.037	2
Transmission	Park	[0.4562334217506631, 0.719, 0.629973474801061, 0.739]	[0.4270557029177719, 0.776, 0.48408488063660476, 0.788]	no-link	header-header	0.2029	0.0292	-0.0279	-0.057	-0.049	-0.037	2
Transmission	York,	[0.4562334217506631, 0.719, 0.629973474801061, 0.739]	[0.38726790450928383, 0.791, 0.4403183023872679, 0.808]	no-link	header-header	0.2427	0.069	0.0159	-0.072	-0.069	-0.052	2
Transmission	10017-	[0.4562334217506631, 0.719, 0.629973474801061, 0.739]	[0.5026525198938993, 0.791, 0.5729442970822282, 0.806]	no-link	header-header	0.1273	-0.0464	-0.1167	-0.072	-0.067	-0.052	2
Transmission	New	[0.4562334217506631, 0.719, 0.629973474801061, 0.739]	[0.32625994694960214, 0.792, 0.3753315649867374, 0.807]	no-link	header-header	0.3037	0.13	0.0809	-0.073	-0.068	-0.053	2
Transmission	NY	[0.4562334217506631, 0.719, 0.629973474801061, 0.739]	[0.45225464190981435, 0.792, 0.4854111405835544, 0.805]	no-link	header-header	0.1777	0.004	-0.0292	-0.073	-0.066	-0.053	2
Transmission	Date:	[0.4562334217506631, 0.719, 0.629973474801061, 0.739]	[0.28249336870026526, 0.822, 0.3395225464190981, 0.84]	no-link	header-question	0.3475	0.1737	0.1167	-0.103	-0.101	-0.083	2
Transmission	John J.	[0.4562334217506631, 0.719, 0.629973474801061, 0.739]	[0.38726790450928383, 0.847, 0.4509283819628647, 0.864]	no-link	header-answer	0.2427	0.069	0.0053	-0.128	-0.125	-0.108	2
Transmission	Attention:	[0.4562334217506631, 0.719, 0.629973474801061, 0.739]	[0.23342175066312998, 0.849, 0.34084880636604775, 0.866]	no-link	header-question	0.3966	0.2228	0.1154	-0.13	-0.127	-0.11	2
Transmission	Mulderig	[0.4562334217506631, 0.719, 0.629973474801061, 0.739]	[0.46021220159151194, 0.85, 0.5411140583554377, 0.865]	no-link	header-answer	0.1698	-0.004	-0.0849	-0.131	-0.126	-0.111	2
Transmission	C/O	[0.4562334217506631, 0.719, 0.629973474801061, 0.739]	[0.5437665782493368, 0.85, 0.5676392572944297, 0.863]	no-link	header-answer	0.0862	-0.0875	-0.1114	-0.131	-0.124	-0.111	2
Transmission	Mike	[0.4562334217506631, 0.719, 0.629973474801061, 0.739]	[0.5729442970822282, 0.85, 0.623342175066313, 0.863]	no-link	header-answer	0.057	-0.1167	-0.1671	-0.131	-0.124	-0.111	2
Transmission	Morris	[0.4562334217506631, 0.719, 0.629973474801061, 0.739]	[0.4469496021220159, 0.872, 0.5106100795755968, 0.894]	no-link	header-answer	0.183	0.0093	-0.0544	-0.153	-0.155	-0.133	2
Transmission	Philip	[0.4562334217506631, 0.719, 0.629973474801061, 0.739]	[0.383289124668435, 0.874, 0.4469496021220159, 0.889]	no-link	header-answer	0.2467	0.0729	0.0093	-0.155	-0.15	-0.135	2
Transmission	Management	[0.4562334217506631, 0.719, 0.629973474801061, 0.739]	[0.5106100795755968, 0.874, 0.6273209549071618, 0.891]	no-link	header-answer	0.1194	-0.0544	-0.1711	-0.155	-0.152	-0.135	2
Transmission	Company:	[0.4562334217506631, 0.719, 0.629973474801061, 0.739]	[0.23607427055702918, 0.875, 0.3421750663129973, 0.89]	no-link	header-question	0.3939	0.2202	0.1141	-0.156	-0.151	-0.136	2
Legal	Department	[0.3793103448275862, 0.757, 0.44297082228116713, 0.772]	[0.4469496021220159, 0.757, 0.5729442970822282, 0.774]	word-word	header-header	0.1936	0.0	0.0676	0.002	0.004	0.017	2
Legal	Avenue	[0.3793103448275862, 0.757, 0.44297082228116713, 0.772]	[0.48010610079575594, 0.774, 0.5610079575596817, 0.787]	no-link	header-header	-0.0371	-0.1008	-0.1817	-0.017	-0.015	-0.002	2
Legal	120	[0.3793103448275862, 0.757, 0.44297082228116713, 0.772]	[0.383289124668435, 0.776, 0.4230769230769231, 0.788]	no-link	header-header	0.0597	-0.004	-0.0438	-0.019	-0.016	-0.004	2
Legal	Park	[0.3793103448275862, 0.757, 0.44297082228116713, 0.772]	[0.4270557029177719, 0.776, 0.48408488063660476, 0.788]	no-link	header-header	0.0159	-0.0477	-0.1048	-0.019	-0.016	-0.004	2
Legal	York,	[0.3793103448275862, 0.757, 0.44297082228116713, 0.772]	[0.38726790450928383, 0.791, 0.4403183023872679, 0.808]	no-link	header-header	0.0557	-0.008	-0.061	-0.034	-0.036	-0.019	2
Legal	10017-	[0.3793103448275862, 0.757, 0.44297082228116713, 0.772]	[0.5026525198938993, 0.791, 0.5729442970822282, 0.806]	no-link	header-header	-0.0597	-0.1233	-0.1936	-0.034	-0.034	-0.019	2
Legal	New	[0.3793103448275862, 0.757, 0.44297082228116713, 0.772]	[0.32625994694960214, 0.792, 0.3753315649867374, 0.807]	no-link	header-header	0.1167	0.0531	0.004	-0.035	-0.035	-0.02	2
Legal	NY	[0.3793103448275862, 0.757, 0.44297082228116713, 0.772]	[0.45225464190981435, 0.792, 0.4854111405835544, 0.805]	no-link	header-header	-0.0093	-0.0729	-0.1061	-0.035	-0.033	-0.02	2
Legal	Date:	[0.3793103448275862, 0.757, 0.44297082228116713, 0.772]	[0.28249336870026526, 0.822, 0.3395225464190981, 0.84]	no-link	header-question	0.1605	0.0968	0.0398	-0.065	-0.068	-0.05	2
Legal	John J.	[0.3793103448275862, 0.757, 0.44297082228116713, 0.772]	[0.38726790450928383, 0.847, 0.4509283819628647, 0.864]	no-link	header-answer	0.0557	-0.008	-0.0716	-0.09	-0.092	-0.075	2
Legal	Attention:	[0.3793103448275862, 0.757, 0.44297082228116713, 0.772]	[0.23342175066312998, 0.849, 0.34084880636604775, 0.866]	no-link	header-question	0.2095	0.1459	0.0385	-0.092	-0.094	-0.077	2
Legal	Mulderig	[0.3793103448275862, 0.757, 0.44297082228116713, 0.772]	[0.46021220159151194, 0.85, 0.5411140583554377, 0.865]	no-link	header-answer	-0.0172	-0.0809	-0.1618	-0.093	-0.093	-0.078	2
Legal	C/O	[0.3793103448275862, 0.757, 0.44297082228116713, 0.772]	[0.5437665782493368, 0.85, 0.5676392572944297, 0.863]	no-link	header-answer	-0.1008	-0.1645	-0.1883	-0.093	-0.091	-0.078	2
Legal	Mike	[0.3793103448275862, 0.757, 0.44297082228116713, 0.772]	[0.5729442970822282, 0.85, 0.623342175066313, 0.863]	no-link	header-answer	-0.13	-0.1936	-0.244	-0.093	-0.091	-0.078	2
Legal	Morris	[0.3793103448275862, 0.757, 0.44297082228116713, 0.772]	[0.4469496021220159, 0.872, 0.5106100795755968, 0.894]	no-link	header-answer	-0.004	-0.0676	-0.1313	-0.115	-0.122	-0.1	2
Legal	Philip	[0.3793103448275862, 0.757, 0.44297082228116713, 0.772]	[0.383289124668435, 0.874, 0.4469496021220159, 0.889]	no-link	header-answer	0.0597	-0.004	-0.0676	-0.117	-0.117	-0.102	2
Legal	Management	[0.3793103448275862, 0.757, 0.44297082228116713, 0.772]	[0.5106100795755968, 0.874, 0.6273209549071618, 0.891]	no-link	header-answer	-0.0676	-0.1313	-0.248	-0.117	-0.119	-0.102	2
Legal	Company:	[0.3793103448275862, 0.757, 0.44297082228116713, 0.772]	[0.23607427055702918, 0.875, 0.3421750663129973, 0.89]	no-link	header-question	0.2069	0.1432	0.0371	-0.118	-0.118	-0.103	2
Department	120	[0.4469496021220159, 0.757, 0.5729442970822282, 0.774]	[0.383289124668435, 0.776, 0.4230769230769231, 0.788]	word-word	header-header	-0.0239	0.019	-0.0637	0.014	-0.1897	0.031	2
Department	Park	[0.4469496021220159, 0.757, 0.5729442970822282, 0.774]	[0.4270557029177719, 0.776, 0.48408488063660476, 0.788]	no-link	header-header	0.1459	0.0199	-0.0371	-0.019	-0.014	-0.002	2
Department	York,	[0.4469496021220159, 0.757, 0.5729442970822282, 0.774]	[0.38726790450928383, 0.791, 0.4403183023872679, 0.808]	no-link	header-header	0.1857	0.0597	0.0066	-0.034	-0.034	-0.017	2
Department	10017-	[0.4469496021220159, 0.757, 0.5729442970822282, 0.774]	[0.5026525198938993, 0.791, 0.5729442970822282, 0.806]	no-link	header-header	0.0703	-0.0557	-0.126	-0.034	-0.032	-0.017	2
Department	New	[0.4469496021220159, 0.757, 0.5729442970822282, 0.774]	[0.32625994694960214, 0.792, 0.3753315649867374, 0.807]	no-link	header-header	0.2467	0.1207	0.0716	-0.035	-0.033	-0.018	2
Department	NY	[0.4469496021220159, 0.757, 0.5729442970822282, 0.774]	[0.45225464190981435, 0.792, 0.4854111405835544, 0.805]	no-link	header-header	0.1207	-0.0053	-0.0385	-0.035	-0.031	-0.018	2
Department	Date:	[0.4469496021220159, 0.757, 0.5729442970822282, 0.774]	[0.28249336870026526, 0.822, 0.3395225464190981, 0.84]	no-link	header-question	0.2905	0.1645	0.1074	-0.065	-0.066	-0.048	2
Department	John J.	[0.4469496021220159, 0.757, 0.5729442970822282, 0.774]	[0.38726790450928383, 0.847, 0.4509283819628647, 0.864]	no-link	header-answer	0.1857	0.0597	-0.004	-0.09	-0.09	-0.073	2
Department	Attention:	[0.4469496021220159, 0.757, 0.5729442970822282, 0.774]	[0.23342175066312998, 0.849, 0.34084880636604775, 0.866]	no-link	header-question	0.3395	0.2135	0.1061	-0.092	-0.092	-0.075	2
Department	Mulderig	[0.4469496021220159, 0.757, 0.5729442970822282, 0.774]	[0.46021220159151194, 0.85, 0.5411140583554377, 0.865]	no-link	header-answer	0.1127	-0.0133	-0.0942	-0.093	-0.091	-0.076	2
Department	C/O	[0.4469496021220159, 0.757, 0.5729442970822282, 0.774]	[0.5437665782493368, 0.85, 0.5676392572944297, 0.863]	no-link	header-answer	0.0292	-0.0968	-0.1207	-0.093	-0.089	-0.076	2
Department	Mike	[0.4469496021220159, 0.757, 0.5729442970822282, 0.774]	[0.5729442970822282, 0.85, 0.623342175066313, 0.863]	no-link	header-answer	0.0	-0.126	-0.1764	-0.093	-0.089	-0.076	2
Department	Morris	[0.4469496021220159, 0.757, 0.5729442970822282, 0.774]	[0.4469496021220159, 0.872, 0.5106100795755968, 0.894]	no-link	header-answer	0.126	0.0	-0.0637	-0.115	-0.12	-0.098	2
Department	Philip	[0.4469496021220159, 0.757, 0.5729442970822282, 0.774]	[0.383289124668435, 0.874, 0.4469496021220159, 0.889]	no-link	header-answer	0.1897	0.0637	0.0	-0.117	-0.115	-0.1	2
Department	Management	[0.4469496021220159, 0.757, 0.5729442970822282, 0.774]	[0.5106100795755968, 0.874, 0.6273209549071618, 0.891]	no-link	header-answer	0.0623	-0.0637	-0.1804	-0.117	-0.117	-0.1	2
Department	Company:	[0.4469496021220159, 0.757, 0.5729442970822282, 0.774]	[0.23607427055702918, 0.875, 0.3421750663129973, 0.89]	no-link	header-question	0.3369	0.2109	0.1048	-0.118	-0.116	-0.101	2
Department	Fax	[0.4469496021220159, 0.757, 0.5729442970822282, 0.774]	[0.2692307692307692, 0.9, 0.3116710875331565, 0.917]	no-link	header-question	0.3037	0.1777	0.1353	-0.143	-0.143	-0.126	2
Avenue	New	[0.48010610079575594, 0.774, 0.5610079575596817, 0.787]	[0.32625994694960214, 0.792, 0.3753315649867374, 0.807]	word-word	header-header	-0.1048	0.018	-0.1538	0.02	-0.2347	0.033	2
Avenue	Park	[0.48010610079575594, 0.774, 0.5610079575596817, 0.787]	[0.4270557029177719, 0.776, 0.48408488063660476, 0.788]	no-link	header-header	0.134	0.0531	-0.004	-0.002	-0.001	0.011	2
Avenue	York,	[0.48010610079575594, 0.774, 0.5610079575596817, 0.787]	[0.38726790450928383, 0.791, 0.4403183023872679, 0.808]	no-link	header-header	0.1737	0.0928	0.0398	-0.017	-0.021	-0.004	2
Avenue	10017-	[0.48010610079575594, 0.774, 0.5610079575596817, 0.787]	[0.5026525198938993, 0.791, 0.5729442970822282, 0.806]	no-link	header-header	0.0584	-0.0225	-0.0928	-0.017	-0.019	-0.004	2
Avenue	NY	[0.48010610079575594, 0.774, 0.5610079575596817, 0.787]	[0.45225464190981435, 0.792, 0.4854111405835544, 0.805]	no-link	header-header	0.1088	0.0279	-0.0053	-0.018	-0.018	-0.005	2
Avenue	Date:	[0.48010610079575594, 0.774, 0.5610079575596817, 0.787]	[0.28249336870026526, 0.822, 0.3395225464190981, 0.84]	no-link	header-question	0.2785	0.1976	0.1406	-0.048	-0.053	-0.035	2
Avenue	John J.	[0.48010610079575594, 0.774, 0.5610079575596817, 0.787]	[0.38726790450928383, 0.847, 0.4509283819628647, 0.864]	no-link	header-answer	0.1737	0.0928	0.0292	-0.073	-0.077	-0.06	2
Avenue	Attention:	[0.48010610079575594, 0.774, 0.5610079575596817, 0.787]	[0.23342175066312998, 0.849, 0.34084880636604775, 0.866]	no-link	header-question	0.3276	0.2467	0.1393	-0.075	-0.079	-0.062	2
Avenue	Mulderig	[0.48010610079575594, 0.774, 0.5610079575596817, 0.787]	[0.46021220159151194, 0.85, 0.5411140583554377, 0.865]	no-link	header-answer	0.1008	0.0199	-0.061	-0.076	-0.078	-0.063	2
Avenue	C/O	[0.48010610079575594, 0.774, 0.5610079575596817, 0.787]	[0.5437665782493368, 0.85, 0.5676392572944297, 0.863]	no-link	header-answer	0.0172	-0.0637	-0.0875	-0.076	-0.076	-0.063	2
Avenue	Mike	[0.48010610079575594, 0.774, 0.5610079575596817, 0.787]	[0.5729442970822282, 0.85, 0.623342175066313, 0.863]	no-link	header-answer	-0.0119	-0.0928	-0.1432	-0.076	-0.076	-0.063	2
Avenue	Morris	[0.48010610079575594, 0.774, 0.5610079575596817, 0.787]	[0.4469496021220159, 0.872, 0.5106100795755968, 0.894]	no-link	header-answer	0.1141	0.0332	-0.0305	-0.098	-0.107	-0.085	2
Avenue	Philip	[0.48010610079575594, 0.774, 0.5610079575596817, 0.787]	[0.383289124668435, 0.874, 0.4469496021220159, 0.889]	no-link	header-answer	0.1777	0.0968	0.0332	-0.1	-0.102	-0.087	2
Avenue	Management	[0.48010610079575594, 0.774, 0.5610079575596817, 0.787]	[0.5106100795755968, 0.874, 0.6273209549071618, 0.891]	no-link	header-answer	0.0504	-0.0305	-0.1472	-0.1	-0.104	-0.087	2
Avenue	Company:	[0.48010610079575594, 0.774, 0.5610079575596817, 0.787]	[0.23607427055702918, 0.875, 0.3421750663129973, 0.89]	no-link	header-question	0.3249	0.244	0.1379	-0.101	-0.103	-0.088	2
Avenue	Fax	[0.48010610079575594, 0.774, 0.5610079575596817, 0.787]	[0.2692307692307692, 0.9, 0.3116710875331565, 0.917]	no-link	header-question	0.2918	0.2109	0.1684	-0.126	-0.13	-0.113	2
120	Park	[0.383289124668435, 0.776, 0.4230769230769231, 0.788]	[0.4270557029177719, 0.776, 0.48408488063660476, 0.788]	word-word	header-header	0.1008	0.0	0.0438	0.0	0.004	0.012	2
120	York,	[0.383289124668435, 0.776, 0.4230769230769231, 0.788]	[0.38726790450928383, 0.791, 0.4403183023872679, 0.808]	no-link	header-header	0.0358	-0.004	-0.057	-0.015	-0.02	-0.003	2
120	10017-	[0.383289124668435, 0.776, 0.4230769230769231, 0.788]	[0.5026525198938993, 0.791, 0.5729442970822282, 0.806]	no-link	header-header	-0.0796	-0.1194	-0.1897	-0.015	-0.018	-0.003	2
120	New	[0.383289124668435, 0.776, 0.4230769230769231, 0.788]	[0.32625994694960214, 0.792, 0.3753315649867374, 0.807]	no-link	header-header	0.0968	0.057	0.008	-0.016	-0.019	-0.004	2
120	NY	[0.383289124668435, 0.776, 0.4230769230769231, 0.788]	[0.45225464190981435, 0.792, 0.4854111405835544, 0.805]	no-link	header-header	-0.0292	-0.069	-0.1021	-0.016	-0.017	-0.004	2
120	Date:	[0.383289124668435, 0.776, 0.4230769230769231, 0.788]	[0.28249336870026526, 0.822, 0.3395225464190981, 0.84]	no-link	header-question	0.1406	0.1008	0.0438	-0.046	-0.052	-0.034	2
120	John J.	[0.383289124668435, 0.776, 0.4230769230769231, 0.788]	[0.38726790450928383, 0.847, 0.4509283819628647, 0.864]	no-link	header-answer	0.0358	-0.004	-0.0676	-0.071	-0.076	-0.059	2
120	Attention:	[0.383289124668435, 0.776, 0.4230769230769231, 0.788]	[0.23342175066312998, 0.849, 0.34084880636604775, 0.866]	no-link	header-question	0.1897	0.1499	0.0424	-0.073	-0.078	-0.061	2
120	Mulderig	[0.383289124668435, 0.776, 0.4230769230769231, 0.788]	[0.46021220159151194, 0.85, 0.5411140583554377, 0.865]	no-link	header-answer	-0.0371	-0.0769	-0.1578	-0.074	-0.077	-0.062	2
120	C/O	[0.383289124668435, 0.776, 0.4230769230769231, 0.788]	[0.5437665782493368, 0.85, 0.5676392572944297, 0.863]	no-link	header-answer	-0.1207	-0.1605	-0.1844	-0.074	-0.075	-0.062	2
120	Mike	[0.383289124668435, 0.776, 0.4230769230769231, 0.788]	[0.5729442970822282, 0.85, 0.623342175066313, 0.863]	no-link	header-answer	-0.1499	-0.1897	-0.2401	-0.074	-0.075	-0.062	2
120	Morris	[0.383289124668435, 0.776, 0.4230769230769231, 0.788]	[0.4469496021220159, 0.872, 0.5106100795755968, 0.894]	no-link	header-answer	-0.0239	-0.0637	-0.1273	-0.096	-0.106	-0.084	2
120	Philip	[0.383289124668435, 0.776, 0.4230769230769231, 0.788]	[0.383289124668435, 0.874, 0.4469496021220159, 0.889]	no-link	header-answer	0.0398	0.0	-0.0637	-0.098	-0.101	-0.086	2
120	Management	[0.383289124668435, 0.776, 0.4230769230769231, 0.788]	[0.5106100795755968, 0.874, 0.6273209549071618, 0.891]	no-link	header-answer	-0.0875	-0.1273	-0.244	-0.098	-0.103	-0.086	2
120	Company:	[0.383289124668435, 0.776, 0.4230769230769231, 0.788]	[0.23607427055702918, 0.875, 0.3421750663129973, 0.89]	no-link	header-question	0.187	0.1472	0.0411	-0.099	-0.102	-0.087	2
120	Fax	[0.383289124668435, 0.776, 0.4230769230769231, 0.788]	[0.2692307692307692, 0.9, 0.3116710875331565, 0.917]	no-link	header-question	0.1538	0.1141	0.0716	-0.124	-0.129	-0.112	2
Park	Avenue	[0.4270557029177719, 0.776, 0.48408488063660476, 0.788]	[0.48010610079575594, 0.774, 0.5610079575596817, 0.787]	word-word	header-header	0.134	-0.002	0.0531	-0.001	-0.004	0.011	2
Park	10017-	[0.4270557029177719, 0.776, 0.48408488063660476, 0.788]	[0.5026525198938993, 0.791, 0.5729442970822282, 0.806]	no-link	header-header	-0.0186	-0.0756	-0.1459	-0.015	-0.018	-0.003	2
Park	New	[0.4270557029177719, 0.776, 0.48408488063660476, 0.788]	[0.32625994694960214, 0.792, 0.3753315649867374, 0.807]	no-link	header-header	0.1578	0.1008	0.0517	-0.016	-0.019	-0.004	2
Park	NY	[0.4270557029177719, 0.776, 0.48408488063660476, 0.788]	[0.45225464190981435, 0.792, 0.4854111405835544, 0.805]	no-link	header-header	0.0318	-0.0252	-0.0584	-0.016	-0.017	-0.004	2
Park	Date:	[0.4270557029177719, 0.776, 0.48408488063660476, 0.788]	[0.28249336870026526, 0.822, 0.3395225464190981, 0.84]	no-link	header-question	0.2016	0.1446	0.0875	-0.046	-0.052	-0.034	2
Park	John J.	[0.4270557029177719, 0.776, 0.48408488063660476, 0.788]	[0.38726790450928383, 0.847, 0.4509283819628647, 0.864]	no-link	header-answer	0.0968	0.0398	-0.0239	-0.071	-0.076	-0.059	2
Park	Attention:	[0.4270557029177719, 0.776, 0.48408488063660476, 0.788]	[0.23342175066312998, 0.849, 0.34084880636604775, 0.866]	no-link	header-question	0.2507	0.1936	0.0862	-0.073	-0.078	-0.061	2
Park	Mulderig	[0.4270557029177719, 0.776, 0.48408488063660476, 0.788]	[0.46021220159151194, 0.85, 0.5411140583554377, 0.865]	no-link	header-answer	0.0239	-0.0332	-0.1141	-0.074	-0.077	-0.062	2
Park	C/O	[0.4270557029177719, 0.776, 0.48408488063660476, 0.788]	[0.5437665782493368, 0.85, 0.5676392572944297, 0.863]	no-link	header-answer	-0.0597	-0.1167	-0.1406	-0.074	-0.075	-0.062	2
Park	Mike	[0.4270557029177719, 0.776, 0.48408488063660476, 0.788]	[0.5729442970822282, 0.85, 0.623342175066313, 0.863]	no-link	header-answer	-0.0889	-0.1459	-0.1963	-0.074	-0.075	-0.062	2
Park	Morris	[0.4270557029177719, 0.776, 0.48408488063660476, 0.788]	[0.4469496021220159, 0.872, 0.5106100795755968, 0.894]	no-link	header-answer	0.0371	-0.0199	-0.0836	-0.096	-0.106	-0.084	2
Park	Philip	[0.4270557029177719, 0.776, 0.48408488063660476, 0.788]	[0.383289124668435, 0.874, 0.4469496021220159, 0.889]	no-link	header-answer	0.1008	0.0438	-0.0199	-0.098	-0.101	-0.086	2
Park	Management	[0.4270557029177719, 0.776, 0.48408488063660476, 0.788]	[0.5106100795755968, 0.874, 0.6273209549071618, 0.891]	no-link	header-answer	-0.0265	-0.0836	-0.2003	-0.098	-0.103	-0.086	2
Park	Company:	[0.4270557029177719, 0.776, 0.48408488063660476, 0.788]	[0.23607427055702918, 0.875, 0.3421750663129973, 0.89]	no-link	header-question	0.248	0.191	0.0849	-0.099	-0.102	-0.087	2
Park	Fax	[0.4270557029177719, 0.776, 0.48408488063660476, 0.788]	[0.2692307692307692, 0.9, 0.3116710875331565, 0.917]	no-link	header-question	0.2149	0.1578	0.1154	-0.124	-0.129	-0.112	2
York,	NY	[0.38726790450928383, 0.791, 0.4403183023872679, 0.808]	[0.45225464190981435, 0.792, 0.4854111405835544, 0.805]	word-word	header-header	0.0981	0.001	0.065	-0.003	0.0119	0.014	2
York,	New	[0.38726790450928383, 0.791, 0.4403183023872679, 0.808]	[0.32625994694960214, 0.792, 0.3753315649867374, 0.807]	no-link	header-header	0.1141	0.061	0.0119	-0.001	0.001	0.016	2
York,	Date:	[0.38726790450928383, 0.791, 0.4403183023872679, 0.808]	[0.28249336870026526, 0.822, 0.3395225464190981, 0.84]	no-link	header-question	0.1578	0.1048	0.0477	-0.031	-0.032	-0.014	2
York,	John J.	[0.38726790450928383, 0.791, 0.4403183023872679, 0.808]	[0.38726790450928383, 0.847, 0.4509283819628647, 0.864]	no-link	header-answer	0.0531	0.0	-0.0637	-0.056	-0.056	-0.039	2
York,	Attention:	[0.38726790450928383, 0.791, 0.4403183023872679, 0.808]	[0.23342175066312998, 0.849, 0.34084880636604775, 0.866]	no-link	header-question	0.2069	0.1538	0.0464	-0.058	-0.058	-0.041	2
York,	Mulderig	[0.38726790450928383, 0.791, 0.4403183023872679, 0.808]	[0.46021220159151194, 0.85, 0.5411140583554377, 0.865]	no-link	header-answer	-0.0199	-0.0729	-0.1538	-0.059	-0.057	-0.042	2
York,	C/O	[0.38726790450928383, 0.791, 0.4403183023872679, 0.808]	[0.5437665782493368, 0.85, 0.5676392572944297, 0.863]	no-link	header-answer	-0.1034	-0.1565	-0.1804	-0.059	-0.055	-0.042	2
York,	Mike	[0.38726790450928383, 0.791, 0.4403183023872679, 0.808]	[0.5729442970822282, 0.85, 0.623342175066313, 0.863]	no-link	header-answer	-0.1326	-0.1857	-0.2361	-0.059	-0.055	-0.042	2
York,	Morris	[0.38726790450928383, 0.791, 0.4403183023872679, 0.808]	[0.4469496021220159, 0.872, 0.5106100795755968, 0.894]	no-link	header-answer	-0.0066	-0.0597	-0.1233	-0.081	-0.086	-0.064	2
York,	Philip	[0.38726790450928383, 0.791, 0.4403183023872679, 0.808]	[0.383289124668435, 0.874, 0.4469496021220159, 0.889]	no-link	header-answer	0.057	0.004	-0.0597	-0.083	-0.081	-0.066	2
York,	Management	[0.38726790450928383, 0.791, 0.4403183023872679, 0.808]	[0.5106100795755968, 0.874, 0.6273209549071618, 0.891]	no-link	header-answer	-0.0703	-0.1233	-0.2401	-0.083	-0.083	-0.066	2
York,	Company:	[0.38726790450928383, 0.791, 0.4403183023872679, 0.808]	[0.23607427055702918, 0.875, 0.3421750663129973, 0.89]	no-link	header-question	0.2042	0.1512	0.0451	-0.084	-0.082	-0.067	2
York,	Fax	[0.38726790450928383, 0.791, 0.4403183023872679, 0.808]	[0.2692307692307692, 0.9, 0.3116710875331565, 0.917]	no-link	header-question	0.1711	0.118	0.0756	-0.109	-0.109	-0.092	2
10017-	5592	[0.5026525198938993, 0.791, 0.5729442970822282, 0.806]	[0.5755968169761273, 0.792, 0.6220159151193634, 0.805]	word-word	header-header	0.1194	0.001	0.0729	-0.001	0.0027	0.014	2
10017-	NY	[0.5026525198938993, 0.791, 0.5729442970822282, 0.806]	[0.45225464190981435, 0.792, 0.4854111405835544, 0.805]	no-link	header-header	0.1207	0.0504	0.0172	-0.001	0.001	0.014	2
10017-	Date:	[0.5026525198938993, 0.791, 0.5729442970822282, 0.806]	[0.28249336870026526, 0.822, 0.3395225464190981, 0.84]	no-link	header-question	0.2905	0.2202	0.1631	-0.031	-0.034	-0.016	2
10017-	John J.	[0.5026525198938993, 0.791, 0.5729442970822282, 0.806]	[0.38726790450928383, 0.847, 0.4509283819628647, 0.864]	no-link	header-answer	0.1857	0.1154	0.0517	-0.056	-0.058	-0.041	2
10017-	Attention:	[0.5026525198938993, 0.791, 0.5729442970822282, 0.806]	[0.23342175066312998, 0.849, 0.34084880636604775, 0.866]	no-link	header-question	0.3395	0.2692	0.1618	-0.058	-0.06	-0.043	2
10017-	Mulderig	[0.5026525198938993, 0.791, 0.5729442970822282, 0.806]	[0.46021220159151194, 0.85, 0.5411140583554377, 0.865]	no-link	header-answer	0.1127	0.0424	-0.0385	-0.059	-0.059	-0.044	2
10017-	C/O	[0.5026525198938993, 0.791, 0.5729442970822282, 0.806]	[0.5437665782493368, 0.85, 0.5676392572944297, 0.863]	no-link	header-answer	0.0292	-0.0411	-0.065	-0.059	-0.057	-0.044	2
10017-	Mike	[0.5026525198938993, 0.791, 0.5729442970822282, 0.806]	[0.5729442970822282, 0.85, 0.623342175066313, 0.863]	no-link	header-answer	0.0	-0.0703	-0.1207	-0.059	-0.057	-0.044	2
10017-	Morris	[0.5026525198938993, 0.791, 0.5729442970822282, 0.806]	[0.4469496021220159, 0.872, 0.5106100795755968, 0.894]	no-link	header-answer	0.126	0.0557	-0.008	-0.081	-0.088	-0.066	2
10017-	Philip	[0.5026525198938993, 0.791, 0.5729442970822282, 0.806]	[0.383289124668435, 0.874, 0.4469496021220159, 0.889]	no-link	header-answer	0.1897	0.1194	0.0557	-0.083	-0.083	-0.068	2
10017-	Management	[0.5026525198938993, 0.791, 0.5729442970822282, 0.806]	[0.5106100795755968, 0.874, 0.6273209549071618, 0.891]	no-link	header-answer	0.0623	-0.008	-0.1247	-0.083	-0.085	-0.068	2
10017-	Company:	[0.5026525198938993, 0.791, 0.5729442970822282, 0.806]	[0.23607427055702918, 0.875, 0.3421750663129973, 0.89]	no-link	header-question	0.3369	0.2666	0.1605	-0.084	-0.084	-0.069	2
10017-	Fax	[0.5026525198938993, 0.791, 0.5729442970822282, 0.806]	[0.2692307692307692, 0.9, 0.3116710875331565, 0.917]	no-link	header-question	0.3037	0.2334	0.191	-0.109	-0.111	-0.094	2
New	York,	[0.32625994694960214, 0.792, 0.3753315649867374, 0.807]	[0.38726790450928383, 0.791, 0.4403183023872679, 0.808]	word-word	header-header	0.1141	-0.001	0.061	0.001	0.0119	0.016	2
New	Date:	[0.32625994694960214, 0.792, 0.3753315649867374, 0.807]	[0.28249336870026526, 0.822, 0.3395225464190981, 0.84]	no-link	header-question	0.0928	0.0438	-0.0133	-0.03	-0.033	-0.015	2
New	John J.	[0.32625994694960214, 0.792, 0.3753315649867374, 0.807]	[0.38726790450928383, 0.847, 0.4509283819628647, 0.864]	no-link	header-answer	-0.0119	-0.061	-0.1247	-0.055	-0.057	-0.04	2
New	Attention:	[0.32625994694960214, 0.792, 0.3753315649867374, 0.807]	[0.23342175066312998, 0.849, 0.34084880636604775, 0.866]	no-link	header-question	0.1419	0.0928	-0.0146	-0.057	-0.059	-0.042	2
New	Mulderig	[0.32625994694960214, 0.792, 0.3753315649867374, 0.807]	[0.46021220159151194, 0.85, 0.5411140583554377, 0.865]	no-link	header-answer	-0.0849	-0.134	-0.2149	-0.058	-0.058	-0.043	2
New	C/O	[0.32625994694960214, 0.792, 0.3753315649867374, 0.807]	[0.5437665782493368, 0.85, 0.5676392572944297, 0.863]	no-link	header-answer	-0.1684	-0.2175	-0.2414	-0.058	-0.056	-0.043	2
New	Mike	[0.32625994694960214, 0.792, 0.3753315649867374, 0.807]	[0.5729442970822282, 0.85, 0.623342175066313, 0.863]	no-link	header-answer	-0.1976	-0.2467	-0.2971	-0.058	-0.056	-0.043	2
New	Morris	[0.32625994694960214, 0.792, 0.3753315649867374, 0.807]	[0.4469496021220159, 0.872, 0.5106100795755968, 0.894]	no-link	header-answer	-0.0716	-0.1207	-0.1844	-0.08	-0.087	-0.065	2
New	Philip	[0.32625994694960214, 0.792, 0.3753315649867374, 0.807]	[0.383289124668435, 0.874, 0.4469496021220159, 0.889]	no-link	header-answer	-0.008	-0.057	-0.1207	-0.082	-0.082	-0.067	2
New	Management	[0.32625994694960214, 0.792, 0.3753315649867374, 0.807]	[0.5106100795755968, 0.874, 0.6273209549071618, 0.891]	no-link	header-answer	-0.1353	-0.1844	-0.3011	-0.082	-0.084	-0.067	2
New	Company:	[0.32625994694960214, 0.792, 0.3753315649867374, 0.807]	[0.23607427055702918, 0.875, 0.3421750663129973, 0.89]	no-link	header-question	0.1393	0.0902	-0.0159	-0.083	-0.083	-0.068	2
New	Fax	[0.32625994694960214, 0.792, 0.3753315649867374, 0.807]	[0.2692307692307692, 0.9, 0.3116710875331565, 0.917]	no-link	header-question	0.1061	0.057	0.0146	-0.108	-0.11	-0.093	2
NY	10017-	[0.45225464190981435, 0.792, 0.4854111405835544, 0.805]	[0.5026525198938993, 0.791, 0.5729442970822282, 0.806]	word-word	header-header	0.1207	-0.001	0.0504	0.001	0.0172	0.014	2
NY	Date:	[0.45225464190981435, 0.792, 0.4854111405835544, 0.805]	[0.28249336870026526, 0.822, 0.3395225464190981, 0.84]	no-link	header-answer	0.2029	0.1698	0.1127	-0.03	-0.035	-0.017	2
NY	John J.	[0.45225464190981435, 0.792, 0.4854111405835544, 0.805]	[0.38726790450928383, 0.847, 0.4509283819628647, 0.864]	no-link	header-answer	0.0981	0.065	0.0013	-0.055	-0.059	-0.042	2
NY	Attention:	[0.45225464190981435, 0.792, 0.4854111405835544, 0.805]	[0.23342175066312998, 0.849, 0.34084880636604775, 0.866]	no-link	header-question	0.252	0.2188	0.1114	-0.057	-0.061	-0.044	2
NY	Mulderig	[0.45225464190981435, 0.792, 0.4854111405835544, 0.805]	[0.46021220159151194, 0.85, 0.5411140583554377, 0.865]	no-link	header-answer	0.0252	-0.008	-0.0889	-0.058	-0.06	-0.045	2
NY	C/O	[0.45225464190981435, 0.792, 0.4854111405835544, 0.805]	[0.5437665782493368, 0.85, 0.5676392572944297, 0.863]	no-link	header-answer	-0.0584	-0.0915	-0.1154	-0.058	-0.058	-0.045	2
NY	Mike	[0.45225464190981435, 0.792, 0.4854111405835544, 0.805]	[0.5729442970822282, 0.85, 0.623342175066313, 0.863]	no-link	header-answer	-0.0875	-0.1207	-0.1711	-0.058	-0.058	-0.045	2
NY	Morris	[0.45225464190981435, 0.792, 0.4854111405835544, 0.805]	[0.4469496021220159, 0.872, 0.5106100795755968, 0.894]	no-link	header-answer	0.0385	0.0053	-0.0584	-0.08	-0.089	-0.067	2
NY	Philip	[0.45225464190981435, 0.792, 0.4854111405835544, 0.805]	[0.383289124668435, 0.874, 0.4469496021220159, 0.889]	no-link	header-answer	0.1021	0.069	0.0053	-0.082	-0.084	-0.069	2
NY	Management	[0.45225464190981435, 0.792, 0.4854111405835544, 0.805]	[0.5106100795755968, 0.874, 0.6273209549071618, 0.891]	no-link	header-answer	-0.0252	-0.0584	-0.1751	-0.082	-0.086	-0.069	2
NY	Company:	[0.45225464190981435, 0.792, 0.4854111405835544, 0.805]	[0.23607427055702918, 0.875, 0.3421750663129973, 0.89]	no-link	header-question	0.2493	0.2162	0.1101	-0.083	-0.085	-0.07	2
NY	Fax	[0.45225464190981435, 0.792, 0.4854111405835544, 0.805]	[0.2692307692307692, 0.9, 0.3116710875331565, 0.917]	no-link	header-question	0.2162	0.183	0.1406	-0.108	-0.112	-0.095	2
Date:	Attention:	[0.28249336870026526, 0.822, 0.3395225464190981, 0.84]	[0.23342175066312998, 0.849, 0.34084880636604775, 0.866]	line-line	question-question	0.0584	0.027	-0.0491	0.026	-0.1061	0.044	3
Date:	John J.	[0.28249336870026526, 0.822, 0.3395225464190981, 0.84]	[0.38726790450928383, 0.847, 0.4509283819628647, 0.864]	no-link	question-answer	-0.0477	-0.1048	-0.1684	-0.025	-0.024	-0.007	3
Date:	Mulderig	[0.28249336870026526, 0.822, 0.3395225464190981, 0.84]	[0.46021220159151194, 0.85, 0.5411140583554377, 0.865]	no-link	question-answer	-0.1207	-0.1777	-0.2586	-0.028	-0.025	-0.01	3
Date:	C/O	[0.28249336870026526, 0.822, 0.3395225464190981, 0.84]	[0.5437665782493368, 0.85, 0.5676392572944297, 0.863]	no-link	question-answer	-0.2042	-0.2613	-0.2851	-0.028	-0.023	-0.01	3
Date:	Mike	[0.28249336870026526, 0.822, 0.3395225464190981, 0.84]	[0.5729442970822282, 0.85, 0.623342175066313, 0.863]	no-link	question-answer	-0.2334	-0.2905	-0.3408	-0.028	-0.023	-0.01	3
Date:	Morris	[0.28249336870026526, 0.822, 0.3395225464190981, 0.84]	[0.4469496021220159, 0.872, 0.5106100795755968, 0.894]	no-link	question-answer	-0.1074	-0.1645	-0.2281	-0.05	-0.054	-0.032	3
Date:	Philip	[0.28249336870026526, 0.822, 0.3395225464190981, 0.84]	[0.383289124668435, 0.874, 0.4469496021220159, 0.889]	no-link	question-answer	-0.0438	-0.1008	-0.1645	-0.052	-0.049	-0.034	3
Date:	Management	[0.28249336870026526, 0.822, 0.3395225464190981, 0.84]	[0.5106100795755968, 0.874, 0.6273209549071618, 0.891]	no-link	question-answer	-0.1711	-0.2281	-0.3448	-0.052	-0.051	-0.034	3
Date:	Company:	[0.28249336870026526, 0.822, 0.3395225464190981, 0.84]	[0.23607427055702918, 0.875, 0.3421750663129973, 0.89]	no-link	question-question	0.1034	0.0464	-0.0597	-0.053	-0.05	-0.035	3
Date:	Fax	[0.28249336870026526, 0.822, 0.3395225464190981, 0.84]	[0.2692307692307692, 0.9, 0.3116710875331565, 0.917]	no-link	question-question	0.0703	0.0133	-0.0292	-0.078	-0.077	-0.06	3
Date:	11/12/96	[0.28249336870026526, 0.822, 0.3395225464190981, 0.84]	[0.38726790450928383, 0.822, 0.473474801061008, 0.839]	question-answer	question-answer	0.191	0.0	0.1048	-0.001	0.0477	0.017	3
John J.	Mulderig	[0.38726790450928383, 0.847, 0.4509283819628647, 0.864]	[0.46021220159151194, 0.85, 0.5411140583554377, 0.865]	word-word	answer-answer	0.1538	0.003	0.0729	0.001	0.0093	0.018	4
John J.	Attention:	[0.38726790450928383, 0.847, 0.4509283819628647, 0.864]	[0.23342175066312998, 0.849, 0.34084880636604775, 0.866]	no-link	answer-answer	0.2175	0.1538	0.0464	-0.002	-0.002	0.015	4
John J.	C/O	[0.38726790450928383, 0.847, 0.4509283819628647, 0.864]	[0.5437665782493368, 0.85, 0.5676392572944297, 0.863]	no-link	answer-answer	-0.0928	-0.1565	-0.1804	-0.003	0.001	0.014	4
John J.	Mike	[0.38726790450928383, 0.847, 0.4509283819628647, 0.864]	[0.5729442970822282, 0.85, 0.623342175066313, 0.863]	no-link	answer-answer	-0.122	-0.1857	-0.2361	-0.003	0.001	0.014	4
John J.	Morris	[0.38726790450928383, 0.847, 0.4509283819628647, 0.864]	[0.4469496021220159, 0.872, 0.5106100795755968, 0.894]	no-link	answer-answer	0.004	-0.0597	-0.1233	-0.025	-0.03	-0.008	4
John J.	Philip	[0.38726790450928383, 0.847, 0.4509283819628647, 0.864]	[0.383289124668435, 0.874, 0.4469496021220159, 0.889]	no-link	answer-answer	0.0676	0.004	-0.0597	-0.027	-0.025	-0.01	4
John J.	Management	[0.38726790450928383, 0.847, 0.4509283819628647, 0.864]	[0.5106100795755968, 0.874, 0.6273209549071618, 0.891]	no-link	answer-answer	-0.0597	-0.1233	-0.2401	-0.027	-0.027	-0.01	4
John J.	Company:	[0.38726790450928383, 0.847, 0.4509283819628647, 0.864]	[0.23607427055702918, 0.875, 0.3421750663129973, 0.89]	no-link	answer-question	0.2149	0.1512	0.0451	-0.028	-0.026	-0.011	4
John J.	Fax	[0.38726790450928383, 0.847, 0.4509283819628647, 0.864]	[0.2692307692307692, 0.9, 0.3116710875331565, 0.917]	no-link	answer-question	0.1817	0.118	0.0756	-0.053	-0.053	-0.036	4
Attention:	Company:	[0.23342175066312998, 0.849, 0.34084880636604775, 0.866]	[0.23607427055702918, 0.875, 0.3421750663129973, 0.89]	line-line	question-question	0.1088	0.026	0.0027	0.024	-0.1048	0.041	4
Attention:	Mulderig	[0.23342175066312998, 0.849, 0.34084880636604775, 0.866]	[0.46021220159151194, 0.85, 0.5411140583554377, 0.865]	no-link	question-answer	-0.1194	-0.2268	-0.3077	-0.001	0.001	0.016	4
Attention:	C/O	[0.23342175066312998, 0.849, 0.34084880636604775, 0.866]	[0.5437665782493368, 0.85, 0.5676392572944297, 0.863]	no-link	question-answer	-0.2029	-0.3103	-0.3342	-0.001	0.003	0.016	4
Attention:	Mike	[0.23342175066312998, 0.849, 0.34084880636604775, 0.866]	[0.5729442970822282, 0.85, 0.623342175066313, 0.863]	no-link	question-answer	-0.2321	-0.3395	-0.3899	-0.001	0.003	0.016	4
Attention:	Morris	[0.23342175066312998, 0.849, 0.34084880636604775, 0.866]	[0.4469496021220159, 0.872, 0.5106100795755968, 0.894]	no-link	question-answer	-0.1061	-0.2135	-0.2772	-0.023	-0.028	-0.006	4
Attention:	Philip	[0.23342175066312998, 0.849, 0.34084880636604775, 0.866]	[0.383289124668435, 0.874, 0.4469496021220159, 0.889]	no-link	question-answer	-0.0424	-0.1499	-0.2135	-0.025	-0.023	-0.008	4
Attention:	Management	[0.23342175066312998, 0.849, 0.34084880636604775, 0.866]	[0.5106100795755968, 0.874, 0.6273209549071618, 0.891]	no-link	question-answer	-0.1698	-0.2772	-0.3939	-0.025	-0.025	-0.008	4
Attention:	Fax	[0.23342175066312998, 0.849, 0.34084880636604775, 0.866]	[0.2692307692307692, 0.9, 0.3116710875331565, 0.917]	no-link	question-question	0.0716	-0.0358	-0.0782	-0.051	-0.051	-0.034	4
Attention:	John J.	[0.23342175066312998, 0.849, 0.34084880636604775, 0.866]	[0.38726790450928383, 0.847, 0.4509283819628647, 0.864]	question-answer	question-answer	0.2175	-0.002	0.1538	-0.002	0.0464	0.015	4
Mulderig	C/O	[0.46021220159151194, 0.85, 0.5411140583554377, 0.865]	[0.5437665782493368, 0.85, 0.5676392572944297, 0.863]	word-word	answer-answer	0.1074	0.0	0.0836	-0.002	0.0027	0.013	4
Mulderig	Mike	[0.46021220159151194, 0.85, 0.5411140583554377, 0.865]	[0.5729442970822282, 0.85, 0.623342175066313, 0.863]	no-link	answer-answer	-0.0318	-0.1127	-0.1631	0.0	0.002	0.015	4
Mulderig	Morris	[0.46021220159151194, 0.85, 0.5411140583554377, 0.865]	[0.4469496021220159, 0.872, 0.5106100795755968, 0.894]	no-link	answer-answer	0.0942	0.0133	-0.0504	-0.022	-0.029	-0.007	4
Mulderig	Philip	[0.46021220159151194, 0.85, 0.5411140583554377, 0.865]	[0.383289124668435, 0.874, 0.4469496021220159, 0.889]	no-link	answer-answer	0.1578	0.0769	0.0133	-0.024	-0.024	-0.009	4
Mulderig	Management	[0.46021220159151194, 0.85, 0.5411140583554377, 0.865]	[0.5106100795755968, 0.874, 0.6273209549071618, 0.891]	no-link	answer-answer	0.0305	-0.0504	-0.1671	-0.024	-0.026	-0.009	4
Mulderig	Company:	[0.46021220159151194, 0.85, 0.5411140583554377, 0.865]	[0.23607427055702918, 0.875, 0.3421750663129973, 0.89]	no-link	answer-question	0.305	0.2241	0.118	-0.025	-0.025	-0.01	4
Mulderig	Fax	[0.46021220159151194, 0.85, 0.5411140583554377, 0.865]	[0.2692307692307692, 0.9, 0.3116710875331565, 0.917]	no-link	answer-question	0.2719	0.191	0.1485	-0.05	-0.052	-0.035	4
C/O	Mike	[0.5437665782493368, 0.85, 0.5676392572944297, 0.863]	[0.5729442970822282, 0.85, 0.623342175066313, 0.863]	word-word	answer-answer	0.0796	0.0	0.0292	0.0	0.0053	0.013	4
C/O	Morris	[0.5437665782493368, 0.85, 0.5676392572944297, 0.863]	[0.4469496021220159, 0.872, 0.5106100795755968, 0.894]	no-link	answer-answer	0.1207	0.0968	0.0332	-0.022	-0.031	-0.009	4
C/O	Philip	[0.5437665782493368, 0.85, 0.5676392572944297, 0.863]	[0.383289124668435, 0.874, 0.4469496021220159, 0.889]	no-link	answer-answer	0.1844	0.1605	0.0968	-0.024	-0.026	-0.011	4
C/O	Management	[0.5437665782493368, 0.85, 0.5676392572944297, 0.863]	[0.5106100795755968, 0.874, 0.6273209549071618, 0.891]	no-link	answer-answer	0.057	0.0332	-0.0836	-0.024	-0.028	-0.011	4
C/O	Company:	[0.5437665782493368, 0.85, 0.5676392572944297, 0.863]	[0.23607427055702918, 0.875, 0.3421750663129973, 0.89]	no-link	answer-question	0.3316	0.3077	0.2016	-0.025	-0.027	-0.012	4
C/O	Fax	[0.5437665782493368, 0.85, 0.5676392572944297, 0.863]	[0.2692307692307692, 0.9, 0.3116710875331565, 0.917]	no-link	answer-question	0.2984	0.2745	0.2321	-0.05	-0.054	-0.037	4
Mike	Baker	[0.5729442970822282, 0.85, 0.623342175066313, 0.863]	[0.629973474801061, 0.849, 0.6830238726790451, 0.864]	word-word	answer-answer	0.1101	-0.001	0.057	0.001	0.0066	0.014	4
Mike	Philip	[0.5729442970822282, 0.85, 0.623342175066313, 0.863]	[0.383289124668435, 0.874, 0.4469496021220159, 0.889]	no-link	answer-answer	0.2401	0.1897	0.126	-0.024	-0.026	-0.011	4
Mike	Management	[0.5729442970822282, 0.85, 0.623342175066313, 0.863]	[0.5106100795755968, 0.874, 0.6273209549071618, 0.891]	no-link	answer-answer	0.1127	0.0623	-0.0544	-0.024	-0.028	-0.011	4
Mike	Company:	[0.5729442970822282, 0.85, 0.623342175066313, 0.863]	[0.23607427055702918, 0.875, 0.3421750663129973, 0.89]	no-link	answer-question	0.3873	0.3369	0.2308	-0.025	-0.027	-0.012	4
Mike	Fax	[0.5729442970822282, 0.85, 0.623342175066313, 0.863]	[0.2692307692307692, 0.9, 0.3116710875331565, 0.917]	no-link	answer-question	0.3541	0.3037	0.2613	-0.05	-0.054	-0.037	4
Morris	Management	[0.4469496021220159, 0.872, 0.5106100795755968, 0.894]	[0.5106100795755968, 0.874, 0.6273209549071618, 0.891]	word-word	answer-answer	0.1804	0.002	0.0637	-0.003	0.0	0.019	5
Morris	Company:	[0.4469496021220159, 0.872, 0.5106100795755968, 0.894]	[0.23607427055702918, 0.875, 0.3421750663129973, 0.89]	no-link	answer-question	0.2745	0.2109	0.1048	-0.003	0.004	0.019	5
Morris	Fax	[0.4469496021220159, 0.872, 0.5106100795755968, 0.894]	[0.2692307692307692, 0.9, 0.3116710875331565, 0.917]	no-link	answer-question	0.2414	0.1777	0.1353	-0.028	-0.023	-0.006	5
Philip	Morris	[0.383289124668435, 0.874, 0.4469496021220159, 0.889]	[0.4469496021220159, 0.872, 0.5106100795755968, 0.894]	word-word	answer-answer	0.1273	-0.002	0.0637	0.005	0.0	0.02	5
Philip	Company:	[0.383289124668435, 0.874, 0.4469496021220159, 0.889]	[0.23607427055702918, 0.875, 0.3421750663129973, 0.89]	no-link	answer-question	0.2109	0.1472	0.0411	-0.001	-0.001	0.014	5
Philip	Fax	[0.383289124668435, 0.874, 0.4469496021220159, 0.889]	[0.2692307692307692, 0.9, 0.3116710875331565, 0.917]	no-link	answer-question	0.1777	0.1141	0.0716	-0.026	-0.028	-0.011	5
Management	Corp.	[0.5106100795755968, 0.874, 0.6273209549071618, 0.891]	[0.6339522546419099, 0.875, 0.6870026525198939, 0.89]	word-word	answer-answer	0.1764	0.001	0.1233	-0.001	0.0066	0.016	5
Management	Company:	[0.5106100795755968, 0.874, 0.6273209549071618, 0.891]	[0.23607427055702918, 0.875, 0.3421750663129973, 0.89]	no-link	answer-answer	0.3912	0.2745	0.1684	-0.001	0.001	0.016	5
Management	Fax	[0.5106100795755968, 0.874, 0.6273209549071618, 0.891]	[0.2692307692307692, 0.9, 0.3116710875331565, 0.917]	no-link	answer-question	0.3581	0.2414	0.1989	-0.026	-0.026	-0.009	5
Company:	Fax	[0.23607427055702918, 0.875, 0.3421750663129973, 0.89]	[0.2692307692307692, 0.9, 0.3116710875331565, 0.917]	line-line	question-question	0.0756	0.025	0.0332	0.027	-0.0729	0.042	5
Company:	Philip	[0.23607427055702918, 0.875, 0.3421750663129973, 0.89]	[0.383289124668435, 0.874, 0.4469496021220159, 0.889]	question-answer	question-answer	0.2109	-0.001	0.1472	-0.001	0.0411	0.014	5
Fax	#:	[0.2692307692307692, 0.9, 0.3116710875331565, 0.917]	[0.3129973474801061, 0.9, 0.3395225464190981, 0.917]	word-word	question-question	0.0703	0.0	0.0438	0.0	0.0013	0.017	6
Fax	816/545-7473	[0.2692307692307692, 0.9, 0.3116710875331565, 0.917]	[0.38992042440318303, 0.9, 0.5172413793103449, 0.918]	question-answer	question-answer	0.248	0.0	0.1207	0.001	0.0782	0.018	6
