1987-	144-	[0.7218628719275549, 0.033, 0.7761966364812419, 0.048]	[0.7800776196636481, 0.034, 0.8227684346701164, 0.051]	word-word	other-other	0.1009	0.001	0.0582	0.003	0.0039	0.018	0
1987-	PROJECT	[0.7218628719275549, 0.033, 0.7761966364812419, 0.048]	[0.55627425614489, 0.035, 0.6416558861578266, 0.054]	no-link	other-question	0.2199	0.1656	0.0802	-0.002	-0.006	0.013	0
1987-	KOOL	[0.7218628719275549, 0.033, 0.7761966364812419, 0.048]	[0.06985769728331177, 0.041, 0.129366106080207, 0.054]	no-link	other-question	0.7063	0.652	0.5925	-0.008	-0.006	0.007	0
1987-	1510	[0.7218628719275549, 0.033, 0.7761966364812419, 0.048]	[0.17723156532988357, 0.055, 0.2186287192755498, 0.072]	no-link	other-answer	0.599	0.5446	0.5032	-0.022	-0.024	-0.007	0
1987-	0595-	[0.7218628719275549, 0.033, 0.7761966364812419, 0.048]	[0.07503234152652005, 0.058, 0.129366106080207, 0.069]	no-link	other-answer	0.7012	0.6468	0.5925	-0.025	-0.021	-0.01	0
1987-	529-	[0.7218628719275549, 0.033, 0.7761966364812419, 0.048]	[0.1332470892626132, 0.058, 0.17335058214747737, 0.072]	no-link	other-answer	0.6429	0.5886	0.5485	-0.025	-0.024	-0.01	0
1987-	SWITCHING	[0.7218628719275549, 0.033, 0.7761966364812419, 0.048]	[0.5860284605433377, 0.1, 0.6869340232858991, 0.121]	no-link	other-answer	0.1902	0.1358	0.0349	-0.067	-0.073	-0.052	0
1987-	BLACK	[0.7218628719275549, 0.033, 0.7761966364812419, 0.048]	[0.5213454075032341, 0.104, 0.574385510996119, 0.122]	no-link	other-answer	0.2549	0.2005	0.1475	-0.071	-0.074	-0.056	0
1987-	STUDY	[0.7218628719275549, 0.033, 0.7761966364812419, 0.048]	[0.6959896507115135, 0.104, 0.7542043984476067, 0.121]	no-link	other-answer	0.0802	0.0259	-0.0323	-0.071	-0.073	-0.056	0
1987-	UTILIZING	[0.7218628719275549, 0.033, 0.7761966364812419, 0.048]	[0.4165588615782665, 0.106, 0.517464424320828, 0.125]	no-link	other-answer	0.3596	0.3053	0.2044	-0.073	-0.077	-0.058	0
1987-	DESCRIPTION:	[0.7218628719275549, 0.033, 0.7761966364812419, 0.048]	[0.06985769728331177, 0.107, 0.20051746442432083, 0.126]	no-link	other-question	0.7063	0.652	0.5213	-0.074	-0.078	-0.059	0
1987-	KMDP	[0.7218628719275549, 0.033, 0.7761966364812419, 0.048]	[0.25485122897800777, 0.107, 0.3053040103492885, 0.124]	no-link	other-answer	0.5213	0.467	0.4166	-0.074	-0.076	-0.059	0
1987-	ANALYSIS	[0.7218628719275549, 0.033, 0.7761966364812419, 0.048]	[0.3169469598965071, 0.108, 0.407503234152652, 0.123]	no-link	other-answer	0.4592	0.4049	0.3144	-0.075	-0.075	-0.06	0
1987-	C.	[0.7218628719275549, 0.033, 0.7761966364812419, 0.048]	[0.258732212160414, 0.177, 0.2807244501940492, 0.192]	no-link	other-answer	0.5175	0.4631	0.4411	-0.144	-0.144	-0.129	0
1987-	B.	[0.7218628719275549, 0.033, 0.7761966364812419, 0.048]	[0.2820181112548512, 0.178, 0.3053040103492885, 0.192]	no-link	other-answer	0.4942	0.4398	0.4166	-0.145	-0.144	-0.13	0
1987-	MR	[0.7218628719275549, 0.033, 0.7761966364812419, 0.048]	[0.07115135834411385, 0.179, 0.09831824062095731, 0.196]	no-link	other-question	0.705	0.6507	0.6235	-0.146	-0.148	-0.131	0
144-	K	[0.7800776196636481, 0.034, 0.8227684346701164, 0.051]	[0.8201811125485123, 0.031, 0.8447606727037517, 0.049]	word-word	other-other	0.0647	-0.003	0.0401	-0.002	-0.0026	0.015	0
144-	PROJECT	[0.7800776196636481, 0.034, 0.8227684346701164, 0.051]	[0.55627425614489, 0.035, 0.6416558861578266, 0.054]	no-link	other-other	0.2665	0.2238	0.1384	-0.001	-0.003	0.016	0
144-	KOOL	[0.7800776196636481, 0.034, 0.8227684346701164, 0.051]	[0.06985769728331177, 0.041, 0.129366106080207, 0.054]	no-link	other-question	0.7529	0.7102	0.6507	-0.007	-0.003	0.01	0
144-	1510	[0.7800776196636481, 0.034, 0.8227684346701164, 0.051]	[0.17723156532988357, 0.055, 0.2186287192755498, 0.072]	no-link	other-answer	0.6455	0.6028	0.5614	-0.021	-0.021	-0.004	0
144-	0595-	[0.7800776196636481, 0.034, 0.8227684346701164, 0.051]	[0.07503234152652005, 0.058, 0.129366106080207, 0.069]	no-link	other-answer	0.7477	0.705	0.6507	-0.024	-0.018	-0.007	0
144-	529-	[0.7800776196636481, 0.034, 0.8227684346701164, 0.051]	[0.1332470892626132, 0.058, 0.17335058214747737, 0.072]	no-link	other-answer	0.6895	0.6468	0.6067	-0.024	-0.021	-0.007	0
144-	SWITCHING	[0.7800776196636481, 0.034, 0.8227684346701164, 0.051]	[0.5860284605433377, 0.1, 0.6869340232858991, 0.121]	no-link	other-answer	0.2367	0.194	0.0931	-0.066	-0.07	-0.049	0
144-	BLACK	[0.7800776196636481, 0.034, 0.8227684346701164, 0.051]	[0.5213454075032341, 0.104, 0.574385510996119, 0.122]	no-link	other-answer	0.3014	0.2587	0.2057	-0.07	-0.071	-0.053	0
144-	STUDY	[0.7800776196636481, 0.034, 0.8227684346701164, 0.051]	[0.6959896507115135, 0.104, 0.7542043984476067, 0.121]	no-link	other-answer	0.1268	0.0841	0.0259	-0.07	-0.07	-0.053	0
144-	UTILIZING	[0.7800776196636481, 0.034, 0.8227684346701164, 0.051]	[0.4165588615782665, 0.106, 0.517464424320828, 0.125]	no-link	other-answer	0.4062	0.3635	0.2626	-0.072	-0.074	-0.055	0
144-	DESCRIPTION:	[0.7800776196636481, 0.034, 0.8227684346701164, 0.051]	[0.06985769728331177, 0.107, 0.20051746442432083, 0.126]	no-link	other-question	0.7529	0.7102	0.5796	-0.073	-0.075	-0.056	0
144-	KMDP	[0.7800776196636481, 0.034, 0.8227684346701164, 0.051]	[0.25485122897800777, 0.107, 0.3053040103492885, 0.124]	no-link	other-answer	0.5679	0.5252	0.4748	-0.073	-0.073	-0.056	0
144-	ANALYSIS	[0.7800776196636481, 0.034, 0.8227684346701164, 0.051]	[0.3169469598965071, 0.108, 0.407503234152652, 0.123]	no-link	other-answer	0.5058	0.4631	0.3726	-0.074	-0.072	-0.057	0
144-	C.	[0.7800776196636481, 0.034, 0.8227684346701164, 0.051]	[0.258732212160414, 0.177, 0.2807244501940492, 0.192]	no-link	other-answer	0.564	0.5213	0.4994	-0.143	-0.141	-0.126	0
144-	B.	[0.7800776196636481, 0.034, 0.8227684346701164, 0.051]	[0.2820181112548512, 0.178, 0.3053040103492885, 0.192]	no-link	other-answer	0.5408	0.4981	0.4748	-0.144	-0.141	-0.127	0
144-	MR	[0.7800776196636481, 0.034, 0.8227684346701164, 0.051]	[0.07115135834411385, 0.179, 0.09831824062095731, 0.196]	no-link	other-question	0.7516	0.7089	0.6818	-0.145	-0.145	-0.128	0
PROJECT	NO.	[0.55627425614489, 0.035, 0.6416558861578266, 0.054]	[0.648124191461837, 0.038, 0.6817593790426908, 0.055]	word-word	question-question	0.1255	0.003	0.0918	0.001	0.0065	0.02	0
PROJECT	KOOL	[0.55627425614489, 0.035, 0.6416558861578266, 0.054]	[0.06985769728331177, 0.041, 0.129366106080207, 0.054]	no-link	question-question	0.5718	0.4864	0.4269	-0.006	0.0	0.013	0
PROJECT	1510	[0.55627425614489, 0.035, 0.6416558861578266, 0.054]	[0.17723156532988357, 0.055, 0.2186287192755498, 0.072]	no-link	question-answer	0.4644	0.379	0.3376	-0.02	-0.018	-0.001	0
PROJECT	0595-	[0.55627425614489, 0.035, 0.6416558861578266, 0.054]	[0.07503234152652005, 0.058, 0.129366106080207, 0.069]	no-link	question-answer	0.5666	0.4812	0.4269	-0.023	-0.015	-0.004	0
PROJECT	529-	[0.55627425614489, 0.035, 0.6416558861578266, 0.054]	[0.1332470892626132, 0.058, 0.17335058214747737, 0.072]	no-link	question-answer	0.5084	0.423	0.3829	-0.023	-0.018	-0.004	0
PROJECT	SWITCHING	[0.55627425614489, 0.035, 0.6416558861578266, 0.054]	[0.5860284605433377, 0.1, 0.6869340232858991, 0.121]	no-link	question-answer	0.0556	-0.0298	-0.1307	-0.065	-0.067	-0.046	0
PROJECT	BLACK	[0.55627425614489, 0.035, 0.6416558861578266, 0.054]	[0.5213454075032341, 0.104, 0.574385510996119, 0.122]	no-link	question-answer	0.1203	0.0349	-0.0181	-0.069	-0.068	-0.05	0
PROJECT	STUDY	[0.55627425614489, 0.035, 0.6416558861578266, 0.054]	[0.6959896507115135, 0.104, 0.7542043984476067, 0.121]	no-link	question-answer	-0.0543	-0.1397	-0.1979	-0.069	-0.067	-0.05	0
PROJECT	UTILIZING	[0.55627425614489, 0.035, 0.6416558861578266, 0.054]	[0.4165588615782665, 0.106, 0.517464424320828, 0.125]	no-link	question-answer	0.2251	0.1397	0.0388	-0.071	-0.071	-0.052	0
PROJECT	DESCRIPTION:	[0.55627425614489, 0.035, 0.6416558861578266, 0.054]	[0.06985769728331177, 0.107, 0.20051746442432083, 0.126]	no-link	question-question	0.5718	0.4864	0.3558	-0.072	-0.072	-0.053	0
PROJECT	KMDP	[0.55627425614489, 0.035, 0.6416558861578266, 0.054]	[0.25485122897800777, 0.107, 0.3053040103492885, 0.124]	no-link	question-answer	0.3868	0.3014	0.251	-0.072	-0.07	-0.053	0
PROJECT	ANALYSIS	[0.55627425614489, 0.035, 0.6416558861578266, 0.054]	[0.3169469598965071, 0.108, 0.407503234152652, 0.123]	no-link	question-answer	0.3247	0.2393	0.1488	-0.073	-0.069	-0.054	0
PROJECT	C.	[0.55627425614489, 0.035, 0.6416558861578266, 0.054]	[0.258732212160414, 0.177, 0.2807244501940492, 0.192]	no-link	question-answer	0.3829	0.2975	0.2755	-0.142	-0.138	-0.123	0
PROJECT	B.	[0.55627425614489, 0.035, 0.6416558861578266, 0.054]	[0.2820181112548512, 0.178, 0.3053040103492885, 0.192]	no-link	question-answer	0.3596	0.2743	0.251	-0.143	-0.138	-0.124	0
PROJECT	MR	[0.55627425614489, 0.035, 0.6416558861578266, 0.054]	[0.07115135834411385, 0.179, 0.09831824062095731, 0.196]	no-link	question-question	0.5705	0.4851	0.458	-0.144	-0.142	-0.125	0
PROJECT	Market	[0.55627425614489, 0.035, 0.6416558861578266, 0.054]	[0.258732212160414, 0.221, 0.33247089262613194, 0.235]	no-link	question-answer	0.3829	0.2975	0.2238	-0.186	-0.181	-0.167	0
PROJECT	1987-	[0.55627425614489, 0.035, 0.6416558861578266, 0.054]	[0.7218628719275549, 0.033, 0.7761966364812419, 0.048]	question-other	question-other	0.2199	-0.002	0.1656	-0.006	0.0802	0.013	0
PROJECT	SUPPLIER:	[0.55627425614489, 0.035, 0.6416558861578266, 0.054]	[0.06985769728331177, 0.224, 0.17076326002587322, 0.238]	no-link	question-question	0.5718	0.4864	0.3855	-0.189	-0.184	-0.17	0
KOOL	PROJECT	[0.06985769728331177, 0.041, 0.129366106080207, 0.054]	[0.55627425614489, 0.035, 0.6416558861578266, 0.054]	question-question	question-question	0.5718	-0.006	0.4864	0.0	0.4269	0.013	0
KOOL	1510	[0.06985769728331177, 0.041, 0.129366106080207, 0.054]	[0.17723156532988357, 0.055, 0.2186287192755498, 0.072]	no-link	question-answer	-0.0479	-0.1074	-0.1488	-0.014	-0.018	-0.001	0
KOOL	0595-	[0.06985769728331177, 0.041, 0.129366106080207, 0.054]	[0.07503234152652005, 0.058, 0.129366106080207, 0.069]	no-link	question-answer	0.0543	-0.0052	-0.0595	-0.017	-0.015	-0.004	0
KOOL	529-	[0.06985769728331177, 0.041, 0.129366106080207, 0.054]	[0.1332470892626132, 0.058, 0.17335058214747737, 0.072]	no-link	question-answer	-0.0039	-0.0634	-0.1035	-0.017	-0.018	-0.004	0
KOOL	SWITCHING	[0.06985769728331177, 0.041, 0.129366106080207, 0.054]	[0.5860284605433377, 0.1, 0.6869340232858991, 0.121]	no-link	question-answer	-0.4567	-0.5162	-0.6171	-0.059	-0.067	-0.046	0
KOOL	BLACK	[0.06985769728331177, 0.041, 0.129366106080207, 0.054]	[0.5213454075032341, 0.104, 0.574385510996119, 0.122]	no-link	question-answer	-0.392	-0.4515	-0.5045	-0.063	-0.068	-0.05	0
KOOL	STUDY	[0.06985769728331177, 0.041, 0.129366106080207, 0.054]	[0.6959896507115135, 0.104, 0.7542043984476067, 0.121]	no-link	question-answer	-0.5666	-0.6261	-0.6843	-0.063	-0.067	-0.05	0
KOOL	UTILIZING	[0.06985769728331177, 0.041, 0.129366106080207, 0.054]	[0.4165588615782665, 0.106, 0.517464424320828, 0.125]	no-link	question-answer	-0.2872	-0.3467	-0.4476	-0.065	-0.071	-0.052	0
KOOL	DESCRIPTION:	[0.06985769728331177, 0.041, 0.129366106080207, 0.054]	[0.06985769728331177, 0.107, 0.20051746442432083, 0.126]	no-link	question-question	0.0595	0.0	-0.1307	-0.066	-0.072	-0.053	0
KOOL	KMDP	[0.06985769728331177, 0.041, 0.129366106080207, 0.054]	[0.25485122897800777, 0.107, 0.3053040103492885, 0.124]	no-link	question-answer	-0.1255	-0.185	-0.2354	-0.066	-0.07	-0.053	0
KOOL	ANALYSIS	[0.06985769728331177, 0.041, 0.129366106080207, 0.054]	[0.3169469598965071, 0.108, 0.407503234152652, 0.123]	no-link	question-answer	-0.1876	-0.2471	-0.3376	-0.067	-0.069	-0.054	0
KOOL	C.	[0.06985769728331177, 0.041, 0.129366106080207, 0.054]	[0.258732212160414, 0.177, 0.2807244501940492, 0.192]	no-link	question-answer	-0.1294	-0.1889	-0.2109	-0.136	-0.138	-0.123	0
KOOL	B.	[0.06985769728331177, 0.041, 0.129366106080207, 0.054]	[0.2820181112548512, 0.178, 0.3053040103492885, 0.192]	no-link	question-answer	-0.1527	-0.2122	-0.2354	-0.137	-0.138	-0.124	0
KOOL	MR	[0.06985769728331177, 0.041, 0.129366106080207, 0.054]	[0.07115135834411385, 0.179, 0.09831824062095731, 0.196]	no-link	question-question	0.0582	-0.0013	-0.0285	-0.138	-0.142	-0.125	0
KOOL	Market	[0.06985769728331177, 0.041, 0.129366106080207, 0.054]	[0.258732212160414, 0.221, 0.33247089262613194, 0.235]	no-link	question-answer	-0.1294	-0.1889	-0.2626	-0.18	-0.181	-0.167	0
KOOL	SUPPLIER:	[0.06985769728331177, 0.041, 0.129366106080207, 0.054]	[0.06985769728331177, 0.224, 0.17076326002587322, 0.238]	no-link	question-question	0.0595	0.0	-0.1009	-0.183	-0.184	-0.17	0
KOOL	DESCRIPTION:	[0.06985769728331177, 0.041, 0.129366106080207, 0.054]	[0.06985769728331177, 0.107, 0.20051746442432083, 0.126]	line-line	question-question	0.1307	0.066	0.0	0.072	-0.0595	0.085	0
KOOL	(10-	[0.06985769728331177, 0.041, 0.129366106080207, 0.054]	[0.36610608020698576, 0.258, 0.4178525226390686, 0.277]	no-link	question-answer	-0.2367	-0.2962	-0.348	-0.217	-0.223	-0.204	0
KOOL	0595-	[0.06985769728331177, 0.041, 0.129366106080207, 0.054]	[0.07503234152652005, 0.058, 0.129366106080207, 0.069]	question-answer	question-answer	0.0595	0.017	0.0052	0.015	-0.0543	0.028	0
KOOL	15-	[0.06985769728331177, 0.041, 0.129366106080207, 0.054]	[0.4165588615782665, 0.261, 0.445019404915912, 0.279]	no-link	question-answer	-0.2872	-0.3467	-0.3752	-0.22	-0.225	-0.207	0
1510	-0	[0.17723156532988357, 0.055, 0.2186287192755498, 0.072]	[0.22121604139715395, 0.057, 0.24967658473479948, 0.071]	word-word	answer-answer	0.0724	0.002	0.044	-0.001	0.0026	0.016	0
1510	529-	[0.17723156532988357, 0.055, 0.2186287192755498, 0.072]	[0.1332470892626132, 0.058, 0.17335058214747737, 0.072]	no-link	answer-answer	0.0854	0.044	0.0039	-0.003	0.0	0.014	0
1510	SWITCHING	[0.17723156532988357, 0.055, 0.2186287192755498, 0.072]	[0.5860284605433377, 0.1, 0.6869340232858991, 0.121]	no-link	answer-answer	-0.3674	-0.4088	-0.5097	-0.045	-0.049	-0.028	0
1510	BLACK	[0.17723156532988357, 0.055, 0.2186287192755498, 0.072]	[0.5213454075032341, 0.104, 0.574385510996119, 0.122]	no-link	answer-answer	-0.3027	-0.3441	-0.3972	-0.049	-0.05	-0.032	0
1510	STUDY	[0.17723156532988357, 0.055, 0.2186287192755498, 0.072]	[0.6959896507115135, 0.104, 0.7542043984476067, 0.121]	no-link	answer-answer	-0.4774	-0.5188	-0.577	-0.049	-0.049	-0.032	0
1510	UTILIZING	[0.17723156532988357, 0.055, 0.2186287192755498, 0.072]	[0.4165588615782665, 0.106, 0.517464424320828, 0.125]	no-link	answer-answer	-0.1979	-0.2393	-0.3402	-0.051	-0.053	-0.034	0
1510	DESCRIPTION:	[0.17723156532988357, 0.055, 0.2186287192755498, 0.072]	[0.06985769728331177, 0.107, 0.20051746442432083, 0.126]	no-link	answer-question	0.1488	0.1074	-0.0233	-0.052	-0.054	-0.035	0
1510	KMDP	[0.17723156532988357, 0.055, 0.2186287192755498, 0.072]	[0.25485122897800777, 0.107, 0.3053040103492885, 0.124]	no-link	answer-answer	-0.0362	-0.0776	-0.1281	-0.052	-0.052	-0.035	0
1510	ANALYSIS	[0.17723156532988357, 0.055, 0.2186287192755498, 0.072]	[0.3169469598965071, 0.108, 0.407503234152652, 0.123]	no-link	answer-answer	-0.0983	-0.1397	-0.2303	-0.053	-0.051	-0.036	0
1510	C.	[0.17723156532988357, 0.055, 0.2186287192755498, 0.072]	[0.258732212160414, 0.177, 0.2807244501940492, 0.192]	no-link	answer-answer	-0.0401	-0.0815	-0.1035	-0.122	-0.12	-0.105	0
1510	B.	[0.17723156532988357, 0.055, 0.2186287192755498, 0.072]	[0.2820181112548512, 0.178, 0.3053040103492885, 0.192]	no-link	answer-answer	-0.0634	-0.1048	-0.1281	-0.123	-0.12	-0.106	0
1510	MR	[0.17723156532988357, 0.055, 0.2186287192755498, 0.072]	[0.07115135834411385, 0.179, 0.09831824062095731, 0.196]	no-link	answer-question	0.1475	0.1061	0.0789	-0.124	-0.124	-0.107	0
1510	Market	[0.17723156532988357, 0.055, 0.2186287192755498, 0.072]	[0.258732212160414, 0.221, 0.33247089262613194, 0.235]	no-link	answer-answer	-0.0401	-0.0815	-0.1552	-0.166	-0.163	-0.149	0
1510	SUPPLIER:	[0.17723156532988357, 0.055, 0.2186287192755498, 0.072]	[0.06985769728331177, 0.224, 0.17076326002587322, 0.238]	no-link	answer-question	0.1488	0.1074	0.0065	-0.169	-0.166	-0.152	0
1510	(10-	[0.17723156532988357, 0.055, 0.2186287192755498, 0.072]	[0.36610608020698576, 0.258, 0.4178525226390686, 0.277]	no-link	answer-answer	-0.1475	-0.1889	-0.2406	-0.203	-0.205	-0.186	0
1510	15-	[0.17723156532988357, 0.055, 0.2186287192755498, 0.072]	[0.4165588615782665, 0.261, 0.445019404915912, 0.279]	no-link	answer-answer	-0.1979	-0.2393	-0.2678	-0.206	-0.207	-0.189	0
1510	AUTHORIZED	[0.17723156532988357, 0.055, 0.2186287192755498, 0.072]	[0.07115135834411385, 0.262, 0.18240620957309184, 0.277]	no-link	answer-question	0.1475	0.1061	-0.0052	-0.207	-0.205	-0.19	0
0595-	529-	[0.07503234152652005, 0.058, 0.129366106080207, 0.069]	[0.1332470892626132, 0.058, 0.17335058214747737, 0.072]	word-word	answer-answer	0.0983	0.0	0.0582	0.003	0.0039	0.014	0
0595-	SWITCHING	[0.07503234152652005, 0.058, 0.129366106080207, 0.069]	[0.5860284605433377, 0.1, 0.6869340232858991, 0.121]	no-link	answer-answer	-0.4567	-0.511	-0.6119	-0.042	-0.052	-0.031	0
0595-	BLACK	[0.07503234152652005, 0.058, 0.129366106080207, 0.069]	[0.5213454075032341, 0.104, 0.574385510996119, 0.122]	no-link	answer-answer	-0.392	-0.4463	-0.4994	-0.046	-0.053	-0.035	0
0595-	STUDY	[0.07503234152652005, 0.058, 0.129366106080207, 0.069]	[0.6959896507115135, 0.104, 0.7542043984476067, 0.121]	no-link	answer-answer	-0.5666	-0.621	-0.6792	-0.046	-0.052	-0.035	0
0595-	UTILIZING	[0.07503234152652005, 0.058, 0.129366106080207, 0.069]	[0.4165588615782665, 0.106, 0.517464424320828, 0.125]	no-link	answer-answer	-0.2872	-0.3415	-0.4424	-0.048	-0.056	-0.037	0
0595-	DESCRIPTION:	[0.07503234152652005, 0.058, 0.129366106080207, 0.069]	[0.06985769728331177, 0.107, 0.20051746442432083, 0.126]	no-link	answer-question	0.0595	0.0052	-0.1255	-0.049	-0.057	-0.038	0
0595-	KMDP	[0.07503234152652005, 0.058, 0.129366106080207, 0.069]	[0.25485122897800777, 0.107, 0.3053040103492885, 0.124]	no-link	answer-answer	-0.1255	-0.1798	-0.2303	-0.049	-0.055	-0.038	0
0595-	ANALYSIS	[0.07503234152652005, 0.058, 0.129366106080207, 0.069]	[0.3169469598965071, 0.108, 0.407503234152652, 0.123]	no-link	answer-answer	-0.1876	-0.2419	-0.3325	-0.05	-0.054	-0.039	0
0595-	C.	[0.07503234152652005, 0.058, 0.129366106080207, 0.069]	[0.258732212160414, 0.177, 0.2807244501940492, 0.192]	no-link	answer-answer	-0.1294	-0.1837	-0.2057	-0.119	-0.123	-0.108	0
0595-	B.	[0.07503234152652005, 0.058, 0.129366106080207, 0.069]	[0.2820181112548512, 0.178, 0.3053040103492885, 0.192]	no-link	answer-answer	-0.1527	-0.207	-0.2303	-0.12	-0.123	-0.109	0
0595-	MR	[0.07503234152652005, 0.058, 0.129366106080207, 0.069]	[0.07115135834411385, 0.179, 0.09831824062095731, 0.196]	no-link	answer-question	0.0582	0.0039	-0.0233	-0.121	-0.127	-0.11	0
0595-	Market	[0.07503234152652005, 0.058, 0.129366106080207, 0.069]	[0.258732212160414, 0.221, 0.33247089262613194, 0.235]	no-link	answer-answer	-0.1294	-0.1837	-0.2574	-0.163	-0.166	-0.152	0
0595-	SUPPLIER:	[0.07503234152652005, 0.058, 0.129366106080207, 0.069]	[0.06985769728331177, 0.224, 0.17076326002587322, 0.238]	no-link	answer-question	0.0595	0.0052	-0.0957	-0.166	-0.169	-0.155	0
0595-	(10-	[0.07503234152652005, 0.058, 0.129366106080207, 0.069]	[0.36610608020698576, 0.258, 0.4178525226390686, 0.277]	no-link	answer-answer	-0.2367	-0.2911	-0.3428	-0.2	-0.208	-0.189	0
0595-	15-	[0.07503234152652005, 0.058, 0.129366106080207, 0.069]	[0.4165588615782665, 0.261, 0.445019404915912, 0.279]	no-link	answer-answer	-0.2872	-0.3415	-0.37	-0.203	-0.21	-0.192	0
0595-	AUTHORIZED	[0.07503234152652005, 0.058, 0.129366106080207, 0.069]	[0.07115135834411385, 0.262, 0.18240620957309184, 0.277]	no-link	answer-question	0.0582	0.0039	-0.1074	-0.204	-0.208	-0.193	0
529-	1510	[0.1332470892626132, 0.058, 0.17335058214747737, 0.072]	[0.17723156532988357, 0.055, 0.2186287192755498, 0.072]	word-word	answer-answer	0.0854	-0.003	0.044	0.0	0.0039	0.014	0
529-	BLACK	[0.1332470892626132, 0.058, 0.17335058214747737, 0.072]	[0.5213454075032341, 0.104, 0.574385510996119, 0.122]	no-link	answer-answer	-0.348	-0.3881	-0.4411	-0.046	-0.05	-0.032	0
529-	STUDY	[0.1332470892626132, 0.058, 0.17335058214747737, 0.072]	[0.6959896507115135, 0.104, 0.7542043984476067, 0.121]	no-link	answer-answer	-0.5226	-0.5627	-0.621	-0.046	-0.049	-0.032	0
529-	UTILIZING	[0.1332470892626132, 0.058, 0.17335058214747737, 0.072]	[0.4165588615782665, 0.106, 0.517464424320828, 0.125]	no-link	answer-answer	-0.2432	-0.2833	-0.3842	-0.048	-0.053	-0.034	0
529-	DESCRIPTION:	[0.1332470892626132, 0.058, 0.17335058214747737, 0.072]	[0.06985769728331177, 0.107, 0.20051746442432083, 0.126]	no-link	answer-question	0.1035	0.0634	-0.0673	-0.049	-0.054	-0.035	0
529-	KMDP	[0.1332470892626132, 0.058, 0.17335058214747737, 0.072]	[0.25485122897800777, 0.107, 0.3053040103492885, 0.124]	no-link	answer-answer	-0.0815	-0.1216	-0.1721	-0.049	-0.052	-0.035	0
529-	ANALYSIS	[0.1332470892626132, 0.058, 0.17335058214747737, 0.072]	[0.3169469598965071, 0.108, 0.407503234152652, 0.123]	no-link	answer-answer	-0.1436	-0.1837	-0.2743	-0.05	-0.051	-0.036	0
529-	C.	[0.1332470892626132, 0.058, 0.17335058214747737, 0.072]	[0.258732212160414, 0.177, 0.2807244501940492, 0.192]	no-link	answer-answer	-0.0854	-0.1255	-0.1475	-0.119	-0.12	-0.105	0
529-	B.	[0.1332470892626132, 0.058, 0.17335058214747737, 0.072]	[0.2820181112548512, 0.178, 0.3053040103492885, 0.192]	no-link	answer-answer	-0.1087	-0.1488	-0.1721	-0.12	-0.12	-0.106	0
529-	MR	[0.1332470892626132, 0.058, 0.17335058214747737, 0.072]	[0.07115135834411385, 0.179, 0.09831824062095731, 0.196]	no-link	answer-question	0.1022	0.0621	0.0349	-0.121	-0.124	-0.107	0
529-	Market	[0.1332470892626132, 0.058, 0.17335058214747737, 0.072]	[0.258732212160414, 0.221, 0.33247089262613194, 0.235]	no-link	answer-answer	-0.0854	-0.1255	-0.1992	-0.163	-0.163	-0.149	0
529-	SUPPLIER:	[0.1332470892626132, 0.058, 0.17335058214747737, 0.072]	[0.06985769728331177, 0.224, 0.17076326002587322, 0.238]	no-link	answer-question	0.1035	0.0634	-0.0375	-0.166	-0.166	-0.152	0
529-	(10-	[0.1332470892626132, 0.058, 0.17335058214747737, 0.072]	[0.36610608020698576, 0.258, 0.4178525226390686, 0.277]	no-link	answer-answer	-0.1928	-0.2329	-0.2846	-0.2	-0.205	-0.186	0
529-	15-	[0.1332470892626132, 0.058, 0.17335058214747737, 0.072]	[0.4165588615782665, 0.261, 0.445019404915912, 0.279]	no-link	answer-answer	-0.2432	-0.2833	-0.3118	-0.203	-0.207	-0.189	0
529-	AUTHORIZED	[0.1332470892626132, 0.058, 0.17335058214747737, 0.072]	[0.07115135834411385, 0.262, 0.18240620957309184, 0.277]	no-link	answer-question	0.1022	0.0621	-0.0492	-0.204	-0.205	-0.19	0
SWITCHING	STUDY	[0.5860284605433377, 0.1, 0.6869340232858991, 0.121]	[0.6959896507115135, 0.104, 0.7542043984476067, 0.121]	word-word	answer-answer	0.1682	0.004	0.11	0.0	0.0091	0.021	1
SWITCHING	UTILIZING	[0.5860284605433377, 0.1, 0.6869340232858991, 0.121]	[0.4165588615782665, 0.106, 0.517464424320828, 0.125]	no-link	answer-answer	0.2704	0.1695	0.0686	-0.006	-0.004	0.015	1
SWITCHING	DESCRIPTION:	[0.5860284605433377, 0.1, 0.6869340232858991, 0.121]	[0.06985769728331177, 0.107, 0.20051746442432083, 0.126]	no-link	answer-question	0.6171	0.5162	0.3855	-0.007	-0.005	0.014	1
SWITCHING	KMDP	[0.5860284605433377, 0.1, 0.6869340232858991, 0.121]	[0.25485122897800777, 0.107, 0.3053040103492885, 0.124]	no-link	answer-answer	0.4321	0.3312	0.2807	-0.007	-0.003	0.014	1
SWITCHING	ANALYSIS	[0.5860284605433377, 0.1, 0.6869340232858991, 0.121]	[0.3169469598965071, 0.108, 0.407503234152652, 0.123]	no-link	answer-answer	0.37	0.2691	0.1785	-0.008	-0.002	0.013	1
SWITCHING	C.	[0.5860284605433377, 0.1, 0.6869340232858991, 0.121]	[0.258732212160414, 0.177, 0.2807244501940492, 0.192]	no-link	answer-answer	0.4282	0.3273	0.3053	-0.077	-0.071	-0.056	1
SWITCHING	B.	[0.5860284605433377, 0.1, 0.6869340232858991, 0.121]	[0.2820181112548512, 0.178, 0.3053040103492885, 0.192]	no-link	answer-answer	0.4049	0.304	0.2807	-0.078	-0.071	-0.057	1
SWITCHING	MR	[0.5860284605433377, 0.1, 0.6869340232858991, 0.121]	[0.07115135834411385, 0.179, 0.09831824062095731, 0.196]	no-link	answer-question	0.6158	0.5149	0.4877	-0.079	-0.075	-0.058	1
SWITCHING	Market	[0.5860284605433377, 0.1, 0.6869340232858991, 0.121]	[0.258732212160414, 0.221, 0.33247089262613194, 0.235]	no-link	answer-answer	0.4282	0.3273	0.2536	-0.121	-0.114	-0.1	1
SWITCHING	SUPPLIER:	[0.5860284605433377, 0.1, 0.6869340232858991, 0.121]	[0.06985769728331177, 0.224, 0.17076326002587322, 0.238]	no-link	answer-question	0.6171	0.5162	0.4153	-0.124	-0.117	-0.103	1
SWITCHING	(10-	[0.5860284605433377, 0.1, 0.6869340232858991, 0.121]	[0.36610608020698576, 0.258, 0.4178525226390686, 0.277]	no-link	answer-answer	0.3208	0.2199	0.1682	-0.158	-0.156	-0.137	1
SWITCHING	15-	[0.5860284605433377, 0.1, 0.6869340232858991, 0.121]	[0.4165588615782665, 0.261, 0.445019404915912, 0.279]	no-link	answer-answer	0.2704	0.1695	0.141	-0.161	-0.158	-0.14	1
SWITCHING	AUTHORIZED	[0.5860284605433377, 0.1, 0.6869340232858991, 0.121]	[0.07115135834411385, 0.262, 0.18240620957309184, 0.277]	no-link	answer-question	0.6158	0.5149	0.4036	-0.162	-0.156	-0.141	1
SWITCHING	12,	[0.5860284605433377, 0.1, 0.6869340232858991, 0.121]	[0.25614489003880986, 0.262, 0.2923673997412678, 0.28]	no-link	answer-answer	0.4308	0.3299	0.2937	-0.162	-0.159	-0.141	1
BLACK	SWITCHING	[0.5213454075032341, 0.104, 0.574385510996119, 0.122]	[0.5860284605433377, 0.1, 0.6869340232858991, 0.121]	word-word	answer-answer	0.1656	-0.004	0.0647	-0.001	0.0116	0.017	1
BLACK	UTILIZING	[0.5213454075032341, 0.104, 0.574385510996119, 0.122]	[0.4165588615782665, 0.106, 0.517464424320828, 0.125]	no-link	answer-answer	0.1578	0.1048	0.0039	-0.002	-0.003	0.016	1
BLACK	DESCRIPTION:	[0.5213454075032341, 0.104, 0.574385510996119, 0.122]	[0.06985769728331177, 0.107, 0.20051746442432083, 0.126]	no-link	answer-question	0.5045	0.4515	0.3208	-0.003	-0.004	0.015	1
BLACK	KMDP	[0.5213454075032341, 0.104, 0.574385510996119, 0.122]	[0.25485122897800777, 0.107, 0.3053040103492885, 0.124]	no-link	answer-answer	0.3195	0.2665	0.216	-0.003	-0.002	0.015	1
BLACK	ANALYSIS	[0.5213454075032341, 0.104, 0.574385510996119, 0.122]	[0.3169469598965071, 0.108, 0.407503234152652, 0.123]	no-link	answer-answer	0.2574	0.2044	0.1138	-0.004	-0.001	0.014	1
BLACK	C.	[0.5213454075032341, 0.104, 0.574385510996119, 0.122]	[0.258732212160414, 0.177, 0.2807244501940492, 0.192]	no-link	answer-answer	0.3157	0.2626	0.2406	-0.073	-0.07	-0.055	1
BLACK	B.	[0.5213454075032341, 0.104, 0.574385510996119, 0.122]	[0.2820181112548512, 0.178, 0.3053040103492885, 0.192]	no-link	answer-answer	0.2924	0.2393	0.216	-0.074	-0.07	-0.056	1
BLACK	MR	[0.5213454075032341, 0.104, 0.574385510996119, 0.122]	[0.07115135834411385, 0.179, 0.09831824062095731, 0.196]	no-link	answer-question	0.5032	0.4502	0.423	-0.075	-0.074	-0.057	1
BLACK	Market	[0.5213454075032341, 0.104, 0.574385510996119, 0.122]	[0.258732212160414, 0.221, 0.33247089262613194, 0.235]	no-link	answer-answer	0.3157	0.2626	0.1889	-0.117	-0.113	-0.099	1
BLACK	SUPPLIER:	[0.5213454075032341, 0.104, 0.574385510996119, 0.122]	[0.06985769728331177, 0.224, 0.17076326002587322, 0.238]	no-link	answer-question	0.5045	0.4515	0.3506	-0.12	-0.116	-0.102	1
BLACK	(10-	[0.5213454075032341, 0.104, 0.574385510996119, 0.122]	[0.36610608020698576, 0.258, 0.4178525226390686, 0.277]	no-link	answer-answer	0.2083	0.1552	0.1035	-0.154	-0.155	-0.136	1
BLACK	15-	[0.5213454075032341, 0.104, 0.574385510996119, 0.122]	[0.4165588615782665, 0.261, 0.445019404915912, 0.279]	no-link	answer-answer	0.1578	0.1048	0.0763	-0.157	-0.157	-0.139	1
BLACK	AUTHORIZED	[0.5213454075032341, 0.104, 0.574385510996119, 0.122]	[0.07115135834411385, 0.262, 0.18240620957309184, 0.277]	no-link	answer-question	0.5032	0.4502	0.3389	-0.158	-0.155	-0.14	1
BLACK	12,	[0.5213454075032341, 0.104, 0.574385510996119, 0.122]	[0.25614489003880986, 0.262, 0.2923673997412678, 0.28]	no-link	answer-answer	0.3182	0.2652	0.229	-0.158	-0.158	-0.14	1
BLACK	500	[0.5213454075032341, 0.104, 0.574385510996119, 0.122]	[0.2988357050452781, 0.262, 0.3350582147477361, 0.279]	no-link	answer-answer	0.2755	0.2225	0.1863	-0.158	-0.157	-0.14	1
STUDY	DATA	[0.6959896507115135, 0.104, 0.7542043984476067, 0.121]	[0.759379042690815, 0.103, 0.8085381630012937, 0.117]	word-word	answer-answer	0.1125	-0.001	0.0634	-0.004	0.0052	0.013	1
STUDY	DESCRIPTION:	[0.6959896507115135, 0.104, 0.7542043984476067, 0.121]	[0.06985769728331177, 0.107, 0.20051746442432083, 0.126]	no-link	answer-question	0.6843	0.6261	0.4955	-0.003	-0.005	0.014	1
STUDY	KMDP	[0.6959896507115135, 0.104, 0.7542043984476067, 0.121]	[0.25485122897800777, 0.107, 0.3053040103492885, 0.124]	no-link	answer-answer	0.4994	0.4411	0.3907	-0.003	-0.003	0.014	1
STUDY	ANALYSIS	[0.6959896507115135, 0.104, 0.7542043984476067, 0.121]	[0.3169469598965071, 0.108, 0.407503234152652, 0.123]	no-link	answer-answer	0.4373	0.379	0.2885	-0.004	-0.002	0.013	1
STUDY	C.	[0.6959896507115135, 0.104, 0.7542043984476067, 0.121]	[0.258732212160414, 0.177, 0.2807244501940492, 0.192]	no-link	answer-answer	0.4955	0.4373	0.4153	-0.073	-0.071	-0.056	1
STUDY	B.	[0.6959896507115135, 0.104, 0.7542043984476067, 0.121]	[0.2820181112548512, 0.178, 0.3053040103492885, 0.192]	no-link	answer-answer	0.4722	0.414	0.3907	-0.074	-0.071	-0.057	1
STUDY	MR	[0.6959896507115135, 0.104, 0.7542043984476067, 0.121]	[0.07115135834411385, 0.179, 0.09831824062095731, 0.196]	no-link	answer-question	0.6831	0.6248	0.5977	-0.075	-0.075	-0.058	1
STUDY	Market	[0.6959896507115135, 0.104, 0.7542043984476067, 0.121]	[0.258732212160414, 0.221, 0.33247089262613194, 0.235]	no-link	answer-answer	0.4955	0.4373	0.3635	-0.117	-0.114	-0.1	1
STUDY	SUPPLIER:	[0.6959896507115135, 0.104, 0.7542043984476067, 0.121]	[0.06985769728331177, 0.224, 0.17076326002587322, 0.238]	no-link	answer-question	0.6843	0.6261	0.5252	-0.12	-0.117	-0.103	1
STUDY	(10-	[0.6959896507115135, 0.104, 0.7542043984476067, 0.121]	[0.36610608020698576, 0.258, 0.4178525226390686, 0.277]	no-link	answer-answer	0.3881	0.3299	0.2781	-0.154	-0.156	-0.137	1
STUDY	15-	[0.6959896507115135, 0.104, 0.7542043984476067, 0.121]	[0.4165588615782665, 0.261, 0.445019404915912, 0.279]	no-link	answer-answer	0.3376	0.2794	0.251	-0.157	-0.158	-0.14	1
STUDY	AUTHORIZED	[0.6959896507115135, 0.104, 0.7542043984476067, 0.121]	[0.07115135834411385, 0.262, 0.18240620957309184, 0.277]	no-link	answer-question	0.6831	0.6248	0.5136	-0.158	-0.156	-0.141	1
STUDY	12,	[0.6959896507115135, 0.104, 0.7542043984476067, 0.121]	[0.25614489003880986, 0.262, 0.2923673997412678, 0.28]	no-link	answer-answer	0.4981	0.4398	0.4036	-0.158	-0.159	-0.141	1
STUDY	500	[0.6959896507115135, 0.104, 0.7542043984476067, 0.121]	[0.2988357050452781, 0.262, 0.3350582147477361, 0.279]	no-link	answer-answer	0.4554	0.3972	0.3609	-0.158	-0.158	-0.141	1
STUDY	OF	[0.6959896507115135, 0.104, 0.7542043984476067, 0.121]	[0.47477360931435963, 0.509, 0.5032341526520052, 0.528]	no-link	answer-question	0.2794	0.2212	0.1928	-0.405	-0.407	-0.388	1
UTILIZING	BLACK	[0.4165588615782665, 0.106, 0.517464424320828, 0.125]	[0.5213454075032341, 0.104, 0.574385510996119, 0.122]	word-word	answer-answer	0.1578	-0.002	0.1048	-0.003	0.0039	0.016	1
UTILIZING	DESCRIPTION:	[0.4165588615782665, 0.106, 0.517464424320828, 0.125]	[0.06985769728331177, 0.107, 0.20051746442432083, 0.126]	no-link	answer-answer	0.4476	0.3467	0.216	-0.001	-0.001	0.018	1
UTILIZING	KMDP	[0.4165588615782665, 0.106, 0.517464424320828, 0.125]	[0.25485122897800777, 0.107, 0.3053040103492885, 0.124]	no-link	answer-answer	0.2626	0.1617	0.1113	-0.001	0.001	0.018	1
UTILIZING	ANALYSIS	[0.4165588615782665, 0.106, 0.517464424320828, 0.125]	[0.3169469598965071, 0.108, 0.407503234152652, 0.123]	no-link	answer-answer	0.2005	0.0996	0.0091	-0.002	0.002	0.017	1
UTILIZING	C.	[0.4165588615782665, 0.106, 0.517464424320828, 0.125]	[0.258732212160414, 0.177, 0.2807244501940492, 0.192]	no-link	answer-answer	0.2587	0.1578	0.1358	-0.071	-0.067	-0.052	1
UTILIZING	B.	[0.4165588615782665, 0.106, 0.517464424320828, 0.125]	[0.2820181112548512, 0.178, 0.3053040103492885, 0.192]	no-link	answer-answer	0.2354	0.1345	0.1113	-0.072	-0.067	-0.053	1
UTILIZING	MR	[0.4165588615782665, 0.106, 0.517464424320828, 0.125]	[0.07115135834411385, 0.179, 0.09831824062095731, 0.196]	no-link	answer-question	0.4463	0.3454	0.3182	-0.073	-0.071	-0.054	1
UTILIZING	Market	[0.4165588615782665, 0.106, 0.517464424320828, 0.125]	[0.258732212160414, 0.221, 0.33247089262613194, 0.235]	no-link	answer-answer	0.2587	0.1578	0.0841	-0.115	-0.11	-0.096	1
UTILIZING	SUPPLIER:	[0.4165588615782665, 0.106, 0.517464424320828, 0.125]	[0.06985769728331177, 0.224, 0.17076326002587322, 0.238]	no-link	answer-question	0.4476	0.3467	0.2458	-0.118	-0.113	-0.099	1
UTILIZING	(10-	[0.4165588615782665, 0.106, 0.517464424320828, 0.125]	[0.36610608020698576, 0.258, 0.4178525226390686, 0.277]	no-link	answer-answer	0.1514	0.0505	-0.0013	-0.152	-0.152	-0.133	1
UTILIZING	15-	[0.4165588615782665, 0.106, 0.517464424320828, 0.125]	[0.4165588615782665, 0.261, 0.445019404915912, 0.279]	no-link	answer-answer	0.1009	0.0	-0.0285	-0.155	-0.154	-0.136	1
UTILIZING	AUTHORIZED	[0.4165588615782665, 0.106, 0.517464424320828, 0.125]	[0.07115135834411385, 0.262, 0.18240620957309184, 0.277]	no-link	answer-question	0.4463	0.3454	0.2342	-0.156	-0.152	-0.137	1
UTILIZING	12,	[0.4165588615782665, 0.106, 0.517464424320828, 0.125]	[0.25614489003880986, 0.262, 0.2923673997412678, 0.28]	no-link	answer-answer	0.2613	0.1604	0.1242	-0.156	-0.155	-0.137	1
UTILIZING	500	[0.4165588615782665, 0.106, 0.517464424320828, 0.125]	[0.2988357050452781, 0.262, 0.3350582147477361, 0.279]	no-link	answer-answer	0.2186	0.1177	0.0815	-0.156	-0.154	-0.137	1
UTILIZING	OF	[0.4165588615782665, 0.106, 0.517464424320828, 0.125]	[0.47477360931435963, 0.509, 0.5032341526520052, 0.528]	no-link	answer-question	0.0427	-0.0582	-0.0867	-0.403	-0.403	-0.384	1
UTILIZING	PAID	[0.4165588615782665, 0.106, 0.517464424320828, 0.125]	[0.3777490297542044, 0.514, 0.4269081500646831, 0.528]	no-link	answer-question	0.1397	0.0388	-0.0103	-0.408	-0.403	-0.389	1
DESCRIPTION:	MR	[0.06985769728331177, 0.107, 0.20051746442432083, 0.126]	[0.07115135834411385, 0.179, 0.09831824062095731, 0.196]	line-line	question-question	0.0285	0.072	0.0013	0.07	-0.1294	0.089	1
DESCRIPTION:	KMDP	[0.06985769728331177, 0.107, 0.20051746442432083, 0.126]	[0.25485122897800777, 0.107, 0.3053040103492885, 0.124]	no-link	question-answer	-0.0543	-0.185	-0.2354	0.0	0.002	0.019	1
DESCRIPTION:	ANALYSIS	[0.06985769728331177, 0.107, 0.20051746442432083, 0.126]	[0.3169469598965071, 0.108, 0.407503234152652, 0.123]	no-link	question-answer	-0.1164	-0.2471	-0.3376	-0.001	0.003	0.018	1
DESCRIPTION:	C.	[0.06985769728331177, 0.107, 0.20051746442432083, 0.126]	[0.258732212160414, 0.177, 0.2807244501940492, 0.192]	no-link	question-answer	-0.0582	-0.1889	-0.2109	-0.07	-0.066	-0.051	1
DESCRIPTION:	B.	[0.06985769728331177, 0.107, 0.20051746442432083, 0.126]	[0.2820181112548512, 0.178, 0.3053040103492885, 0.192]	no-link	question-answer	-0.0815	-0.2122	-0.2354	-0.071	-0.066	-0.052	1
DESCRIPTION:	Market	[0.06985769728331177, 0.107, 0.20051746442432083, 0.126]	[0.258732212160414, 0.221, 0.33247089262613194, 0.235]	no-link	question-answer	-0.0582	-0.1889	-0.2626	-0.114	-0.109	-0.095	1
DESCRIPTION:	SUPPLIER:	[0.06985769728331177, 0.107, 0.20051746442432083, 0.126]	[0.06985769728331177, 0.224, 0.17076326002587322, 0.238]	no-link	question-question	0.1307	0.0	-0.1009	-0.117	-0.112	-0.098	1
DESCRIPTION:	(10-	[0.06985769728331177, 0.107, 0.20051746442432083, 0.126]	[0.36610608020698576, 0.258, 0.4178525226390686, 0.277]	no-link	question-answer	-0.1656	-0.2962	-0.348	-0.151	-0.151	-0.132	1
DESCRIPTION:	15-	[0.06985769728331177, 0.107, 0.20051746442432083, 0.126]	[0.4165588615782665, 0.261, 0.445019404915912, 0.279]	no-link	question-answer	-0.216	-0.3467	-0.3752	-0.154	-0.153	-0.135	1
DESCRIPTION:	AUTHORIZED	[0.06985769728331177, 0.107, 0.20051746442432083, 0.126]	[0.07115135834411385, 0.262, 0.18240620957309184, 0.277]	no-link	question-question	0.1294	-0.0013	-0.1125	-0.155	-0.151	-0.136	1
DESCRIPTION:	12,	[0.06985769728331177, 0.107, 0.20051746442432083, 0.126]	[0.25614489003880986, 0.262, 0.2923673997412678, 0.28]	no-link	question-answer	-0.0556	-0.1863	-0.2225	-0.155	-0.154	-0.136	1
DESCRIPTION:	500	[0.06985769728331177, 0.107, 0.20051746442432083, 0.126]	[0.2988357050452781, 0.262, 0.3350582147477361, 0.279]	no-link	question-answer	-0.0983	-0.229	-0.2652	-0.155	-0.153	-0.136	1
DESCRIPTION:	OF	[0.06985769728331177, 0.107, 0.20051746442432083, 0.126]	[0.47477360931435963, 0.509, 0.5032341526520052, 0.528]	no-link	question-question	-0.2743	-0.4049	-0.4334	-0.402	-0.402	-0.383	1
DESCRIPTION:	PAID	[0.06985769728331177, 0.107, 0.20051746442432083, 0.126]	[0.3777490297542044, 0.514, 0.4269081500646831, 0.528]	no-link	question-question	-0.1772	-0.3079	-0.3571	-0.407	-0.402	-0.388	1
DESCRIPTION:	OUT	[0.06985769728331177, 0.107, 0.20051746442432083, 0.126]	[0.4320827943078913, 0.514, 0.46571798188874514, 0.528]	no-link	question-question	-0.2316	-0.3622	-0.3959	-0.407	-0.402	-0.388	1
DESCRIPTION:	KMDP	[0.06985769728331177, 0.107, 0.20051746442432083, 0.126]	[0.25485122897800777, 0.107, 0.3053040103492885, 0.124]	question-answer	question-answer	0.2354	0.0	0.185	-0.002	0.0543	0.017	1
KMDP	ANALYSIS	[0.25485122897800777, 0.107, 0.3053040103492885, 0.124]	[0.3169469598965071, 0.108, 0.407503234152652, 0.123]	word-word	answer-answer	0.1527	0.001	0.0621	-0.001	0.0116	0.016	1
KMDP	C.	[0.25485122897800777, 0.107, 0.3053040103492885, 0.124]	[0.258732212160414, 0.177, 0.2807244501940492, 0.192]	no-link	answer-answer	0.0466	-0.0039	-0.0259	-0.07	-0.068	-0.053	1
KMDP	B.	[0.25485122897800777, 0.107, 0.3053040103492885, 0.124]	[0.2820181112548512, 0.178, 0.3053040103492885, 0.192]	no-link	answer-answer	0.0233	-0.0272	-0.0505	-0.071	-0.068	-0.054	1
KMDP	MR	[0.25485122897800777, 0.107, 0.3053040103492885, 0.124]	[0.07115135834411385, 0.179, 0.09831824062095731, 0.196]	no-link	answer-question	0.2342	0.1837	0.1565	-0.072	-0.072	-0.055	1
KMDP	Market	[0.25485122897800777, 0.107, 0.3053040103492885, 0.124]	[0.258732212160414, 0.221, 0.33247089262613194, 0.235]	no-link	answer-answer	0.0466	-0.0039	-0.0776	-0.114	-0.111	-0.097	1
KMDP	SUPPLIER:	[0.25485122897800777, 0.107, 0.3053040103492885, 0.124]	[0.06985769728331177, 0.224, 0.17076326002587322, 0.238]	no-link	answer-question	0.2354	0.185	0.0841	-0.117	-0.114	-0.1	1
KMDP	(10-	[0.25485122897800777, 0.107, 0.3053040103492885, 0.124]	[0.36610608020698576, 0.258, 0.4178525226390686, 0.277]	no-link	answer-answer	-0.0608	-0.1113	-0.163	-0.151	-0.153	-0.134	1
KMDP	15-	[0.25485122897800777, 0.107, 0.3053040103492885, 0.124]	[0.4165588615782665, 0.261, 0.445019404915912, 0.279]	no-link	answer-answer	-0.1113	-0.1617	-0.1902	-0.154	-0.155	-0.137	1
KMDP	AUTHORIZED	[0.25485122897800777, 0.107, 0.3053040103492885, 0.124]	[0.07115135834411385, 0.262, 0.18240620957309184, 0.277]	no-link	answer-question	0.2342	0.1837	0.0724	-0.155	-0.153	-0.138	1
KMDP	12,	[0.25485122897800777, 0.107, 0.3053040103492885, 0.124]	[0.25614489003880986, 0.262, 0.2923673997412678, 0.28]	no-link	answer-answer	0.0492	-0.0013	-0.0375	-0.155	-0.156	-0.138	1
KMDP	500	[0.25485122897800777, 0.107, 0.3053040103492885, 0.124]	[0.2988357050452781, 0.262, 0.3350582147477361, 0.279]	no-link	answer-answer	0.0065	-0.044	-0.0802	-0.155	-0.155	-0.138	1
KMDP	OF	[0.25485122897800777, 0.107, 0.3053040103492885, 0.124]	[0.47477360931435963, 0.509, 0.5032341526520052, 0.528]	no-link	answer-question	-0.1695	-0.2199	-0.2484	-0.402	-0.404	-0.385	1
KMDP	PAID	[0.25485122897800777, 0.107, 0.3053040103492885, 0.124]	[0.3777490297542044, 0.514, 0.4269081500646831, 0.528]	no-link	answer-question	-0.0724	-0.1229	-0.1721	-0.407	-0.404	-0.39	1
KMDP	OUT	[0.25485122897800777, 0.107, 0.3053040103492885, 0.124]	[0.4320827943078913, 0.514, 0.46571798188874514, 0.528]	no-link	answer-question	-0.1268	-0.1772	-0.2109	-0.407	-0.404	-0.39	1
KMDP	RELEASED	[0.25485122897800777, 0.107, 0.3053040103492885, 0.124]	[0.10090556274256145, 0.517, 0.19534282018111254, 0.53]	no-link	answer-question	0.2044	0.1539	0.0595	-0.41	-0.406	-0.393	1
ANALYSIS	UTILIZING	[0.3169469598965071, 0.108, 0.407503234152652, 0.123]	[0.4165588615782665, 0.106, 0.517464424320828, 0.125]	word-word	answer-answer	0.2005	-0.002	0.0996	0.002	0.0091	0.017	1
ANALYSIS	B.	[0.3169469598965071, 0.108, 0.407503234152652, 0.123]	[0.2820181112548512, 0.178, 0.3053040103492885, 0.192]	no-link	answer-answer	0.1255	0.0349	0.0116	-0.07	-0.069	-0.055	1
ANALYSIS	MR	[0.3169469598965071, 0.108, 0.407503234152652, 0.123]	[0.07115135834411385, 0.179, 0.09831824062095731, 0.196]	no-link	answer-question	0.3364	0.2458	0.2186	-0.071	-0.073	-0.056	1
ANALYSIS	Market	[0.3169469598965071, 0.108, 0.407503234152652, 0.123]	[0.258732212160414, 0.221, 0.33247089262613194, 0.235]	no-link	answer-answer	0.1488	0.0582	-0.0155	-0.113	-0.112	-0.098	1
ANALYSIS	SUPPLIER:	[0.3169469598965071, 0.108, 0.407503234152652, 0.123]	[0.06985769728331177, 0.224, 0.17076326002587322, 0.238]	no-link	answer-question	0.3376	0.2471	0.1462	-0.116	-0.115	-0.101	1
ANALYSIS	(10-	[0.3169469598965071, 0.108, 0.407503234152652, 0.123]	[0.36610608020698576, 0.258, 0.4178525226390686, 0.277]	no-link	answer-answer	0.0414	-0.0492	-0.1009	-0.15	-0.154	-0.135	1
ANALYSIS	15-	[0.3169469598965071, 0.108, 0.407503234152652, 0.123]	[0.4165588615782665, 0.261, 0.445019404915912, 0.279]	no-link	answer-answer	-0.0091	-0.0996	-0.1281	-0.153	-0.156	-0.138	1
ANALYSIS	AUTHORIZED	[0.3169469598965071, 0.108, 0.407503234152652, 0.123]	[0.07115135834411385, 0.262, 0.18240620957309184, 0.277]	no-link	answer-question	0.3364	0.2458	0.1345	-0.154	-0.154	-0.139	1
ANALYSIS	12,	[0.3169469598965071, 0.108, 0.407503234152652, 0.123]	[0.25614489003880986, 0.262, 0.2923673997412678, 0.28]	no-link	answer-answer	0.1514	0.0608	0.0246	-0.154	-0.157	-0.139	1
ANALYSIS	500	[0.3169469598965071, 0.108, 0.407503234152652, 0.123]	[0.2988357050452781, 0.262, 0.3350582147477361, 0.279]	no-link	answer-answer	0.1087	0.0181	-0.0181	-0.154	-0.156	-0.139	1
ANALYSIS	OF	[0.3169469598965071, 0.108, 0.407503234152652, 0.123]	[0.47477360931435963, 0.509, 0.5032341526520052, 0.528]	no-link	answer-question	-0.0673	-0.1578	-0.1863	-0.401	-0.405	-0.386	1
ANALYSIS	PAID	[0.3169469598965071, 0.108, 0.407503234152652, 0.123]	[0.3777490297542044, 0.514, 0.4269081500646831, 0.528]	no-link	answer-question	0.0298	-0.0608	-0.11	-0.406	-0.405	-0.391	1
ANALYSIS	OUT	[0.3169469598965071, 0.108, 0.407503234152652, 0.123]	[0.4320827943078913, 0.514, 0.46571798188874514, 0.528]	no-link	answer-question	-0.0246	-0.1151	-0.1488	-0.406	-0.405	-0.391	1
ANALYSIS	RELEASED	[0.3169469598965071, 0.108, 0.407503234152652, 0.123]	[0.10090556274256145, 0.517, 0.19534282018111254, 0.53]	no-link	answer-question	0.3066	0.216	0.1216	-0.409	-0.407	-0.394	1
C.	B.	[0.258732212160414, 0.177, 0.2807244501940492, 0.192]	[0.2820181112548512, 0.178, 0.3053040103492885, 0.192]	word-word	answer-answer	0.0466	0.001	0.0233	0.0	0.0013	0.015	2
C.	MR	[0.258732212160414, 0.177, 0.2807244501940492, 0.192]	[0.07115135834411385, 0.179, 0.09831824062095731, 0.196]	no-link	answer-question	0.2096	0.1876	0.1604	-0.002	-0.004	0.013	2
C.	Market	[0.258732212160414, 0.177, 0.2807244501940492, 0.192]	[0.258732212160414, 0.221, 0.33247089262613194, 0.235]	no-link	answer-answer	0.022	0.0	-0.0737	-0.044	-0.043	-0.029	2
C.	SUPPLIER:	[0.258732212160414, 0.177, 0.2807244501940492, 0.192]	[0.06985769728331177, 0.224, 0.17076326002587322, 0.238]	no-link	answer-question	0.2109	0.1889	0.088	-0.047	-0.046	-0.032	2
C.	(10-	[0.258732212160414, 0.177, 0.2807244501940492, 0.192]	[0.36610608020698576, 0.258, 0.4178525226390686, 0.277]	no-link	answer-answer	-0.0854	-0.1074	-0.1591	-0.081	-0.085	-0.066	2
C.	15-	[0.258732212160414, 0.177, 0.2807244501940492, 0.192]	[0.4165588615782665, 0.261, 0.445019404915912, 0.279]	no-link	answer-answer	-0.1358	-0.1578	-0.1863	-0.084	-0.087	-0.069	2
C.	AUTHORIZED	[0.258732212160414, 0.177, 0.2807244501940492, 0.192]	[0.07115135834411385, 0.262, 0.18240620957309184, 0.277]	no-link	answer-question	0.2096	0.1876	0.0763	-0.085	-0.085	-0.07	2
C.	12,	[0.258732212160414, 0.177, 0.2807244501940492, 0.192]	[0.25614489003880986, 0.262, 0.2923673997412678, 0.28]	no-link	answer-answer	0.0246	0.0026	-0.0336	-0.085	-0.088	-0.07	2
C.	500	[0.258732212160414, 0.177, 0.2807244501940492, 0.192]	[0.2988357050452781, 0.262, 0.3350582147477361, 0.279]	no-link	answer-answer	-0.0181	-0.0401	-0.0763	-0.085	-0.087	-0.07	2
C.	OF	[0.258732212160414, 0.177, 0.2807244501940492, 0.192]	[0.47477360931435963, 0.509, 0.5032341526520052, 0.528]	no-link	answer-question	-0.194	-0.216	-0.2445	-0.332	-0.336	-0.317	2
C.	PAID	[0.258732212160414, 0.177, 0.2807244501940492, 0.192]	[0.3777490297542044, 0.514, 0.4269081500646831, 0.528]	no-link	answer-question	-0.097	-0.119	-0.1682	-0.337	-0.336	-0.322	2
C.	OUT	[0.258732212160414, 0.177, 0.2807244501940492, 0.192]	[0.4320827943078913, 0.514, 0.46571798188874514, 0.528]	no-link	answer-question	-0.1514	-0.1734	-0.207	-0.337	-0.336	-0.322	2
C.	RELEASED	[0.258732212160414, 0.177, 0.2807244501940492, 0.192]	[0.10090556274256145, 0.517, 0.19534282018111254, 0.53]	no-link	answer-question	0.1798	0.1578	0.0634	-0.34	-0.338	-0.325	2
C.	1987	[0.258732212160414, 0.177, 0.2807244501940492, 0.192]	[0.3777490297542044, 0.531, 0.4294954721862872, 0.544]	no-link	answer-question	-0.097	-0.119	-0.1708	-0.354	-0.352	-0.339	2
B.	Pugh	[0.2820181112548512, 0.178, 0.3053040103492885, 0.192]	[0.3169469598965071, 0.18, 0.35963777490297544, 0.195]	word-word	answer-answer	0.0776	0.002	0.0349	0.003	0.0116	0.017	2
B.	MR	[0.2820181112548512, 0.178, 0.3053040103492885, 0.192]	[0.07115135834411385, 0.179, 0.09831824062095731, 0.196]	no-link	answer-question	0.2342	0.2109	0.1837	-0.001	-0.004	0.013	2
B.	Market	[0.2820181112548512, 0.178, 0.3053040103492885, 0.192]	[0.258732212160414, 0.221, 0.33247089262613194, 0.235]	no-link	answer-answer	0.0466	0.0233	-0.0505	-0.043	-0.043	-0.029	2
B.	SUPPLIER:	[0.2820181112548512, 0.178, 0.3053040103492885, 0.192]	[0.06985769728331177, 0.224, 0.17076326002587322, 0.238]	no-link	answer-question	0.2354	0.2122	0.1113	-0.046	-0.046	-0.032	2
B.	(10-	[0.2820181112548512, 0.178, 0.3053040103492885, 0.192]	[0.36610608020698576, 0.258, 0.4178525226390686, 0.277]	no-link	answer-answer	-0.0608	-0.0841	-0.1358	-0.08	-0.085	-0.066	2
B.	15-	[0.2820181112548512, 0.178, 0.3053040103492885, 0.192]	[0.4165588615782665, 0.261, 0.445019404915912, 0.279]	no-link	answer-answer	-0.1113	-0.1345	-0.163	-0.083	-0.087	-0.069	2
B.	AUTHORIZED	[0.2820181112548512, 0.178, 0.3053040103492885, 0.192]	[0.07115135834411385, 0.262, 0.18240620957309184, 0.277]	no-link	answer-question	0.2342	0.2109	0.0996	-0.084	-0.085	-0.07	2
B.	12,	[0.2820181112548512, 0.178, 0.3053040103492885, 0.192]	[0.25614489003880986, 0.262, 0.2923673997412678, 0.28]	no-link	answer-answer	0.0492	0.0259	-0.0103	-0.084	-0.088	-0.07	2
B.	500	[0.2820181112548512, 0.178, 0.3053040103492885, 0.192]	[0.2988357050452781, 0.262, 0.3350582147477361, 0.279]	no-link	answer-answer	0.0065	-0.0168	-0.053	-0.084	-0.087	-0.07	2
B.	OF	[0.2820181112548512, 0.178, 0.3053040103492885, 0.192]	[0.47477360931435963, 0.509, 0.5032341526520052, 0.528]	no-link	answer-question	-0.1695	-0.1928	-0.2212	-0.331	-0.336	-0.317	2
B.	PAID	[0.2820181112548512, 0.178, 0.3053040103492885, 0.192]	[0.3777490297542044, 0.514, 0.4269081500646831, 0.528]	no-link	answer-question	-0.0724	-0.0957	-0.1449	-0.336	-0.336	-0.322	2
B.	OUT	[0.2820181112548512, 0.178, 0.3053040103492885, 0.192]	[0.4320827943078913, 0.514, 0.46571798188874514, 0.528]	no-link	answer-question	-0.1268	-0.1501	-0.1837	-0.336	-0.336	-0.322	2
B.	RELEASED	[0.2820181112548512, 0.178, 0.3053040103492885, 0.192]	[0.10090556274256145, 0.517, 0.19534282018111254, 0.53]	no-link	answer-question	0.2044	0.1811	0.0867	-0.339	-0.338	-0.325	2
B.	1987	[0.2820181112548512, 0.178, 0.3053040103492885, 0.192]	[0.3777490297542044, 0.531, 0.4294954721862872, 0.544]	no-link	answer-question	-0.0724	-0.0957	-0.1475	-0.353	-0.352	-0.339	2
B.	TO	[0.2820181112548512, 0.178, 0.3053040103492885, 0.192]	[0.09702457956015524, 0.534, 0.129366106080207, 0.546]	no-link	answer-question	0.2083	0.185	0.1527	-0.356	-0.354	-0.342	2
MR	SUPPLIER:	[0.07115135834411385, 0.179, 0.09831824062095731, 0.196]	[0.06985769728331177, 0.224, 0.17076326002587322, 0.238]	line-line	question-question	0.0996	0.045	-0.0013	0.042	-0.0285	0.059	2
MR	Market	[0.07115135834411385, 0.179, 0.09831824062095731, 0.196]	[0.258732212160414, 0.221, 0.33247089262613194, 0.235]	no-link	question-answer	-0.1604	-0.1876	-0.2613	-0.042	-0.039	-0.025	2
MR	(10-	[0.07115135834411385, 0.179, 0.09831824062095731, 0.196]	[0.36610608020698576, 0.258, 0.4178525226390686, 0.277]	no-link	question-answer	-0.2678	-0.295	-0.3467	-0.079	-0.081	-0.062	2
MR	15-	[0.07115135834411385, 0.179, 0.09831824062095731, 0.196]	[0.4165588615782665, 0.261, 0.445019404915912, 0.279]	no-link	question-answer	-0.3182	-0.3454	-0.3739	-0.082	-0.083	-0.065	2
MR	AUTHORIZED	[0.07115135834411385, 0.179, 0.09831824062095731, 0.196]	[0.07115135834411385, 0.262, 0.18240620957309184, 0.277]	no-link	question-question	0.0272	0.0	-0.1113	-0.083	-0.081	-0.066	2
MR	12,	[0.07115135834411385, 0.179, 0.09831824062095731, 0.196]	[0.25614489003880986, 0.262, 0.2923673997412678, 0.28]	no-link	question-answer	-0.1578	-0.185	-0.2212	-0.083	-0.084	-0.066	2
MR	500	[0.07115135834411385, 0.179, 0.09831824062095731, 0.196]	[0.2988357050452781, 0.262, 0.3350582147477361, 0.279]	no-link	question-answer	-0.2005	-0.2277	-0.2639	-0.083	-0.083	-0.066	2
MR	OF	[0.07115135834411385, 0.179, 0.09831824062095731, 0.196]	[0.47477360931435963, 0.509, 0.5032341526520052, 0.528]	no-link	question-question	-0.3765	-0.4036	-0.4321	-0.33	-0.332	-0.313	2
MR	PAID	[0.07115135834411385, 0.179, 0.09831824062095731, 0.196]	[0.3777490297542044, 0.514, 0.4269081500646831, 0.528]	no-link	question-question	-0.2794	-0.3066	-0.3558	-0.335	-0.332	-0.318	2
MR	OUT	[0.07115135834411385, 0.179, 0.09831824062095731, 0.196]	[0.4320827943078913, 0.514, 0.46571798188874514, 0.528]	no-link	question-question	-0.3338	-0.3609	-0.3946	-0.335	-0.332	-0.318	2
MR	RELEASED	[0.07115135834411385, 0.179, 0.09831824062095731, 0.196]	[0.10090556274256145, 0.517, 0.19534282018111254, 0.53]	no-link	question-question	-0.0026	-0.0298	-0.1242	-0.338	-0.334	-0.321	2
MR	1987	[0.07115135834411385, 0.179, 0.09831824062095731, 0.196]	[0.3777490297542044, 0.531, 0.4294954721862872, 0.544]	no-link	question-question	-0.2794	-0.3066	-0.3583	-0.352	-0.348	-0.335	2
MR	TO	[0.07115135834411385, 0.179, 0.09831824062095731, 0.196]	[0.09702457956015524, 0.534, 0.129366106080207, 0.546]	no-link	question-question	0.0013	-0.0259	-0.0582	-0.355	-0.35	-0.338	2
MR	PERSONNEL:	[0.07115135834411385, 0.179, 0.09831824062095731, 0.196]	[0.10478654592496765, 0.179, 0.21345407503234154, 0.196]	word-word	question-question	0.1423	0.0	0.0336	0.0	0.0065	0.017	2
MR	C.	[0.07115135834411385, 0.179, 0.09831824062095731, 0.196]	[0.258732212160414, 0.177, 0.2807244501940492, 0.192]	question-answer	question-answer	0.2096	-0.002	0.1876	-0.004	0.1604	0.013	2
Market	Facts	[0.258732212160414, 0.221, 0.33247089262613194, 0.235]	[0.33764553686934023, 0.218, 0.3984476067270375, 0.235]	word-word	answer-answer	0.1397	-0.003	0.0789	0.0	0.0052	0.014	3
Market	SUPPLIER:	[0.258732212160414, 0.221, 0.33247089262613194, 0.235]	[0.06985769728331177, 0.224, 0.17076326002587322, 0.238]	no-link	answer-answer	0.2626	0.1889	0.088	-0.003	-0.003	0.011	3
Market	(10-	[0.258732212160414, 0.221, 0.33247089262613194, 0.235]	[0.36610608020698576, 0.258, 0.4178525226390686, 0.277]	no-link	answer-answer	-0.0336	-0.1074	-0.1591	-0.037	-0.042	-0.023	3
Market	15-	[0.258732212160414, 0.221, 0.33247089262613194, 0.235]	[0.4165588615782665, 0.261, 0.445019404915912, 0.279]	no-link	answer-answer	-0.0841	-0.1578	-0.1863	-0.04	-0.044	-0.026	3
Market	AUTHORIZED	[0.258732212160414, 0.221, 0.33247089262613194, 0.235]	[0.07115135834411385, 0.262, 0.18240620957309184, 0.277]	no-link	answer-question	0.2613	0.1876	0.0763	-0.041	-0.042	-0.027	3
Market	12,	[0.258732212160414, 0.221, 0.33247089262613194, 0.235]	[0.25614489003880986, 0.262, 0.2923673997412678, 0.28]	no-link	answer-answer	0.0763	0.0026	-0.0336	-0.041	-0.045	-0.027	3
Market	500	[0.258732212160414, 0.221, 0.33247089262613194, 0.235]	[0.2988357050452781, 0.262, 0.3350582147477361, 0.279]	no-link	answer-answer	0.0336	-0.0401	-0.0763	-0.041	-0.044	-0.027	3
Market	OF	[0.258732212160414, 0.221, 0.33247089262613194, 0.235]	[0.47477360931435963, 0.509, 0.5032341526520052, 0.528]	no-link	answer-question	-0.1423	-0.216	-0.2445	-0.288	-0.293	-0.274	3
Market	PAID	[0.258732212160414, 0.221, 0.33247089262613194, 0.235]	[0.3777490297542044, 0.514, 0.4269081500646831, 0.528]	no-link	answer-question	-0.0453	-0.119	-0.1682	-0.293	-0.293	-0.279	3
Market	OUT	[0.258732212160414, 0.221, 0.33247089262613194, 0.235]	[0.4320827943078913, 0.514, 0.46571798188874514, 0.528]	no-link	answer-question	-0.0996	-0.1734	-0.207	-0.293	-0.293	-0.279	3
Market	RELEASED	[0.258732212160414, 0.221, 0.33247089262613194, 0.235]	[0.10090556274256145, 0.517, 0.19534282018111254, 0.53]	no-link	answer-question	0.2316	0.1578	0.0634	-0.296	-0.295	-0.282	3
Market	1987	[0.258732212160414, 0.221, 0.33247089262613194, 0.235]	[0.3777490297542044, 0.531, 0.4294954721862872, 0.544]	no-link	answer-question	-0.0453	-0.119	-0.1708	-0.31	-0.309	-0.296	3
Market	TO	[0.258732212160414, 0.221, 0.33247089262613194, 0.235]	[0.09702457956015524, 0.534, 0.129366106080207, 0.546]	no-link	answer-question	0.2354	0.1617	0.1294	-0.313	-0.311	-0.299	3
SUPPLIER:	AUTHORIZED	[0.06985769728331177, 0.224, 0.17076326002587322, 0.238]	[0.07115135834411385, 0.262, 0.18240620957309184, 0.277]	line-line	question-question	0.1125	0.038	0.0013	0.039	-0.0996	0.053	3
SUPPLIER:	(10-	[0.06985769728331177, 0.224, 0.17076326002587322, 0.238]	[0.36610608020698576, 0.258, 0.4178525226390686, 0.277]	no-link	question-answer	-0.1953	-0.2962	-0.348	-0.034	-0.039	-0.02	3
SUPPLIER:	15-	[0.06985769728331177, 0.224, 0.17076326002587322, 0.238]	[0.4165588615782665, 0.261, 0.445019404915912, 0.279]	no-link	question-answer	-0.2458	-0.3467	-0.3752	-0.037	-0.041	-0.023	3
SUPPLIER:	12,	[0.06985769728331177, 0.224, 0.17076326002587322, 0.238]	[0.25614489003880986, 0.262, 0.2923673997412678, 0.28]	no-link	question-answer	-0.0854	-0.1863	-0.2225	-0.038	-0.042	-0.024	3
SUPPLIER:	500	[0.06985769728331177, 0.224, 0.17076326002587322, 0.238]	[0.2988357050452781, 0.262, 0.3350582147477361, 0.279]	no-link	question-answer	-0.1281	-0.229	-0.2652	-0.038	-0.041	-0.024	3
SUPPLIER:	OF	[0.06985769728331177, 0.224, 0.17076326002587322, 0.238]	[0.47477360931435963, 0.509, 0.5032341526520052, 0.528]	no-link	question-question	-0.304	-0.4049	-0.4334	-0.285	-0.29	-0.271	3
SUPPLIER:	PAID	[0.06985769728331177, 0.224, 0.17076326002587322, 0.238]	[0.3777490297542044, 0.514, 0.4269081500646831, 0.528]	no-link	question-question	-0.207	-0.3079	-0.3571	-0.29	-0.29	-0.276	3
SUPPLIER:	OUT	[0.06985769728331177, 0.224, 0.17076326002587322, 0.238]	[0.4320827943078913, 0.514, 0.46571798188874514, 0.528]	no-link	question-question	-0.2613	-0.3622	-0.3959	-0.29	-0.29	-0.276	3
SUPPLIER:	RELEASED	[0.06985769728331177, 0.224, 0.17076326002587322, 0.238]	[0.10090556274256145, 0.517, 0.19534282018111254, 0.53]	no-link	question-question	0.0699	-0.031	-0.1255	-0.293	-0.292	-0.279	3
SUPPLIER:	1987	[0.06985769728331177, 0.224, 0.17076326002587322, 0.238]	[0.3777490297542044, 0.531, 0.4294954721862872, 0.544]	no-link	question-question	-0.207	-0.3079	-0.3596	-0.307	-0.306	-0.293	3
SUPPLIER:	TO	[0.06985769728331177, 0.224, 0.17076326002587322, 0.238]	[0.09702457956015524, 0.534, 0.129366106080207, 0.546]	no-link	question-question	0.0737	-0.0272	-0.0595	-0.31	-0.308	-0.296	3
SUPPLIER:	Market	[0.06985769728331177, 0.224, 0.17076326002587322, 0.238]	[0.258732212160414, 0.221, 0.33247089262613194, 0.235]	question-answer	question-answer	0.2626	-0.003	0.1889	-0.003	0.088	0.011	3
(10-	15-	[0.36610608020698576, 0.258, 0.4178525226390686, 0.277]	[0.4165588615782665, 0.261, 0.445019404915912, 0.279]	word-word	answer-answer	0.0789	0.003	0.0505	0.002	-0.0013	0.021	4
(10-	AUTHORIZED	[0.36610608020698576, 0.258, 0.4178525226390686, 0.277]	[0.07115135834411385, 0.262, 0.18240620957309184, 0.277]	no-link	answer-question	0.3467	0.295	0.1837	-0.004	0.0	0.015	4
(10-	12,	[0.36610608020698576, 0.258, 0.4178525226390686, 0.277]	[0.25614489003880986, 0.262, 0.2923673997412678, 0.28]	no-link	answer-answer	0.1617	0.11	0.0737	-0.004	-0.003	0.015	4
(10-	500	[0.36610608020698576, 0.258, 0.4178525226390686, 0.277]	[0.2988357050452781, 0.262, 0.3350582147477361, 0.279]	no-link	answer-answer	0.119	0.0673	0.031	-0.004	-0.002	0.015	4
(10-	OF	[0.36610608020698576, 0.258, 0.4178525226390686, 0.277]	[0.47477360931435963, 0.509, 0.5032341526520052, 0.528]	no-link	answer-question	-0.0569	-0.1087	-0.1371	-0.251	-0.251	-0.232	4
(10-	PAID	[0.36610608020698576, 0.258, 0.4178525226390686, 0.277]	[0.3777490297542044, 0.514, 0.4269081500646831, 0.528]	no-link	answer-question	0.0401	-0.0116	-0.0608	-0.256	-0.251	-0.237	4
(10-	OUT	[0.36610608020698576, 0.258, 0.4178525226390686, 0.277]	[0.4320827943078913, 0.514, 0.46571798188874514, 0.528]	no-link	answer-question	-0.0142	-0.066	-0.0996	-0.256	-0.251	-0.237	4
(10-	RELEASED	[0.36610608020698576, 0.258, 0.4178525226390686, 0.277]	[0.10090556274256145, 0.517, 0.19534282018111254, 0.53]	no-link	answer-question	0.3169	0.2652	0.1708	-0.259	-0.253	-0.24	4
(10-	1987	[0.36610608020698576, 0.258, 0.4178525226390686, 0.277]	[0.3777490297542044, 0.531, 0.4294954721862872, 0.544]	no-link	answer-question	0.0401	-0.0116	-0.0634	-0.273	-0.267	-0.254	4
(10-	TO	[0.36610608020698576, 0.258, 0.4178525226390686, 0.277]	[0.09702457956015524, 0.534, 0.129366106080207, 0.546]	no-link	answer-question	0.3208	0.2691	0.2367	-0.276	-0.269	-0.257	4
15-	87)	[0.4165588615782665, 0.261, 0.445019404915912, 0.279]	[0.445019404915912, 0.262, 0.48124191461837, 0.276]	word-word	answer-answer	0.0647	0.001	0.0285	-0.003	0.0	0.015	4
15-	AUTHORIZED	[0.4165588615782665, 0.261, 0.445019404915912, 0.279]	[0.07115135834411385, 0.262, 0.18240620957309184, 0.277]	no-link	answer-question	0.3739	0.3454	0.2342	-0.001	0.002	0.017	4
15-	12,	[0.4165588615782665, 0.261, 0.445019404915912, 0.279]	[0.25614489003880986, 0.262, 0.2923673997412678, 0.28]	no-link	answer-answer	0.1889	0.1604	0.1242	-0.001	-0.001	0.017	4
15-	500	[0.4165588615782665, 0.261, 0.445019404915912, 0.279]	[0.2988357050452781, 0.262, 0.3350582147477361, 0.279]	no-link	answer-answer	0.1462	0.1177	0.0815	-0.001	0.0	0.017	4
15-	OF	[0.4165588615782665, 0.261, 0.445019404915912, 0.279]	[0.47477360931435963, 0.509, 0.5032341526520052, 0.528]	no-link	answer-question	-0.0298	-0.0582	-0.0867	-0.248	-0.249	-0.23	4
15-	PAID	[0.4165588615782665, 0.261, 0.445019404915912, 0.279]	[0.3777490297542044, 0.514, 0.4269081500646831, 0.528]	no-link	answer-question	0.0673	0.0388	-0.0103	-0.253	-0.249	-0.235	4
15-	OUT	[0.4165588615782665, 0.261, 0.445019404915912, 0.279]	[0.4320827943078913, 0.514, 0.46571798188874514, 0.528]	no-link	answer-question	0.0129	-0.0155	-0.0492	-0.253	-0.249	-0.235	4
15-	RELEASED	[0.4165588615782665, 0.261, 0.445019404915912, 0.279]	[0.10090556274256145, 0.517, 0.19534282018111254, 0.53]	no-link	answer-question	0.3441	0.3157	0.2212	-0.256	-0.251	-0.238	4
15-	1987	[0.4165588615782665, 0.261, 0.445019404915912, 0.279]	[0.3777490297542044, 0.531, 0.4294954721862872, 0.544]	no-link	answer-question	0.0673	0.0388	-0.0129	-0.27	-0.265	-0.252	4
15-	TO	[0.4165588615782665, 0.261, 0.445019404915912, 0.279]	[0.09702457956015524, 0.534, 0.129366106080207, 0.546]	no-link	answer-question	0.348	0.3195	0.2872	-0.273	-0.267	-0.255	4
AUTHORIZED	RELEASED	[0.07115135834411385, 0.262, 0.18240620957309184, 0.277]	[0.10090556274256145, 0.517, 0.19534282018111254, 0.53]	line-line	question-question	0.1242	0.255	0.0298	0.253	-0.0815	0.268	4
AUTHORIZED	12,	[0.07115135834411385, 0.262, 0.18240620957309184, 0.277]	[0.25614489003880986, 0.262, 0.2923673997412678, 0.28]	no-link	question-answer	-0.0737	-0.185	-0.2212	0.0	-0.003	0.015	4
AUTHORIZED	500	[0.07115135834411385, 0.262, 0.18240620957309184, 0.277]	[0.2988357050452781, 0.262, 0.3350582147477361, 0.279]	no-link	question-answer	-0.1164	-0.2277	-0.2639	0.0	-0.002	0.015	4
AUTHORIZED	OF	[0.07115135834411385, 0.262, 0.18240620957309184, 0.277]	[0.47477360931435963, 0.509, 0.5032341526520052, 0.528]	no-link	question-question	-0.2924	-0.4036	-0.4321	-0.247	-0.251	-0.232	4
AUTHORIZED	PAID	[0.07115135834411385, 0.262, 0.18240620957309184, 0.277]	[0.3777490297542044, 0.514, 0.4269081500646831, 0.528]	no-link	question-question	-0.1953	-0.3066	-0.3558	-0.252	-0.251	-0.237	4
AUTHORIZED	OUT	[0.07115135834411385, 0.262, 0.18240620957309184, 0.277]	[0.4320827943078913, 0.514, 0.46571798188874514, 0.528]	no-link	question-question	-0.2497	-0.3609	-0.3946	-0.252	-0.251	-0.237	4
AUTHORIZED	1987	[0.07115135834411385, 0.262, 0.18240620957309184, 0.277]	[0.3777490297542044, 0.531, 0.4294954721862872, 0.544]	no-link	question-question	-0.1953	-0.3066	-0.3583	-0.269	-0.267	-0.254	4
AUTHORIZED	TO	[0.07115135834411385, 0.262, 0.18240620957309184, 0.277]	[0.09702457956015524, 0.534, 0.129366106080207, 0.546]	no-link	question-question	0.0854	-0.0259	-0.0582	-0.272	-0.269	-0.257	4
AUTHORIZED	COST:	[0.07115135834411385, 0.262, 0.18240620957309184, 0.277]	[0.1888745148771022, 0.262, 0.25097024579560157, 0.279]	word-word	question-question	0.1798	0.0	0.1177	0.002	0.0065	0.017	4
AUTHORIZED	12,	[0.07115135834411385, 0.262, 0.18240620957309184, 0.277]	[0.25614489003880986, 0.262, 0.2923673997412678, 0.28]	question-answer	question-answer	0.2212	0.0	0.185	0.003	0.0737	0.018	4
12,	500	[0.25614489003880986, 0.262, 0.2923673997412678, 0.28]	[0.2988357050452781, 0.262, 0.3350582147477361, 0.279]	word-word	answer-answer	0.0789	0.0	0.0427	-0.001	0.0065	0.017	4
12,	OF	[0.25614489003880986, 0.262, 0.2923673997412678, 0.28]	[0.47477360931435963, 0.509, 0.5032341526520052, 0.528]	no-link	answer-question	-0.1824	-0.2186	-0.2471	-0.247	-0.248	-0.229	4
12,	PAID	[0.25614489003880986, 0.262, 0.2923673997412678, 0.28]	[0.3777490297542044, 0.514, 0.4269081500646831, 0.528]	no-link	answer-question	-0.0854	-0.1216	-0.1708	-0.252	-0.248	-0.234	4
12,	OUT	[0.25614489003880986, 0.262, 0.2923673997412678, 0.28]	[0.4320827943078913, 0.514, 0.46571798188874514, 0.528]	no-link	answer-question	-0.1397	-0.1759	-0.2096	-0.252	-0.248	-0.234	4
12,	RELEASED	[0.25614489003880986, 0.262, 0.2923673997412678, 0.28]	[0.10090556274256145, 0.517, 0.19534282018111254, 0.53]	no-link	answer-question	0.1915	0.1552	0.0608	-0.255	-0.25	-0.237	4
12,	1987	[0.25614489003880986, 0.262, 0.2923673997412678, 0.28]	[0.3777490297542044, 0.531, 0.4294954721862872, 0.544]	no-link	answer-question	-0.0854	-0.1216	-0.1734	-0.269	-0.264	-0.251	4
12,	TO	[0.25614489003880986, 0.262, 0.2923673997412678, 0.28]	[0.09702457956015524, 0.534, 0.129366106080207, 0.546]	no-link	answer-question	0.1953	0.1591	0.1268	-0.272	-0.266	-0.254	4
500	(10-	[0.2988357050452781, 0.262, 0.3350582147477361, 0.279]	[0.36610608020698576, 0.258, 0.4178525226390686, 0.277]	word-word	answer-answer	0.119	-0.004	0.0673	-0.002	0.031	0.015	4
500	PAID	[0.2988357050452781, 0.262, 0.3350582147477361, 0.279]	[0.3777490297542044, 0.514, 0.4269081500646831, 0.528]	no-link	answer-question	-0.0427	-0.0789	-0.1281	-0.252	-0.249	-0.235	4
500	OUT	[0.2988357050452781, 0.262, 0.3350582147477361, 0.279]	[0.4320827943078913, 0.514, 0.46571798188874514, 0.528]	no-link	answer-question	-0.097	-0.1332	-0.1669	-0.252	-0.249	-0.235	4
500	RELEASED	[0.2988357050452781, 0.262, 0.3350582147477361, 0.279]	[0.10090556274256145, 0.517, 0.19534282018111254, 0.53]	no-link	answer-question	0.2342	0.1979	0.1035	-0.255	-0.251	-0.238	4
500	1987	[0.2988357050452781, 0.262, 0.3350582147477361, 0.279]	[0.3777490297542044, 0.531, 0.4294954721862872, 0.544]	no-link	answer-question	-0.0427	-0.0789	-0.1307	-0.269	-0.265	-0.252	4
500	TO	[0.2988357050452781, 0.262, 0.3350582147477361, 0.279]	[0.09702457956015524, 0.534, 0.129366106080207, 0.546]	no-link	answer-question	0.238	0.2018	0.1695	-0.272	-0.267	-0.255	4
OF	1987	[0.47477360931435963, 0.509, 0.5032341526520052, 0.528]	[0.3777490297542044, 0.531, 0.4294954721862872, 0.544]	word-word	question-question	-0.0453	0.022	-0.097	0.016	-0.1255	0.035	5
OF	OUT	[0.47477360931435963, 0.509, 0.5032341526520052, 0.528]	[0.4320827943078913, 0.514, 0.46571798188874514, 0.528]	no-link	question-question	0.0712	0.0427	0.0091	-0.005	0.0	0.014	5
OF	PAID	[0.47477360931435963, 0.509, 0.5032341526520052, 0.528]	[0.3777490297542044, 0.514, 0.4269081500646831, 0.528]	no-link	question-answer	0.1255	0.097	0.0479	-0.005	0.0	0.014	5
OF	RELEASED	[0.47477360931435963, 0.509, 0.5032341526520052, 0.528]	[0.10090556274256145, 0.517, 0.19534282018111254, 0.53]	no-link	question-question	0.4023	0.3739	0.2794	-0.008	-0.002	0.011	5
OF	TO	[0.47477360931435963, 0.509, 0.5032341526520052, 0.528]	[0.09702457956015524, 0.534, 0.129366106080207, 0.546]	no-link	question-question	0.4062	0.3777	0.3454	-0.025	-0.018	-0.006	5
PAID	OUT	[0.3777490297542044, 0.514, 0.4269081500646831, 0.528]	[0.4320827943078913, 0.514, 0.46571798188874514, 0.528]	word-word	question-question	0.088	0.0	0.0543	0.0	0.0052	0.014	5
PAID	RELEASED	[0.3777490297542044, 0.514, 0.4269081500646831, 0.528]	[0.10090556274256145, 0.517, 0.19534282018111254, 0.53]	no-link	question-question	0.326	0.2768	0.1824	-0.003	-0.002	0.011	5
PAID	1987	[0.3777490297542044, 0.514, 0.4269081500646831, 0.528]	[0.3777490297542044, 0.531, 0.4294954721862872, 0.544]	no-link	question-question	0.0492	0.0	-0.0517	-0.017	-0.016	-0.003	5
PAID	TO	[0.3777490297542044, 0.514, 0.4269081500646831, 0.528]	[0.09702457956015524, 0.534, 0.129366106080207, 0.546]	no-link	question-question	0.3299	0.2807	0.2484	-0.02	-0.018	-0.006	5
OUT	OF	[0.4320827943078913, 0.514, 0.46571798188874514, 0.528]	[0.47477360931435963, 0.509, 0.5032341526520052, 0.528]	word-word	question-question	0.0712	-0.005	0.0427	0.0	0.0091	0.014	5
OUT	RELEASED	[0.4320827943078913, 0.514, 0.46571798188874514, 0.528]	[0.10090556274256145, 0.517, 0.19534282018111254, 0.53]	no-link	question-question	0.3648	0.3312	0.2367	-0.003	-0.002	0.011	5
OUT	1987	[0.4320827943078913, 0.514, 0.46571798188874514, 0.528]	[0.3777490297542044, 0.531, 0.4294954721862872, 0.544]	no-link	question-question	0.088	0.0543	0.0026	-0.017	-0.016	-0.003	5
OUT	TO	[0.4320827943078913, 0.514, 0.46571798188874514, 0.528]	[0.09702457956015524, 0.534, 0.129366106080207, 0.546]	no-link	question-question	0.3687	0.3351	0.3027	-0.02	-0.018	-0.006	5
PAID	JAN	[0.3777490297542044, 0.514, 0.4269081500646831, 0.528]	[0.2522639068564036, 0.568, 0.2936610608020699, 0.583]	question-answer	question-answer	-0.0841	0.054	-0.1255	0.055	-0.1746	0.069	5
RELEASED	PAID	[0.10090556274256145, 0.517, 0.19534282018111254, 0.53]	[0.3777490297542044, 0.514, 0.4269081500646831, 0.528]	question-question	question-question	0.326	-0.003	0.2768	-0.002	0.1824	0.011	5
RELEASED	1987	[0.10090556274256145, 0.517, 0.19534282018111254, 0.53]	[0.3777490297542044, 0.531, 0.4294954721862872, 0.544]	no-link	question-question	-0.1824	-0.2768	-0.3286	-0.014	-0.014	-0.001	5
RELEASED	TO	[0.10090556274256145, 0.517, 0.19534282018111254, 0.53]	[0.09702457956015524, 0.534, 0.129366106080207, 0.546]	no-link	question-question	0.0983	0.0039	-0.0285	-0.017	-0.016	-0.004	5
RELEASED	TO	[0.10090556274256145, 0.517, 0.19534282018111254, 0.53]	[0.09702457956015524, 0.534, 0.129366106080207, 0.546]	word-word	question-question	0.0285	0.017	-0.0039	0.016	-0.0983	0.029	5
1987	BUDGET	[0.3777490297542044, 0.531, 0.4294954721862872, 0.544]	[0.4359637774902975, 0.527, 0.49805950840879687, 0.548]	word-word	question-question	0.1203	-0.004	0.0582	0.004	0.0065	0.017	5
TO	ACCTG	[0.09702457956015524, 0.534, 0.129366106080207, 0.546]	[0.1371280724450194, 0.534, 0.19146183699870634, 0.551]	word-word	question-question	0.0944	0.0	0.0401	0.005	0.0078	0.017	5
