		[0.7362204724409449, 0.012, 0.847769028871391, 0.052]	[0.7283464566929134, 0.042, 0.7480314960629921, 0.07]	word-word	header-header	0.0118	0.03	-0.0079	0.018	-0.1194	0.058	0
	WILLIAMSON	[0.7362204724409449, 0.012, 0.847769028871391, 0.052]	[0.2769028871391076, 0.035, 0.3963254593175853, 0.052]	no-link	header-header	0.5709	0.4593	0.3399	-0.023	0.0	0.017	0
	&	[0.7362204724409449, 0.012, 0.847769028871391, 0.052]	[0.2572178477690289, 0.037, 0.2742782152230971, 0.052]	no-link	header-header	0.5906	0.479	0.4619	-0.025	0.0	0.015	0
	BROWN	[0.7362204724409449, 0.012, 0.847769028871391, 0.052]	[0.19160104986876642, 0.038, 0.2572178477690289, 0.051]	no-link	header-header	0.6562	0.5446	0.479	-0.026	0.001	0.014	0
	TOBACCO	[0.7362204724409449, 0.012, 0.847769028871391, 0.052]	[0.19160104986876642, 0.053, 0.2782152230971129, 0.066]	no-link	header-header	0.6562	0.5446	0.458	-0.041	-0.014	-0.001	0
	CORPORATION	[0.7362204724409449, 0.012, 0.847769028871391, 0.052]	[0.2795275590551181, 0.053, 0.410761154855643, 0.065]	no-link	header-header	0.5682	0.4567	0.3255	-0.041	-0.013	-0.001	0
	JOB	[0.7362204724409449, 0.012, 0.847769028871391, 0.052]	[0.06955380577427822, 0.121, 0.10498687664041995, 0.138]	no-link	header-question	0.7782	0.6667	0.6312	-0.109	-0.086	-0.069	0
	BRAND	[0.7362204724409449, 0.012, 0.847769028871391, 0.052]	[0.06561679790026247, 0.159, 0.1325459317585302, 0.176]	no-link	header-question	0.7822	0.6706	0.6037	-0.147	-0.124	-0.107	0
	KOOL	[0.7362204724409449, 0.012, 0.847769028871391, 0.052]	[0.15223097112860892, 0.159, 0.2047244094488189, 0.174]	no-link	header-answer	0.6955	0.584	0.5315	-0.147	-0.122	-0.107	0
	Ad-	[0.7362204724409449, 0.012, 0.847769028871391, 0.052]	[0.3858267716535433, 0.196, 0.42913385826771655, 0.213]	no-link	header-answer	0.4619	0.3504	0.3071	-0.184	-0.161	-0.144	0
	Program	[0.7362204724409449, 0.012, 0.847769028871391, 0.052]	[0.31627296587926507, 0.198, 0.38188976377952755, 0.211]	no-link	header-answer	0.5315	0.4199	0.3543	-0.186	-0.159	-0.146	0
	DESCRIPTION	[0.7362204724409449, 0.012, 0.847769028871391, 0.052]	[0.06955380577427822, 0.199, 0.18766404199475065, 0.214]	no-link	header-question	0.7782	0.6667	0.5486	-0.187	-0.162	-0.147	0
	Passport	[0.7362204724409449, 0.012, 0.847769028871391, 0.052]	[0.19028871391076116, 0.199, 0.2637795275590551, 0.212]	no-link	header-answer	0.6575	0.5459	0.4724	-0.187	-0.16	-0.147	0
	Winter	[0.7362204724409449, 0.012, 0.847769028871391, 0.052]	[0.2664041994750656, 0.199, 0.3188976377952756, 0.212]	no-link	header-answer	0.5814	0.4698	0.4173	-0.187	-0.16	-0.147	0
		[0.6587926509186351, 0.018, 0.7939632545931758, 0.051]	[0.7362204724409449, 0.012, 0.847769028871391, 0.052]	word-word	header-header	0.189	-0.006	0.0774	0.001	-0.0577	0.034	0
	DATE	[0.6587926509186351, 0.018, 0.7939632545931758, 0.051]	[0.06692913385826772, 0.239, 0.12335958005249344, 0.251]	no-link	header-question	0.727	0.5919	0.5354	-0.221	-0.2	-0.188	0
WILLIAMSON	TOBACCO	[0.2769028871391076, 0.035, 0.3963254593175853, 0.052]	[0.19160104986876642, 0.053, 0.2782152230971129, 0.066]	word-word	header-header	0.0013	0.018	-0.0853	0.014	-0.2047	0.031	0
WILLIAMSON	BROWN	[0.2769028871391076, 0.035, 0.3963254593175853, 0.052]	[0.19160104986876642, 0.038, 0.2572178477690289, 0.051]	no-link	header-header	0.2047	0.0853	0.0197	-0.003	0.001	0.014	0
WILLIAMSON		[0.2769028871391076, 0.035, 0.3963254593175853, 0.052]	[0.7283464566929134, 0.042, 0.7480314960629921, 0.07]	no-link	header-header	-0.332	-0.4514	-0.4711	-0.007	-0.018	0.01	0
WILLIAMSON	CORPORATION	[0.2769028871391076, 0.035, 0.3963254593175853, 0.052]	[0.2795275590551181, 0.053, 0.410761154855643, 0.065]	no-link	header-header	0.1168	-0.0026	-0.1339	-0.018	-0.013	-0.001	0
WILLIAMSON	JOB	[0.2769028871391076, 0.035, 0.3963254593175853, 0.052]	[0.06955380577427822, 0.121, 0.10498687664041995, 0.138]	no-link	header-question	0.3268	0.2073	0.1719	-0.086	-0.086	-0.069	0
WILLIAMSON	BRAND	[0.2769028871391076, 0.035, 0.3963254593175853, 0.052]	[0.06561679790026247, 0.159, 0.1325459317585302, 0.176]	no-link	header-question	0.3307	0.2113	0.1444	-0.124	-0.124	-0.107	0
WILLIAMSON	KOOL	[0.2769028871391076, 0.035, 0.3963254593175853, 0.052]	[0.15223097112860892, 0.159, 0.2047244094488189, 0.174]	no-link	header-answer	0.2441	0.1247	0.0722	-0.124	-0.122	-0.107	0
WILLIAMSON	Ad-	[0.2769028871391076, 0.035, 0.3963254593175853, 0.052]	[0.3858267716535433, 0.196, 0.42913385826771655, 0.213]	no-link	header-answer	0.0105	-0.1089	-0.1522	-0.161	-0.161	-0.144	0
WILLIAMSON	Program	[0.2769028871391076, 0.035, 0.3963254593175853, 0.052]	[0.31627296587926507, 0.198, 0.38188976377952755, 0.211]	no-link	header-answer	0.0801	-0.0394	-0.105	-0.163	-0.159	-0.146	0
WILLIAMSON	DESCRIPTION	[0.2769028871391076, 0.035, 0.3963254593175853, 0.052]	[0.06955380577427822, 0.199, 0.18766404199475065, 0.214]	no-link	header-question	0.3268	0.2073	0.0892	-0.164	-0.162	-0.147	0
WILLIAMSON	Passport	[0.2769028871391076, 0.035, 0.3963254593175853, 0.052]	[0.19028871391076116, 0.199, 0.2637795275590551, 0.212]	no-link	header-answer	0.206	0.0866	0.0131	-0.164	-0.16	-0.147	0
WILLIAMSON	Winter	[0.2769028871391076, 0.035, 0.3963254593175853, 0.052]	[0.2664041994750656, 0.199, 0.3188976377952756, 0.212]	no-link	header-answer	0.1299	0.0105	-0.042	-0.164	-0.16	-0.147	0
WILLIAMSON	DATE	[0.2769028871391076, 0.035, 0.3963254593175853, 0.052]	[0.06692913385826772, 0.239, 0.12335958005249344, 0.251]	no-link	header-question	0.3294	0.21	0.1535	-0.204	-0.199	-0.187	0
&	WILLIAMSON	[0.2572178477690289, 0.037, 0.2742782152230971, 0.052]	[0.2769028871391076, 0.035, 0.3963254593175853, 0.052]	word-word	header-header	0.1391	-0.002	0.0197	0.0	0.0026	0.015	0
&	BROWN	[0.2572178477690289, 0.037, 0.2742782152230971, 0.052]	[0.19160104986876642, 0.038, 0.2572178477690289, 0.051]	no-link	header-question	0.0827	0.0656	0.0	-0.001	0.001	0.014	0
&		[0.2572178477690289, 0.037, 0.2742782152230971, 0.052]	[0.7283464566929134, 0.042, 0.7480314960629921, 0.07]	no-link	header-header	-0.4541	-0.4711	-0.4908	-0.005	-0.018	0.01	0
&	TOBACCO	[0.2572178477690289, 0.037, 0.2742782152230971, 0.052]	[0.19160104986876642, 0.053, 0.2782152230971129, 0.066]	no-link	header-header	0.0827	0.0656	-0.021	-0.016	-0.014	-0.001	0
&	CORPORATION	[0.2572178477690289, 0.037, 0.2742782152230971, 0.052]	[0.2795275590551181, 0.053, 0.410761154855643, 0.065]	no-link	header-header	-0.0052	-0.0223	-0.1535	-0.016	-0.013	-0.001	0
&	JOB	[0.2572178477690289, 0.037, 0.2742782152230971, 0.052]	[0.06955380577427822, 0.121, 0.10498687664041995, 0.138]	no-link	header-question	0.2047	0.1877	0.1522	-0.084	-0.086	-0.069	0
&	BRAND	[0.2572178477690289, 0.037, 0.2742782152230971, 0.052]	[0.06561679790026247, 0.159, 0.1325459317585302, 0.176]	no-link	header-question	0.2087	0.1916	0.1247	-0.122	-0.124	-0.107	0
&	KOOL	[0.2572178477690289, 0.037, 0.2742782152230971, 0.052]	[0.15223097112860892, 0.159, 0.2047244094488189, 0.174]	no-link	header-answer	0.122	0.105	0.0525	-0.122	-0.122	-0.107	0
&	Ad-	[0.2572178477690289, 0.037, 0.2742782152230971, 0.052]	[0.3858267716535433, 0.196, 0.42913385826771655, 0.213]	no-link	header-answer	-0.1115	-0.1286	-0.1719	-0.159	-0.161	-0.144	0
&	Program	[0.2572178477690289, 0.037, 0.2742782152230971, 0.052]	[0.31627296587926507, 0.198, 0.38188976377952755, 0.211]	no-link	header-answer	-0.042	-0.0591	-0.1247	-0.161	-0.159	-0.146	0
&	DESCRIPTION	[0.2572178477690289, 0.037, 0.2742782152230971, 0.052]	[0.06955380577427822, 0.199, 0.18766404199475065, 0.214]	no-link	header-question	0.2047	0.1877	0.0696	-0.162	-0.162	-0.147	0
&	Passport	[0.2572178477690289, 0.037, 0.2742782152230971, 0.052]	[0.19028871391076116, 0.199, 0.2637795275590551, 0.212]	no-link	header-answer	0.084	0.0669	-0.0066	-0.162	-0.16	-0.147	0
&	Winter	[0.2572178477690289, 0.037, 0.2742782152230971, 0.052]	[0.2664041994750656, 0.199, 0.3188976377952756, 0.212]	no-link	header-answer	0.0079	-0.0092	-0.0617	-0.162	-0.16	-0.147	0
&	DATE	[0.2572178477690289, 0.037, 0.2742782152230971, 0.052]	[0.06692913385826772, 0.239, 0.12335958005249344, 0.251]	no-link	header-question	0.2073	0.1903	0.1339	-0.202	-0.199	-0.187	0
&	SQ.	[0.2572178477690289, 0.037, 0.2742782152230971, 0.052]	[0.06955380577427822, 0.276, 0.0984251968503937, 0.293]	no-link	header-question	0.2047	0.1877	0.1588	-0.239	-0.241	-0.224	0
BROWN		[0.19160104986876642, 0.038, 0.2572178477690289, 0.051]	[0.6587926509186351, 0.018, 0.7939632545931758, 0.051]	header-header	header-header	0.6024	-0.02	0.4672	0.0	0.4016	0.013	0
BROWN	TOBACCO	[0.19160104986876642, 0.038, 0.2572178477690289, 0.051]	[0.19160104986876642, 0.053, 0.2782152230971129, 0.066]	no-link	header-header	0.0656	0.0	-0.0866	-0.015	-0.015	-0.002	0
BROWN	CORPORATION	[0.19160104986876642, 0.038, 0.2572178477690289, 0.051]	[0.2795275590551181, 0.053, 0.410761154855643, 0.065]	no-link	header-header	-0.0223	-0.0879	-0.2192	-0.015	-0.014	-0.002	0
BROWN	JOB	[0.19160104986876642, 0.038, 0.2572178477690289, 0.051]	[0.06955380577427822, 0.121, 0.10498687664041995, 0.138]	no-link	header-question	0.1877	0.122	0.0866	-0.083	-0.087	-0.07	0
BROWN	BRAND	[0.19160104986876642, 0.038, 0.2572178477690289, 0.051]	[0.06561679790026247, 0.159, 0.1325459317585302, 0.176]	no-link	header-question	0.1916	0.126	0.0591	-0.121	-0.125	-0.108	0
BROWN	KOOL	[0.19160104986876642, 0.038, 0.2572178477690289, 0.051]	[0.15223097112860892, 0.159, 0.2047244094488189, 0.174]	no-link	header-answer	0.105	0.0394	-0.0131	-0.121	-0.123	-0.108	0
BROWN	Ad-	[0.19160104986876642, 0.038, 0.2572178477690289, 0.051]	[0.3858267716535433, 0.196, 0.42913385826771655, 0.213]	no-link	header-answer	-0.1286	-0.1942	-0.2375	-0.158	-0.162	-0.145	0
BROWN	Program	[0.19160104986876642, 0.038, 0.2572178477690289, 0.051]	[0.31627296587926507, 0.198, 0.38188976377952755, 0.211]	no-link	header-answer	-0.0591	-0.1247	-0.1903	-0.16	-0.16	-0.147	0
BROWN	DESCRIPTION	[0.19160104986876642, 0.038, 0.2572178477690289, 0.051]	[0.06955380577427822, 0.199, 0.18766404199475065, 0.214]	no-link	header-question	0.1877	0.122	0.0039	-0.161	-0.163	-0.148	0
BROWN	Passport	[0.19160104986876642, 0.038, 0.2572178477690289, 0.051]	[0.19028871391076116, 0.199, 0.2637795275590551, 0.212]	no-link	header-answer	0.0669	0.0013	-0.0722	-0.161	-0.161	-0.148	0
BROWN	Winter	[0.19160104986876642, 0.038, 0.2572178477690289, 0.051]	[0.2664041994750656, 0.199, 0.3188976377952756, 0.212]	no-link	header-answer	-0.0092	-0.0748	-0.1273	-0.161	-0.161	-0.148	0
BROWN	DATE	[0.19160104986876642, 0.038, 0.2572178477690289, 0.051]	[0.06692913385826772, 0.239, 0.12335958005249344, 0.251]	no-link	header-question	0.1903	0.1247	0.0682	-0.201	-0.2	-0.188	0
BROWN	SQ.	[0.19160104986876642, 0.038, 0.2572178477690289, 0.051]	[0.06955380577427822, 0.276, 0.0984251968503937, 0.293]	no-link	header-question	0.1877	0.122	0.0932	-0.238	-0.242	-0.225	0
BROWN	JOB	[0.19160104986876642, 0.038, 0.2572178477690289, 0.051]	[0.06955380577427822, 0.121, 0.10498687664041995, 0.138]	line-line	header-question	-0.0866	0.083	-0.122	0.087	-0.1877	0.1	0
BROWN	&	[0.19160104986876642, 0.038, 0.2572178477690289, 0.051]	[0.2572178477690289, 0.037, 0.2742782152230971, 0.052]	word-word	header-header	0.0827	-0.001	0.0656	0.001	0.0	0.014	0
BROWN	sq	[0.19160104986876642, 0.038, 0.2572178477690289, 0.051]	[0.2926509186351706, 0.276, 0.31627296587926507, 0.291]	no-link	header-answer	-0.0354	-0.101	-0.1247	-0.238	-0.24	-0.225	0
	INC	[0.7283464566929134, 0.042, 0.7480314960629921, 0.07]	[0.8412073490813649, 0.047, 0.8608923884514436, 0.07]	word-word	header-header	0.1325	0.005	0.1129	0.0	0.0932	0.028	0
	SQ.	[0.7283464566929134, 0.042, 0.7480314960629921, 0.07]	[0.06955380577427822, 0.276, 0.0984251968503937, 0.293]	no-link	header-question	0.6785	0.6588	0.6299	-0.234	-0.223	-0.206	0
	sq	[0.7283464566929134, 0.042, 0.7480314960629921, 0.07]	[0.2926509186351706, 0.276, 0.31627296587926507, 0.291]	no-link	header-answer	0.4554	0.4357	0.4121	-0.234	-0.221	-0.206	0
	7.96875	[0.7283464566929134, 0.042, 0.7480314960629921, 0.07]	[0.22703412073490814, 0.277, 0.29658792650918636, 0.29]	no-link	header-answer	0.521	0.5013	0.4318	-0.235	-0.22	-0.207	0
TOBACCO	CORPORATION	[0.19160104986876642, 0.053, 0.2782152230971129, 0.066]	[0.2795275590551181, 0.053, 0.410761154855643, 0.065]	word-word	header-header	0.2192	0.0	0.0879	-0.001	0.0013	0.012	0
TOBACCO	JOB	[0.19160104986876642, 0.053, 0.2782152230971129, 0.066]	[0.06955380577427822, 0.121, 0.10498687664041995, 0.138]	no-link	header-question	0.2087	0.122	0.0866	-0.068	-0.072	-0.055	0
TOBACCO	BRAND	[0.19160104986876642, 0.053, 0.2782152230971129, 0.066]	[0.06561679790026247, 0.159, 0.1325459317585302, 0.176]	no-link	header-question	0.2126	0.126	0.0591	-0.106	-0.11	-0.093	0
TOBACCO	KOOL	[0.19160104986876642, 0.053, 0.2782152230971129, 0.066]	[0.15223097112860892, 0.159, 0.2047244094488189, 0.174]	no-link	header-answer	0.126	0.0394	-0.0131	-0.106	-0.108	-0.093	0
TOBACCO	Ad-	[0.19160104986876642, 0.053, 0.2782152230971129, 0.066]	[0.3858267716535433, 0.196, 0.42913385826771655, 0.213]	no-link	header-answer	-0.1076	-0.1942	-0.2375	-0.143	-0.147	-0.13	0
TOBACCO	Program	[0.19160104986876642, 0.053, 0.2782152230971129, 0.066]	[0.31627296587926507, 0.198, 0.38188976377952755, 0.211]	no-link	header-answer	-0.0381	-0.1247	-0.1903	-0.145	-0.145	-0.132	0
TOBACCO	DESCRIPTION	[0.19160104986876642, 0.053, 0.2782152230971129, 0.066]	[0.06955380577427822, 0.199, 0.18766404199475065, 0.214]	no-link	header-question	0.2087	0.122	0.0039	-0.146	-0.148	-0.133	0
TOBACCO	Passport	[0.19160104986876642, 0.053, 0.2782152230971129, 0.066]	[0.19028871391076116, 0.199, 0.2637795275590551, 0.212]	no-link	header-answer	0.0879	0.0013	-0.0722	-0.146	-0.146	-0.133	0
TOBACCO	Winter	[0.19160104986876642, 0.053, 0.2782152230971129, 0.066]	[0.2664041994750656, 0.199, 0.3188976377952756, 0.212]	no-link	header-answer	0.0118	-0.0748	-0.1273	-0.146	-0.146	-0.133	0
TOBACCO	DATE	[0.19160104986876642, 0.053, 0.2782152230971129, 0.066]	[0.06692913385826772, 0.239, 0.12335958005249344, 0.251]	no-link	header-question	0.2113	0.1247	0.0682	-0.186	-0.185	-0.173	0
TOBACCO	SQ.	[0.19160104986876642, 0.053, 0.2782152230971129, 0.066]	[0.06955380577427822, 0.276, 0.0984251968503937, 0.293]	no-link	header-question	0.2087	0.122	0.0932	-0.223	-0.227	-0.21	0
TOBACCO	sq	[0.19160104986876642, 0.053, 0.2782152230971129, 0.066]	[0.2926509186351706, 0.276, 0.31627296587926507, 0.291]	no-link	header-answer	-0.0144	-0.101	-0.1247	-0.223	-0.225	-0.21	0
TOBACCO	7.96875	[0.19160104986876642, 0.053, 0.2782152230971129, 0.066]	[0.22703412073490814, 0.277, 0.29658792650918636, 0.29]	no-link	header-answer	0.0512	-0.0354	-0.105	-0.224	-0.224	-0.211	0
TOBACCO	Legal	[0.19160104986876642, 0.053, 0.2782152230971129, 0.066]	[0.536745406824147, 0.319, 0.589238845144357, 0.331]	no-link	header-question	-0.2585	-0.3451	-0.3976	-0.266	-0.265	-0.253	0
CORPORATION	B&W	[0.2795275590551181, 0.053, 0.410761154855643, 0.065]	[0.06299212598425197, 0.073, 0.18766404199475065, 0.103]	word-word	header-header	-0.0919	0.02	-0.2165	0.038	-0.3478	0.05	0
CORPORATION	JOB	[0.2795275590551181, 0.053, 0.410761154855643, 0.065]	[0.06955380577427822, 0.121, 0.10498687664041995, 0.138]	no-link	header-question	0.3412	0.21	0.1745	-0.068	-0.073	-0.056	0
CORPORATION	BRAND	[0.2795275590551181, 0.053, 0.410761154855643, 0.065]	[0.06561679790026247, 0.159, 0.1325459317585302, 0.176]	no-link	header-question	0.3451	0.2139	0.147	-0.106	-0.111	-0.094	0
CORPORATION	KOOL	[0.2795275590551181, 0.053, 0.410761154855643, 0.065]	[0.15223097112860892, 0.159, 0.2047244094488189, 0.174]	no-link	header-answer	0.2585	0.1273	0.0748	-0.106	-0.109	-0.094	0
CORPORATION	Ad-	[0.2795275590551181, 0.053, 0.410761154855643, 0.065]	[0.3858267716535433, 0.196, 0.42913385826771655, 0.213]	no-link	header-answer	0.0249	-0.1063	-0.1496	-0.143	-0.148	-0.131	0
CORPORATION	Program	[0.2795275590551181, 0.053, 0.410761154855643, 0.065]	[0.31627296587926507, 0.198, 0.38188976377952755, 0.211]	no-link	header-answer	0.0945	-0.0367	-0.1024	-0.145	-0.146	-0.133	0
CORPORATION	DESCRIPTION	[0.2795275590551181, 0.053, 0.410761154855643, 0.065]	[0.06955380577427822, 0.199, 0.18766404199475065, 0.214]	no-link	header-question	0.3412	0.21	0.0919	-0.146	-0.149	-0.134	0
CORPORATION	Passport	[0.2795275590551181, 0.053, 0.410761154855643, 0.065]	[0.19028871391076116, 0.199, 0.2637795275590551, 0.212]	no-link	header-answer	0.2205	0.0892	0.0157	-0.146	-0.147	-0.134	0
CORPORATION	Winter	[0.2795275590551181, 0.053, 0.410761154855643, 0.065]	[0.2664041994750656, 0.199, 0.3188976377952756, 0.212]	no-link	header-answer	0.1444	0.0131	-0.0394	-0.146	-0.147	-0.134	0
CORPORATION	DATE	[0.2795275590551181, 0.053, 0.410761154855643, 0.065]	[0.06692913385826772, 0.239, 0.12335958005249344, 0.251]	no-link	header-question	0.3438	0.2126	0.1562	-0.186	-0.186	-0.174	0
CORPORATION	SQ.	[0.2795275590551181, 0.053, 0.410761154855643, 0.065]	[0.06955380577427822, 0.276, 0.0984251968503937, 0.293]	no-link	header-question	0.3412	0.21	0.1811	-0.223	-0.228	-0.211	0
CORPORATION	sq	[0.2795275590551181, 0.053, 0.410761154855643, 0.065]	[0.2926509186351706, 0.276, 0.31627296587926507, 0.291]	no-link	header-answer	0.1181	-0.0131	-0.0367	-0.223	-0.226	-0.211	0
CORPORATION	7.96875	[0.2795275590551181, 0.053, 0.410761154855643, 0.065]	[0.22703412073490814, 0.277, 0.29658792650918636, 0.29]	no-link	header-answer	0.1837	0.0525	-0.0171	-0.224	-0.225	-0.212	0
CORPORATION	Legal	[0.2795275590551181, 0.053, 0.410761154855643, 0.065]	[0.536745406824147, 0.319, 0.589238845144357, 0.331]	no-link	header-question	-0.126	-0.2572	-0.3097	-0.266	-0.266	-0.254	0
JOB	BRAND	[0.06955380577427822, 0.121, 0.10498687664041995, 0.138]	[0.06561679790026247, 0.159, 0.1325459317585302, 0.176]	line-line	question-question	0.063	0.038	-0.0039	0.038	-0.0394	0.055	1
JOB	KOOL	[0.06955380577427822, 0.121, 0.10498687664041995, 0.138]	[0.15223097112860892, 0.159, 0.2047244094488189, 0.174]	no-link	question-answer	-0.0472	-0.0827	-0.1352	-0.038	-0.036	-0.021	1
JOB	Ad-	[0.06955380577427822, 0.121, 0.10498687664041995, 0.138]	[0.3858267716535433, 0.196, 0.42913385826771655, 0.213]	no-link	question-answer	-0.2808	-0.3163	-0.3596	-0.075	-0.075	-0.058	1
JOB	Program	[0.06955380577427822, 0.121, 0.10498687664041995, 0.138]	[0.31627296587926507, 0.198, 0.38188976377952755, 0.211]	no-link	question-answer	-0.2113	-0.2467	-0.3123	-0.077	-0.073	-0.06	1
JOB	DESCRIPTION	[0.06955380577427822, 0.121, 0.10498687664041995, 0.138]	[0.06955380577427822, 0.199, 0.18766404199475065, 0.214]	no-link	question-question	0.0354	0.0	-0.1181	-0.078	-0.076	-0.061	1
JOB	Passport	[0.06955380577427822, 0.121, 0.10498687664041995, 0.138]	[0.19028871391076116, 0.199, 0.2637795275590551, 0.212]	no-link	question-answer	-0.0853	-0.1207	-0.1942	-0.078	-0.074	-0.061	1
JOB	Winter	[0.06955380577427822, 0.121, 0.10498687664041995, 0.138]	[0.2664041994750656, 0.199, 0.3188976377952756, 0.212]	no-link	question-answer	-0.1614	-0.1969	-0.2493	-0.078	-0.074	-0.061	1
JOB	DATE	[0.06955380577427822, 0.121, 0.10498687664041995, 0.138]	[0.06692913385826772, 0.239, 0.12335958005249344, 0.251]	no-link	question-question	0.0381	0.0026	-0.0538	-0.118	-0.113	-0.101	1
JOB	SQ.	[0.06955380577427822, 0.121, 0.10498687664041995, 0.138]	[0.06955380577427822, 0.276, 0.0984251968503937, 0.293]	no-link	question-question	0.0354	0.0	-0.0289	-0.155	-0.155	-0.138	1
JOB	sq	[0.06955380577427822, 0.121, 0.10498687664041995, 0.138]	[0.2926509186351706, 0.276, 0.31627296587926507, 0.291]	no-link	question-answer	-0.1877	-0.2231	-0.2467	-0.155	-0.153	-0.138	1
JOB	7.96875	[0.06955380577427822, 0.121, 0.10498687664041995, 0.138]	[0.22703412073490814, 0.277, 0.29658792650918636, 0.29]	no-link	question-answer	-0.122	-0.1575	-0.227	-0.156	-0.152	-0.139	1
JOB	Legal	[0.06955380577427822, 0.121, 0.10498687664041995, 0.138]	[0.536745406824147, 0.319, 0.589238845144357, 0.331]	no-link	question-question	-0.4318	-0.4672	-0.5197	-0.198	-0.193	-0.181	1
JOB	TRIM	[0.06955380577427822, 0.121, 0.10498687664041995, 0.138]	[0.07611548556430446, 0.334, 0.11548556430446194, 0.352]	no-link	question-question	0.0289	-0.0066	-0.0459	-0.213	-0.214	-0.196	1
JOB	NO.	[0.06955380577427822, 0.121, 0.10498687664041995, 0.138]	[0.10498687664041995, 0.123, 0.14173228346456693, 0.14]	word-word	question-question	0.0722	0.002	0.0354	0.002	0.0	0.019	1
JOB	7848	[0.06955380577427822, 0.121, 0.10498687664041995, 0.138]	[0.15748031496062992, 0.12, 0.20078740157480315, 0.135]	question-answer	question-answer	0.1312	-0.001	0.0879	-0.003	0.0525	0.014	1
BRAND	DESCRIPTION	[0.06561679790026247, 0.159, 0.1325459317585302, 0.176]	[0.06955380577427822, 0.199, 0.18766404199475065, 0.214]	line-line	question-question	0.122	0.04	0.0039	0.038	-0.063	0.055	2
BRAND	KOOL	[0.06561679790026247, 0.159, 0.1325459317585302, 0.176]	[0.15223097112860892, 0.159, 0.2047244094488189, 0.174]	no-link	question-answer	-0.0197	-0.0866	-0.1391	0.0	0.002	0.017	2
BRAND	Ad-	[0.06561679790026247, 0.159, 0.1325459317585302, 0.176]	[0.3858267716535433, 0.196, 0.42913385826771655, 0.213]	no-link	question-answer	-0.2533	-0.3202	-0.3635	-0.037	-0.037	-0.02	2
BRAND	Program	[0.06561679790026247, 0.159, 0.1325459317585302, 0.176]	[0.31627296587926507, 0.198, 0.38188976377952755, 0.211]	no-link	question-answer	-0.1837	-0.2507	-0.3163	-0.039	-0.035	-0.022	2
BRAND	Passport	[0.06561679790026247, 0.159, 0.1325459317585302, 0.176]	[0.19028871391076116, 0.199, 0.2637795275590551, 0.212]	no-link	question-answer	-0.0577	-0.1247	-0.1982	-0.04	-0.036	-0.023	2
BRAND	Winter	[0.06561679790026247, 0.159, 0.1325459317585302, 0.176]	[0.2664041994750656, 0.199, 0.3188976377952756, 0.212]	no-link	question-answer	-0.1339	-0.2008	-0.2533	-0.04	-0.036	-0.023	2
BRAND	DATE	[0.06561679790026247, 0.159, 0.1325459317585302, 0.176]	[0.06692913385826772, 0.239, 0.12335958005249344, 0.251]	no-link	question-question	0.0656	-0.0013	-0.0577	-0.08	-0.075	-0.063	2
BRAND	SQ.	[0.06561679790026247, 0.159, 0.1325459317585302, 0.176]	[0.06955380577427822, 0.276, 0.0984251968503937, 0.293]	no-link	question-question	0.063	-0.0039	-0.0328	-0.117	-0.117	-0.1	2
BRAND	sq	[0.06561679790026247, 0.159, 0.1325459317585302, 0.176]	[0.2926509186351706, 0.276, 0.31627296587926507, 0.291]	no-link	question-answer	-0.1601	-0.227	-0.2507	-0.117	-0.115	-0.1	2
BRAND	7.96875	[0.06561679790026247, 0.159, 0.1325459317585302, 0.176]	[0.22703412073490814, 0.277, 0.29658792650918636, 0.29]	no-link	question-answer	-0.0945	-0.1614	-0.231	-0.118	-0.114	-0.101	2
BRAND	Legal	[0.06561679790026247, 0.159, 0.1325459317585302, 0.176]	[0.536745406824147, 0.319, 0.589238845144357, 0.331]	no-link	question-question	-0.4042	-0.4711	-0.5236	-0.16	-0.155	-0.143	2
BRAND	TRIM	[0.06561679790026247, 0.159, 0.1325459317585302, 0.176]	[0.07611548556430446, 0.334, 0.11548556430446194, 0.352]	no-link	question-question	0.0564	-0.0105	-0.0499	-0.175	-0.176	-0.158	2
BRAND	KOOL	[0.06561679790026247, 0.159, 0.1325459317585302, 0.176]	[0.15223097112860892, 0.159, 0.2047244094488189, 0.174]	question-answer	question-answer	0.1391	0.0	0.0866	-0.002	0.0197	0.015	2
BRAND	Statement	[0.06561679790026247, 0.159, 0.1325459317585302, 0.176]	[0.31627296587926507, 0.39, 0.39238845144356954, 0.405]	no-link	question-answer	-0.1837	-0.2507	-0.3268	-0.231	-0.229	-0.214	2
KOOL	Natural	[0.15223097112860892, 0.159, 0.2047244094488189, 0.174]	[0.2020997375328084, 0.159, 0.2650918635170604, 0.172]	word-word	answer-answer	0.1129	0.0	0.0499	-0.002	-0.0026	0.013	2
KOOL	Program	[0.15223097112860892, 0.159, 0.2047244094488189, 0.174]	[0.31627296587926507, 0.198, 0.38188976377952755, 0.211]	no-link	answer-answer	-0.1115	-0.164	-0.2297	-0.039	-0.037	-0.024	2
KOOL	DESCRIPTION	[0.15223097112860892, 0.159, 0.2047244094488189, 0.174]	[0.06955380577427822, 0.199, 0.18766404199475065, 0.214]	no-link	answer-question	0.1352	0.0827	-0.0354	-0.04	-0.04	-0.025	2
KOOL	Passport	[0.15223097112860892, 0.159, 0.2047244094488189, 0.174]	[0.19028871391076116, 0.199, 0.2637795275590551, 0.212]	no-link	answer-answer	0.0144	-0.0381	-0.1115	-0.04	-0.038	-0.025	2
KOOL	Winter	[0.15223097112860892, 0.159, 0.2047244094488189, 0.174]	[0.2664041994750656, 0.199, 0.3188976377952756, 0.212]	no-link	answer-answer	-0.0617	-0.1142	-0.1667	-0.04	-0.038	-0.025	2
KOOL	DATE	[0.15223097112860892, 0.159, 0.2047244094488189, 0.174]	[0.06692913385826772, 0.239, 0.12335958005249344, 0.251]	no-link	answer-question	0.1378	0.0853	0.0289	-0.08	-0.077	-0.065	2
KOOL	SQ.	[0.15223097112860892, 0.159, 0.2047244094488189, 0.174]	[0.06955380577427822, 0.276, 0.0984251968503937, 0.293]	no-link	answer-question	0.1352	0.0827	0.0538	-0.117	-0.119	-0.102	2
KOOL	sq	[0.15223097112860892, 0.159, 0.2047244094488189, 0.174]	[0.2926509186351706, 0.276, 0.31627296587926507, 0.291]	no-link	answer-answer	-0.0879	-0.1404	-0.164	-0.117	-0.117	-0.102	2
KOOL	7.96875	[0.15223097112860892, 0.159, 0.2047244094488189, 0.174]	[0.22703412073490814, 0.277, 0.29658792650918636, 0.29]	no-link	answer-answer	-0.0223	-0.0748	-0.1444	-0.118	-0.116	-0.103	2
KOOL	Legal	[0.15223097112860892, 0.159, 0.2047244094488189, 0.174]	[0.536745406824147, 0.319, 0.589238845144357, 0.331]	no-link	answer-question	-0.332	-0.3845	-0.437	-0.16	-0.157	-0.145	2
KOOL	TRIM	[0.15223097112860892, 0.159, 0.2047244094488189, 0.174]	[0.07611548556430446, 0.334, 0.11548556430446194, 0.352]	no-link	answer-question	0.1286	0.0761	0.0367	-0.175	-0.178	-0.16	2
KOOL	Statement	[0.15223097112860892, 0.159, 0.2047244094488189, 0.174]	[0.31627296587926507, 0.39, 0.39238845144356954, 0.405]	no-link	answer-answer	-0.1115	-0.164	-0.2402	-0.231	-0.231	-0.216	2
KOOL	Exhibt	[0.15223097112860892, 0.159, 0.2047244094488189, 0.174]	[0.22703412073490814, 0.392, 0.28346456692913385, 0.409]	no-link	answer-answer	-0.0223	-0.0748	-0.1312	-0.233	-0.235	-0.218	2
Ad-	EMRO	[0.3858267716535433, 0.196, 0.42913385826771655, 0.213]	[0.4343832020997375, 0.183, 0.5498687664041995, 0.21]	word-word	answer-answer	0.164	-0.013	0.0486	-0.003	0.0052	0.014	3
Ad-	DESCRIPTION	[0.3858267716535433, 0.196, 0.42913385826771655, 0.213]	[0.06955380577427822, 0.199, 0.18766404199475065, 0.214]	no-link	answer-question	0.3596	0.3163	0.1982	-0.003	-0.001	0.014	3
Ad-	Passport	[0.3858267716535433, 0.196, 0.42913385826771655, 0.213]	[0.19028871391076116, 0.199, 0.2637795275590551, 0.212]	no-link	answer-answer	0.2388	0.1955	0.122	-0.003	0.001	0.014	3
Ad-	Winter	[0.3858267716535433, 0.196, 0.42913385826771655, 0.213]	[0.2664041994750656, 0.199, 0.3188976377952756, 0.212]	no-link	answer-answer	0.1627	0.1194	0.0669	-0.003	0.001	0.014	3
Ad-	DATE	[0.3858267716535433, 0.196, 0.42913385826771655, 0.213]	[0.06692913385826772, 0.239, 0.12335958005249344, 0.251]	no-link	answer-question	0.3622	0.3189	0.2625	-0.043	-0.038	-0.026	3
Ad-	SQ.	[0.3858267716535433, 0.196, 0.42913385826771655, 0.213]	[0.06955380577427822, 0.276, 0.0984251968503937, 0.293]	no-link	answer-question	0.3596	0.3163	0.2874	-0.08	-0.08	-0.063	3
Ad-	sq	[0.3858267716535433, 0.196, 0.42913385826771655, 0.213]	[0.2926509186351706, 0.276, 0.31627296587926507, 0.291]	no-link	answer-answer	0.1365	0.0932	0.0696	-0.08	-0.078	-0.063	3
Ad-	7.96875	[0.3858267716535433, 0.196, 0.42913385826771655, 0.213]	[0.22703412073490814, 0.277, 0.29658792650918636, 0.29]	no-link	answer-answer	0.2021	0.1588	0.0892	-0.081	-0.077	-0.064	3
Ad-	Legal	[0.3858267716535433, 0.196, 0.42913385826771655, 0.213]	[0.536745406824147, 0.319, 0.589238845144357, 0.331]	no-link	answer-question	-0.1076	-0.1509	-0.2034	-0.123	-0.118	-0.106	3
Ad-	TRIM	[0.3858267716535433, 0.196, 0.42913385826771655, 0.213]	[0.07611548556430446, 0.334, 0.11548556430446194, 0.352]	no-link	answer-question	0.353	0.3097	0.2703	-0.138	-0.139	-0.121	3
Ad-	Statement	[0.3858267716535433, 0.196, 0.42913385826771655, 0.213]	[0.31627296587926507, 0.39, 0.39238845144356954, 0.405]	no-link	answer-answer	0.1129	0.0696	-0.0066	-0.194	-0.192	-0.177	3
Ad-	Exhibt	[0.3858267716535433, 0.196, 0.42913385826771655, 0.213]	[0.22703412073490814, 0.392, 0.28346456692913385, 0.409]	no-link	answer-answer	0.2021	0.1588	0.1024	-0.196	-0.196	-0.179	3
Ad-	1(a)	[0.3858267716535433, 0.196, 0.42913385826771655, 0.213]	[0.28083989501312334, 0.392, 0.3136482939632546, 0.405]	no-link	answer-answer	0.1483	0.105	0.0722	-0.196	-0.192	-0.179	3
Program	Ad-	[0.31627296587926507, 0.198, 0.38188976377952755, 0.211]	[0.3858267716535433, 0.196, 0.42913385826771655, 0.213]	word-word	answer-answer	0.1129	-0.002	0.0696	0.002	0.0039	0.015	3
Program	DESCRIPTION	[0.31627296587926507, 0.198, 0.38188976377952755, 0.211]	[0.06955380577427822, 0.199, 0.18766404199475065, 0.214]	no-link	answer-answer	0.3123	0.2467	0.1286	-0.001	-0.003	0.012	3
Program	Passport	[0.31627296587926507, 0.198, 0.38188976377952755, 0.211]	[0.19028871391076116, 0.199, 0.2637795275590551, 0.212]	no-link	answer-answer	0.1916	0.126	0.0525	-0.001	-0.001	0.012	3
Program	Winter	[0.31627296587926507, 0.198, 0.38188976377952755, 0.211]	[0.2664041994750656, 0.199, 0.3188976377952756, 0.212]	no-link	answer-answer	0.1155	0.0499	-0.0026	-0.001	-0.001	0.012	3
Program	DATE	[0.31627296587926507, 0.198, 0.38188976377952755, 0.211]	[0.06692913385826772, 0.239, 0.12335958005249344, 0.251]	no-link	answer-question	0.315	0.2493	0.1929	-0.041	-0.04	-0.028	3
Program	SQ.	[0.31627296587926507, 0.198, 0.38188976377952755, 0.211]	[0.06955380577427822, 0.276, 0.0984251968503937, 0.293]	no-link	answer-question	0.3123	0.2467	0.2178	-0.078	-0.082	-0.065	3
Program	sq	[0.31627296587926507, 0.198, 0.38188976377952755, 0.211]	[0.2926509186351706, 0.276, 0.31627296587926507, 0.291]	no-link	answer-answer	0.0892	0.0236	0.0	-0.078	-0.08	-0.065	3
Program	7.96875	[0.31627296587926507, 0.198, 0.38188976377952755, 0.211]	[0.22703412073490814, 0.277, 0.29658792650918636, 0.29]	no-link	answer-answer	0.1549	0.0892	0.0197	-0.079	-0.079	-0.066	3
Program	Legal	[0.31627296587926507, 0.198, 0.38188976377952755, 0.211]	[0.536745406824147, 0.319, 0.589238845144357, 0.331]	no-link	answer-question	-0.1549	-0.2205	-0.273	-0.121	-0.12	-0.108	3
Program	TRIM	[0.31627296587926507, 0.198, 0.38188976377952755, 0.211]	[0.07611548556430446, 0.334, 0.11548556430446194, 0.352]	no-link	answer-question	0.3058	0.2402	0.2008	-0.136	-0.141	-0.123	3
Program	Statement	[0.31627296587926507, 0.198, 0.38188976377952755, 0.211]	[0.31627296587926507, 0.39, 0.39238845144356954, 0.405]	no-link	answer-answer	0.0656	0.0	-0.0761	-0.192	-0.194	-0.179	3
Program	Exhibt	[0.31627296587926507, 0.198, 0.38188976377952755, 0.211]	[0.22703412073490814, 0.392, 0.28346456692913385, 0.409]	no-link	answer-answer	0.1549	0.0892	0.0328	-0.194	-0.198	-0.181	3
Program	1(a)	[0.31627296587926507, 0.198, 0.38188976377952755, 0.211]	[0.28083989501312334, 0.392, 0.3136482939632546, 0.405]	no-link	answer-answer	0.101	0.0354	0.0026	-0.194	-0.194	-0.181	3
Program	WARNING	[0.31627296587926507, 0.198, 0.38188976377952755, 0.211]	[0.07611548556430446, 0.394, 0.16141732283464566, 0.407]	no-link	answer-question	0.3058	0.2402	0.1549	-0.196	-0.196	-0.183	3
DESCRIPTION	DATE	[0.06955380577427822, 0.199, 0.18766404199475065, 0.214]	[0.06692913385826772, 0.239, 0.12335958005249344, 0.251]	line-line	question-question	0.0538	0.04	-0.0026	0.037	-0.1207	0.052	3
DESCRIPTION	Passport	[0.06955380577427822, 0.199, 0.18766404199475065, 0.214]	[0.19028871391076116, 0.199, 0.2637795275590551, 0.212]	no-link	question-answer	-0.0026	-0.1207	-0.1942	0.0	0.002	0.015	3
DESCRIPTION	Winter	[0.06955380577427822, 0.199, 0.18766404199475065, 0.214]	[0.2664041994750656, 0.199, 0.3188976377952756, 0.212]	no-link	question-answer	-0.0787	-0.1969	-0.2493	0.0	0.002	0.015	3
DESCRIPTION	SQ.	[0.06955380577427822, 0.199, 0.18766404199475065, 0.214]	[0.06955380577427822, 0.276, 0.0984251968503937, 0.293]	no-link	question-question	0.1181	0.0	-0.0289	-0.077	-0.079	-0.062	3
DESCRIPTION	sq	[0.06955380577427822, 0.199, 0.18766404199475065, 0.214]	[0.2926509186351706, 0.276, 0.31627296587926507, 0.291]	no-link	question-answer	-0.105	-0.2231	-0.2467	-0.077	-0.077	-0.062	3
DESCRIPTION	7.96875	[0.06955380577427822, 0.199, 0.18766404199475065, 0.214]	[0.22703412073490814, 0.277, 0.29658792650918636, 0.29]	no-link	question-answer	-0.0394	-0.1575	-0.227	-0.078	-0.076	-0.063	3
DESCRIPTION	Legal	[0.06955380577427822, 0.199, 0.18766404199475065, 0.214]	[0.536745406824147, 0.319, 0.589238845144357, 0.331]	no-link	question-question	-0.3491	-0.4672	-0.5197	-0.12	-0.117	-0.105	3
DESCRIPTION	TRIM	[0.06955380577427822, 0.199, 0.18766404199475065, 0.214]	[0.07611548556430446, 0.334, 0.11548556430446194, 0.352]	no-link	question-question	0.1115	-0.0066	-0.0459	-0.135	-0.138	-0.12	3
DESCRIPTION	Statement	[0.06955380577427822, 0.199, 0.18766404199475065, 0.214]	[0.31627296587926507, 0.39, 0.39238845144356954, 0.405]	no-link	question-answer	-0.1286	-0.2467	-0.3228	-0.191	-0.191	-0.176	3
DESCRIPTION	Exhibt	[0.06955380577427822, 0.199, 0.18766404199475065, 0.214]	[0.22703412073490814, 0.392, 0.28346456692913385, 0.409]	no-link	question-answer	-0.0394	-0.1575	-0.2139	-0.193	-0.195	-0.178	3
DESCRIPTION	1(a)	[0.06955380577427822, 0.199, 0.18766404199475065, 0.214]	[0.28083989501312334, 0.392, 0.3136482939632546, 0.405]	no-link	question-answer	-0.0932	-0.2113	-0.2441	-0.193	-0.191	-0.178	3
DESCRIPTION	WARNING	[0.06955380577427822, 0.199, 0.18766404199475065, 0.214]	[0.07611548556430446, 0.394, 0.16141732283464566, 0.407]	no-link	question-question	0.1115	-0.0066	-0.0919	-0.195	-0.193	-0.18	3
DESCRIPTION	Passport	[0.06955380577427822, 0.199, 0.18766404199475065, 0.214]	[0.19028871391076116, 0.199, 0.2637795275590551, 0.212]	question-answer	question-answer	0.1942	0.0	0.1207	-0.002	0.0026	0.013	3
DESCRIPTION	T&N	[0.06955380577427822, 0.199, 0.18766404199475065, 0.214]	[0.07349081364829396, 0.453, 0.11286089238845144, 0.465]	no-link	question-header	0.1142	-0.0039	-0.0433	-0.254	-0.251	-0.239	3
Passport	Winter	[0.19028871391076116, 0.199, 0.2637795275590551, 0.212]	[0.2664041994750656, 0.199, 0.3188976377952756, 0.212]	word-word	answer-answer	0.1286	0.0	0.0761	0.0	0.0026	0.013	3
Passport	DATE	[0.19028871391076116, 0.199, 0.2637795275590551, 0.212]	[0.06692913385826772, 0.239, 0.12335958005249344, 0.251]	no-link	answer-question	0.1969	0.1234	0.0669	-0.04	-0.039	-0.027	3
Passport	SQ.	[0.19028871391076116, 0.199, 0.2637795275590551, 0.212]	[0.06955380577427822, 0.276, 0.0984251968503937, 0.293]	no-link	answer-question	0.1942	0.1207	0.0919	-0.077	-0.081	-0.064	3
Passport	sq	[0.19028871391076116, 0.199, 0.2637795275590551, 0.212]	[0.2926509186351706, 0.276, 0.31627296587926507, 0.291]	no-link	answer-answer	-0.0289	-0.1024	-0.126	-0.077	-0.079	-0.064	3
Passport	7.96875	[0.19028871391076116, 0.199, 0.2637795275590551, 0.212]	[0.22703412073490814, 0.277, 0.29658792650918636, 0.29]	no-link	answer-answer	0.0367	-0.0367	-0.1063	-0.078	-0.078	-0.065	3
Passport	Legal	[0.19028871391076116, 0.199, 0.2637795275590551, 0.212]	[0.536745406824147, 0.319, 0.589238845144357, 0.331]	no-link	answer-question	-0.273	-0.3465	-0.399	-0.12	-0.119	-0.107	3
Passport	TRIM	[0.19028871391076116, 0.199, 0.2637795275590551, 0.212]	[0.07611548556430446, 0.334, 0.11548556430446194, 0.352]	no-link	answer-question	0.1877	0.1142	0.0748	-0.135	-0.14	-0.122	3
Passport	Statement	[0.19028871391076116, 0.199, 0.2637795275590551, 0.212]	[0.31627296587926507, 0.39, 0.39238845144356954, 0.405]	no-link	answer-answer	-0.0525	-0.126	-0.2021	-0.191	-0.193	-0.178	3
Passport	Exhibt	[0.19028871391076116, 0.199, 0.2637795275590551, 0.212]	[0.22703412073490814, 0.392, 0.28346456692913385, 0.409]	no-link	answer-answer	0.0367	-0.0367	-0.0932	-0.193	-0.197	-0.18	3
Passport	1(a)	[0.19028871391076116, 0.199, 0.2637795275590551, 0.212]	[0.28083989501312334, 0.392, 0.3136482939632546, 0.405]	no-link	answer-answer	-0.0171	-0.0906	-0.1234	-0.193	-0.193	-0.18	3
Passport	WARNING	[0.19028871391076116, 0.199, 0.2637795275590551, 0.212]	[0.07611548556430446, 0.394, 0.16141732283464566, 0.407]	no-link	answer-question	0.1877	0.1142	0.0289	-0.195	-0.195	-0.182	3
Passport	T&N	[0.19028871391076116, 0.199, 0.2637795275590551, 0.212]	[0.07349081364829396, 0.453, 0.11286089238845144, 0.465]	no-link	answer-header	0.1903	0.1168	0.0774	-0.254	-0.253	-0.241	3
Winter	Program	[0.2664041994750656, 0.199, 0.3188976377952756, 0.212]	[0.31627296587926507, 0.198, 0.38188976377952755, 0.211]	word-word	answer-answer	0.1155	-0.001	0.0499	-0.001	-0.0026	0.012	3
Winter	DATE	[0.2664041994750656, 0.199, 0.3188976377952756, 0.212]	[0.06692913385826772, 0.239, 0.12335958005249344, 0.251]	no-link	answer-answer	0.252	0.1995	0.143	-0.04	-0.039	-0.027	3
Winter	SQ.	[0.2664041994750656, 0.199, 0.3188976377952756, 0.212]	[0.06955380577427822, 0.276, 0.0984251968503937, 0.293]	no-link	answer-question	0.2493	0.1969	0.168	-0.077	-0.081	-0.064	3
Winter	sq	[0.2664041994750656, 0.199, 0.3188976377952756, 0.212]	[0.2926509186351706, 0.276, 0.31627296587926507, 0.291]	no-link	answer-answer	0.0262	-0.0262	-0.0499	-0.077	-0.079	-0.064	3
Winter	7.96875	[0.2664041994750656, 0.199, 0.3188976377952756, 0.212]	[0.22703412073490814, 0.277, 0.29658792650918636, 0.29]	no-link	answer-answer	0.0919	0.0394	-0.0302	-0.078	-0.078	-0.065	3
Winter	Legal	[0.2664041994750656, 0.199, 0.3188976377952756, 0.212]	[0.536745406824147, 0.319, 0.589238845144357, 0.331]	no-link	answer-question	-0.2178	-0.2703	-0.3228	-0.12	-0.119	-0.107	3
Winter	TRIM	[0.2664041994750656, 0.199, 0.3188976377952756, 0.212]	[0.07611548556430446, 0.334, 0.11548556430446194, 0.352]	no-link	answer-question	0.2428	0.1903	0.1509	-0.135	-0.14	-0.122	3
Winter	Statement	[0.2664041994750656, 0.199, 0.3188976377952756, 0.212]	[0.31627296587926507, 0.39, 0.39238845144356954, 0.405]	no-link	answer-answer	0.0026	-0.0499	-0.126	-0.191	-0.193	-0.178	3
Winter	Exhibt	[0.2664041994750656, 0.199, 0.3188976377952756, 0.212]	[0.22703412073490814, 0.392, 0.28346456692913385, 0.409]	no-link	answer-answer	0.0919	0.0394	-0.0171	-0.193	-0.197	-0.18	3
Winter	1(a)	[0.2664041994750656, 0.199, 0.3188976377952756, 0.212]	[0.28083989501312334, 0.392, 0.3136482939632546, 0.405]	no-link	answer-answer	0.0381	-0.0144	-0.0472	-0.193	-0.193	-0.18	3
Winter	WARNING	[0.2664041994750656, 0.199, 0.3188976377952756, 0.212]	[0.07611548556430446, 0.394, 0.16141732283464566, 0.407]	no-link	answer-question	0.2428	0.1903	0.105	-0.195	-0.195	-0.182	3
Winter	T&N	[0.2664041994750656, 0.199, 0.3188976377952756, 0.212]	[0.07349081364829396, 0.453, 0.11286089238845144, 0.465]	no-link	answer-header	0.2454	0.1929	0.1535	-0.254	-0.253	-0.241	3
Winter	OTT	[0.2664041994750656, 0.199, 0.3188976377952756, 0.212]	[0.06955380577427822, 0.51, 0.11548556430446194, 0.522]	no-link	answer-question	0.2493	0.1969	0.1509	-0.311	-0.31	-0.298	3
DATE	SQ.	[0.06692913385826772, 0.239, 0.12335958005249344, 0.251]	[0.06955380577427822, 0.276, 0.0984251968503937, 0.293]	line-line	question-question	0.0315	0.037	0.0026	0.042	-0.0538	0.054	4
DATE	sq	[0.06692913385826772, 0.239, 0.12335958005249344, 0.251]	[0.2926509186351706, 0.276, 0.31627296587926507, 0.291]	no-link	question-answer	-0.1693	-0.2257	-0.2493	-0.037	-0.04	-0.025	4
DATE	7.96875	[0.06692913385826772, 0.239, 0.12335958005249344, 0.251]	[0.22703412073490814, 0.277, 0.29658792650918636, 0.29]	no-link	question-answer	-0.1037	-0.1601	-0.2297	-0.038	-0.039	-0.026	4
DATE	Legal	[0.06692913385826772, 0.239, 0.12335958005249344, 0.251]	[0.536745406824147, 0.319, 0.589238845144357, 0.331]	no-link	question-question	-0.4134	-0.4698	-0.5223	-0.08	-0.08	-0.068	4
DATE	TRIM	[0.06692913385826772, 0.239, 0.12335958005249344, 0.251]	[0.07611548556430446, 0.334, 0.11548556430446194, 0.352]	no-link	question-question	0.0472	-0.0092	-0.0486	-0.095	-0.101	-0.083	4
DATE	Statement	[0.06692913385826772, 0.239, 0.12335958005249344, 0.251]	[0.31627296587926507, 0.39, 0.39238845144356954, 0.405]	no-link	question-answer	-0.1929	-0.2493	-0.3255	-0.151	-0.154	-0.139	4
DATE	Exhibt	[0.06692913385826772, 0.239, 0.12335958005249344, 0.251]	[0.22703412073490814, 0.392, 0.28346456692913385, 0.409]	no-link	question-answer	-0.1037	-0.1601	-0.2165	-0.153	-0.158	-0.141	4
DATE	1(a)	[0.06692913385826772, 0.239, 0.12335958005249344, 0.251]	[0.28083989501312334, 0.392, 0.3136482939632546, 0.405]	no-link	question-answer	-0.1575	-0.2139	-0.2467	-0.153	-0.154	-0.141	4
DATE	WARNING	[0.06692913385826772, 0.239, 0.12335958005249344, 0.251]	[0.07611548556430446, 0.394, 0.16141732283464566, 0.407]	no-link	question-question	0.0472	-0.0092	-0.0945	-0.155	-0.156	-0.143	4
DATE	T&N	[0.06692913385826772, 0.239, 0.12335958005249344, 0.251]	[0.07349081364829396, 0.453, 0.11286089238845144, 0.465]	no-link	question-header	0.0499	-0.0066	-0.0459	-0.214	-0.214	-0.202	4
DATE	OTT	[0.06692913385826772, 0.239, 0.12335958005249344, 0.251]	[0.06955380577427822, 0.51, 0.11548556430446194, 0.522]	no-link	question-question	0.0538	-0.0026	-0.0486	-0.271	-0.271	-0.259	4
DATE	10/22/98	[0.06692913385826772, 0.239, 0.12335958005249344, 0.251]	[0.14829396325459318, 0.238, 0.2204724409448819, 0.251]	question-answer	question-answer	0.1535	-0.001	0.0814	0.0	0.0249	0.012	4
SQ.	Legal	[0.06955380577427822, 0.276, 0.0984251968503937, 0.293]	[0.536745406824147, 0.319, 0.589238845144357, 0.331]	line-line	question-question	0.5197	0.043	0.4672	0.038	0.4383	0.055	5
SQ.	sq	[0.06955380577427822, 0.276, 0.0984251968503937, 0.293]	[0.2926509186351706, 0.276, 0.31627296587926507, 0.291]	no-link	question-answer	-0.1942	-0.2231	-0.2467	0.0	0.002	0.017	5
SQ.	7.96875	[0.06955380577427822, 0.276, 0.0984251968503937, 0.293]	[0.22703412073490814, 0.277, 0.29658792650918636, 0.29]	no-link	question-answer	-0.1286	-0.1575	-0.227	-0.001	0.003	0.016	5
SQ.	TRIM	[0.06955380577427822, 0.276, 0.0984251968503937, 0.293]	[0.07611548556430446, 0.334, 0.11548556430446194, 0.352]	no-link	question-question	0.0223	-0.0066	-0.0459	-0.058	-0.059	-0.041	5
SQ.	Statement	[0.06955380577427822, 0.276, 0.0984251968503937, 0.293]	[0.31627296587926507, 0.39, 0.39238845144356954, 0.405]	no-link	question-answer	-0.2178	-0.2467	-0.3228	-0.114	-0.112	-0.097	5
SQ.	Exhibt	[0.06955380577427822, 0.276, 0.0984251968503937, 0.293]	[0.22703412073490814, 0.392, 0.28346456692913385, 0.409]	no-link	question-answer	-0.1286	-0.1575	-0.2139	-0.116	-0.116	-0.099	5
SQ.	1(a)	[0.06955380577427822, 0.276, 0.0984251968503937, 0.293]	[0.28083989501312334, 0.392, 0.3136482939632546, 0.405]	no-link	question-answer	-0.1824	-0.2113	-0.2441	-0.116	-0.112	-0.099	5
SQ.	WARNING	[0.06955380577427822, 0.276, 0.0984251968503937, 0.293]	[0.07611548556430446, 0.394, 0.16141732283464566, 0.407]	no-link	question-question	0.0223	-0.0066	-0.0919	-0.118	-0.114	-0.101	5
SQ.	T&N	[0.06955380577427822, 0.276, 0.0984251968503937, 0.293]	[0.07349081364829396, 0.453, 0.11286089238845144, 0.465]	no-link	question-header	0.0249	-0.0039	-0.0433	-0.177	-0.172	-0.16	5
SQ.	OTT	[0.06955380577427822, 0.276, 0.0984251968503937, 0.293]	[0.06955380577427822, 0.51, 0.11548556430446194, 0.522]	no-link	question-question	0.0289	0.0	-0.0459	-0.234	-0.229	-0.217	5
SQ.	INCHES/FEET	[0.06955380577427822, 0.276, 0.0984251968503937, 0.293]	[0.10236220472440945, 0.274, 0.2152230971128609, 0.291]	word-word	question-question	0.1457	-0.002	0.0328	-0.002	0.0039	0.015	5
SQ.	7.96875	[0.06955380577427822, 0.276, 0.0984251968503937, 0.293]	[0.22703412073490814, 0.277, 0.29658792650918636, 0.29]	question-answer	question-answer	0.227	0.001	0.1575	-0.003	0.1286	0.014	5
sq	inches	[0.2926509186351706, 0.276, 0.31627296587926507, 0.291]	[0.3188976377952756, 0.276, 0.3779527559055118, 0.289]	word-word	answer-answer	0.0853	0.0	0.0262	-0.002	0.0026	0.013	5
sq	Legal	[0.2926509186351706, 0.276, 0.31627296587926507, 0.291]	[0.536745406824147, 0.319, 0.589238845144357, 0.331]	no-link	answer-question	-0.2205	-0.2441	-0.2966	-0.043	-0.04	-0.028	5
sq	TRIM	[0.2926509186351706, 0.276, 0.31627296587926507, 0.291]	[0.07611548556430446, 0.334, 0.11548556430446194, 0.352]	no-link	answer-question	0.2402	0.2165	0.1772	-0.058	-0.061	-0.043	5
sq	Statement	[0.2926509186351706, 0.276, 0.31627296587926507, 0.291]	[0.31627296587926507, 0.39, 0.39238845144356954, 0.405]	no-link	answer-answer	0.0	-0.0236	-0.0997	-0.114	-0.114	-0.099	5
sq	Exhibt	[0.2926509186351706, 0.276, 0.31627296587926507, 0.291]	[0.22703412073490814, 0.392, 0.28346456692913385, 0.409]	no-link	answer-answer	0.0892	0.0656	0.0092	-0.116	-0.118	-0.101	5
sq	1(a)	[0.2926509186351706, 0.276, 0.31627296587926507, 0.291]	[0.28083989501312334, 0.392, 0.3136482939632546, 0.405]	no-link	answer-answer	0.0354	0.0118	-0.021	-0.116	-0.114	-0.101	5
sq	WARNING	[0.2926509186351706, 0.276, 0.31627296587926507, 0.291]	[0.07611548556430446, 0.394, 0.16141732283464566, 0.407]	no-link	answer-question	0.2402	0.2165	0.1312	-0.118	-0.116	-0.103	5
sq	T&N	[0.2926509186351706, 0.276, 0.31627296587926507, 0.291]	[0.07349081364829396, 0.453, 0.11286089238845144, 0.465]	no-link	answer-header	0.2428	0.2192	0.1798	-0.177	-0.174	-0.162	5
sq	OTT	[0.2926509186351706, 0.276, 0.31627296587926507, 0.291]	[0.06955380577427822, 0.51, 0.11548556430446194, 0.522]	no-link	answer-question	0.2467	0.2231	0.1772	-0.234	-0.231	-0.219	5
sq	Date	[0.2926509186351706, 0.276, 0.31627296587926507, 0.291]	[0.6732283464566929, 0.523, 0.7191601049868767, 0.538]	no-link	answer-answer	-0.357	-0.3806	-0.4265	-0.247	-0.247	-0.232	5
7.96875	sq	[0.22703412073490814, 0.277, 0.29658792650918636, 0.29]	[0.2926509186351706, 0.276, 0.31627296587926507, 0.291]	word-word	answer-answer	0.0892	-0.001	0.0656	0.001	-0.0039	0.014	5
7.96875	Legal	[0.22703412073490814, 0.277, 0.29658792650918636, 0.29]	[0.536745406824147, 0.319, 0.589238845144357, 0.331]	no-link	answer-question	-0.2402	-0.3097	-0.3622	-0.042	-0.041	-0.029	5
7.96875	TRIM	[0.22703412073490814, 0.277, 0.29658792650918636, 0.29]	[0.07611548556430446, 0.334, 0.11548556430446194, 0.352]	no-link	answer-question	0.2205	0.1509	0.1115	-0.057	-0.062	-0.044	5
7.96875	Statement	[0.22703412073490814, 0.277, 0.29658792650918636, 0.29]	[0.31627296587926507, 0.39, 0.39238845144356954, 0.405]	no-link	answer-answer	-0.0197	-0.0892	-0.1654	-0.113	-0.115	-0.1	5
7.96875	Exhibt	[0.22703412073490814, 0.277, 0.29658792650918636, 0.29]	[0.22703412073490814, 0.392, 0.28346456692913385, 0.409]	no-link	answer-answer	0.0696	0.0	-0.0564	-0.115	-0.119	-0.102	5
7.96875	1(a)	[0.22703412073490814, 0.277, 0.29658792650918636, 0.29]	[0.28083989501312334, 0.392, 0.3136482939632546, 0.405]	no-link	answer-answer	0.0157	-0.0538	-0.0866	-0.115	-0.115	-0.102	5
7.96875	WARNING	[0.22703412073490814, 0.277, 0.29658792650918636, 0.29]	[0.07611548556430446, 0.394, 0.16141732283464566, 0.407]	no-link	answer-question	0.2205	0.1509	0.0656	-0.117	-0.117	-0.104	5
7.96875	T&N	[0.22703412073490814, 0.277, 0.29658792650918636, 0.29]	[0.07349081364829396, 0.453, 0.11286089238845144, 0.465]	no-link	answer-header	0.2231	0.1535	0.1142	-0.176	-0.175	-0.163	5
7.96875	OTT	[0.22703412073490814, 0.277, 0.29658792650918636, 0.29]	[0.06955380577427822, 0.51, 0.11548556430446194, 0.522]	no-link	answer-question	0.227	0.1575	0.1115	-0.233	-0.232	-0.22	5
7.96875	Date	[0.22703412073490814, 0.277, 0.29658792650918636, 0.29]	[0.6732283464566929, 0.523, 0.7191601049868767, 0.538]	no-link	answer-answer	-0.3766	-0.4462	-0.4921	-0.246	-0.248	-0.233	5
Legal	TRIM	[0.536745406824147, 0.319, 0.589238845144357, 0.331]	[0.07611548556430446, 0.334, 0.11548556430446194, 0.352]	line-line	question-question	-0.4213	0.015	-0.4606	0.021	-0.5131	0.033	6
Legal	Statement	[0.536745406824147, 0.319, 0.589238845144357, 0.331]	[0.31627296587926507, 0.39, 0.39238845144356954, 0.405]	no-link	question-answer	0.273	0.2205	0.1444	-0.071	-0.074	-0.059	6
Legal	Exhibt	[0.536745406824147, 0.319, 0.589238845144357, 0.331]	[0.22703412073490814, 0.392, 0.28346456692913385, 0.409]	no-link	question-answer	0.3622	0.3097	0.2533	-0.073	-0.078	-0.061	6
Legal	1(a)	[0.536745406824147, 0.319, 0.589238845144357, 0.331]	[0.28083989501312334, 0.392, 0.3136482939632546, 0.405]	no-link	question-answer	0.3084	0.2559	0.2231	-0.073	-0.074	-0.061	6
Legal	WARNING	[0.536745406824147, 0.319, 0.589238845144357, 0.331]	[0.07611548556430446, 0.394, 0.16141732283464566, 0.407]	no-link	question-question	0.5131	0.4606	0.3753	-0.075	-0.076	-0.063	6
Legal	T&N	[0.536745406824147, 0.319, 0.589238845144357, 0.331]	[0.07349081364829396, 0.453, 0.11286089238845144, 0.465]	no-link	question-header	0.5157	0.4633	0.4239	-0.134	-0.134	-0.122	6
Legal	OTT	[0.536745406824147, 0.319, 0.589238845144357, 0.331]	[0.06955380577427822, 0.51, 0.11548556430446194, 0.522]	no-link	question-question	0.5197	0.4672	0.4213	-0.191	-0.191	-0.179	6
Legal	Date	[0.536745406824147, 0.319, 0.589238845144357, 0.331]	[0.6732283464566929, 0.523, 0.7191601049868767, 0.538]	no-link	question-answer	-0.084	-0.1365	-0.1824	-0.204	-0.207	-0.192	6
Legal	Department	[0.536745406824147, 0.319, 0.589238845144357, 0.331]	[0.41863517060367456, 0.525, 0.5144356955380578, 0.54]	no-link	question-question	0.1706	0.1181	0.0223	-0.206	-0.209	-0.194	6
Legal	Approval	[0.536745406824147, 0.319, 0.589238845144357, 0.331]	[0.5380577427821522, 0.331, 0.6036745406824147, 0.348]	word-word	question-question	0.0669	0.012	0.0013	0.017	-0.0512	0.029	6
TRIM	(Date)	[0.07611548556430446, 0.334, 0.11548556430446194, 0.352]	[0.7086614173228346, 0.346, 0.7545931758530183, 0.359]	question-question	question-question	0.6785	0.012	0.6325	0.007	0.5932	0.025	7
TRIM	Statement	[0.07611548556430446, 0.334, 0.11548556430446194, 0.352]	[0.31627296587926507, 0.39, 0.39238845144356954, 0.405]	no-link	question-answer	-0.2008	-0.2402	-0.3163	-0.056	-0.053	-0.038	7
TRIM	Exhibt	[0.07611548556430446, 0.334, 0.11548556430446194, 0.352]	[0.22703412073490814, 0.392, 0.28346456692913385, 0.409]	no-link	question-answer	-0.1115	-0.1509	-0.2073	-0.058	-0.057	-0.04	7
TRIM	1(a)	[0.07611548556430446, 0.334, 0.11548556430446194, 0.352]	[0.28083989501312334, 0.392, 0.3136482939632546, 0.405]	no-link	question-answer	-0.1654	-0.2047	-0.2375	-0.058	-0.053	-0.04	7
TRIM	WARNING	[0.07611548556430446, 0.334, 0.11548556430446194, 0.352]	[0.07611548556430446, 0.394, 0.16141732283464566, 0.407]	no-link	question-question	0.0394	0.0	-0.0853	-0.06	-0.055	-0.042	7
TRIM	T&N	[0.07611548556430446, 0.334, 0.11548556430446194, 0.352]	[0.07349081364829396, 0.453, 0.11286089238845144, 0.465]	no-link	question-header	0.042	0.0026	-0.0367	-0.119	-0.113	-0.101	7
TRIM	OTT	[0.07611548556430446, 0.334, 0.11548556430446194, 0.352]	[0.06955380577427822, 0.51, 0.11548556430446194, 0.522]	no-link	question-question	0.0459	0.0066	-0.0394	-0.176	-0.17	-0.158	7
TRIM	Date	[0.07611548556430446, 0.334, 0.11548556430446194, 0.352]	[0.6732283464566929, 0.523, 0.7191601049868767, 0.538]	no-link	question-answer	-0.5577	-0.5971	-0.643	-0.189	-0.186	-0.171	7
TRIM	Department	[0.07611548556430446, 0.334, 0.11548556430446194, 0.352]	[0.41863517060367456, 0.525, 0.5144356955380578, 0.54]	no-link	question-question	-0.3031	-0.3425	-0.4383	-0.191	-0.188	-0.173	7
TRIM	WARNING	[0.07611548556430446, 0.334, 0.11548556430446194, 0.352]	[0.07611548556430446, 0.394, 0.16141732283464566, 0.407]	line-line	question-question	0.0853	0.06	0.0	0.055	-0.0394	0.073	7
TRIM	Signature	[0.07611548556430446, 0.334, 0.11548556430446194, 0.352]	[0.1115485564304462, 0.527, 0.1942257217847769, 0.542]	no-link	question-question	0.0039	-0.0354	-0.1181	-0.193	-0.19	-0.175	7
TRIM	SIZE	[0.07611548556430446, 0.334, 0.11548556430446194, 0.352]	[0.11811023622047244, 0.337, 0.16010498687664043, 0.35]	word-word	question-question	0.084	0.003	0.042	-0.002	0.0026	0.016	7
TRIM	33/16"WX21/2"H	[0.07611548556430446, 0.334, 0.11548556430446194, 0.352]	[0.22440944881889763, 0.332, 0.3884514435695538, 0.345]	question-answer	question-answer	0.3123	-0.002	0.1483	-0.007	0.1089	0.011	7
Statement	A	[0.31627296587926507, 0.39, 0.39238845144356954, 0.405]	[0.3884514435695538, 0.387, 0.410761154855643, 0.405]	word-word	answer-answer	0.0945	-0.003	0.0722	0.0	-0.0039	0.015	8
Statement	1(a)	[0.31627296587926507, 0.39, 0.39238845144356954, 0.405]	[0.28083989501312334, 0.392, 0.3136482939632546, 0.405]	no-link	answer-answer	0.1115	0.0354	0.0026	-0.002	0.0	0.013	8
Statement	WARNING	[0.31627296587926507, 0.39, 0.39238845144356954, 0.405]	[0.07611548556430446, 0.394, 0.16141732283464566, 0.407]	no-link	answer-question	0.3163	0.2402	0.1549	-0.004	-0.002	0.011	8
Statement	T&N	[0.31627296587926507, 0.39, 0.39238845144356954, 0.405]	[0.07349081364829396, 0.453, 0.11286089238845144, 0.465]	no-link	answer-header	0.3189	0.2428	0.2034	-0.063	-0.06	-0.048	8
Statement	OTT	[0.31627296587926507, 0.39, 0.39238845144356954, 0.405]	[0.06955380577427822, 0.51, 0.11548556430446194, 0.522]	no-link	answer-question	0.3228	0.2467	0.2008	-0.12	-0.117	-0.105	8
Statement	Date	[0.31627296587926507, 0.39, 0.39238845144356954, 0.405]	[0.6732283464566929, 0.523, 0.7191601049868767, 0.538]	no-link	answer-answer	-0.2808	-0.357	-0.4029	-0.133	-0.133	-0.118	8
Statement	Department	[0.31627296587926507, 0.39, 0.39238845144356954, 0.405]	[0.41863517060367456, 0.525, 0.5144356955380578, 0.54]	no-link	answer-question	-0.0262	-0.1024	-0.1982	-0.135	-0.135	-0.12	8
Statement	Signature	[0.31627296587926507, 0.39, 0.39238845144356954, 0.405]	[0.1115485564304462, 0.527, 0.1942257217847769, 0.542]	no-link	answer-question	0.2808	0.2047	0.122	-0.137	-0.137	-0.122	8
Exhibt	1(a)	[0.22703412073490814, 0.392, 0.28346456692913385, 0.409]	[0.28083989501312334, 0.392, 0.3136482939632546, 0.405]	word-word	answer-answer	0.0866	0.0	0.0538	-0.004	-0.0026	0.013	8
Exhibt	WARNING	[0.22703412073490814, 0.392, 0.28346456692913385, 0.409]	[0.07611548556430446, 0.394, 0.16141732283464566, 0.407]	no-link	answer-question	0.2073	0.1509	0.0656	-0.002	0.002	0.015	8
Exhibt	T&N	[0.22703412073490814, 0.392, 0.28346456692913385, 0.409]	[0.07349081364829396, 0.453, 0.11286089238845144, 0.465]	no-link	answer-header	0.21	0.1535	0.1142	-0.061	-0.056	-0.044	8
Exhibt	OTT	[0.22703412073490814, 0.392, 0.28346456692913385, 0.409]	[0.06955380577427822, 0.51, 0.11548556430446194, 0.522]	no-link	answer-question	0.2139	0.1575	0.1115	-0.118	-0.113	-0.101	8
Exhibt	Date	[0.22703412073490814, 0.392, 0.28346456692913385, 0.409]	[0.6732283464566929, 0.523, 0.7191601049868767, 0.538]	no-link	answer-answer	-0.3898	-0.4462	-0.4921	-0.131	-0.129	-0.114	8
Exhibt	Department	[0.22703412073490814, 0.392, 0.28346456692913385, 0.409]	[0.41863517060367456, 0.525, 0.5144356955380578, 0.54]	no-link	answer-question	-0.1352	-0.1916	-0.2874	-0.133	-0.131	-0.116	8
Exhibt	Signature	[0.22703412073490814, 0.392, 0.28346456692913385, 0.409]	[0.1115485564304462, 0.527, 0.1942257217847769, 0.542]	no-link	answer-question	0.1719	0.1155	0.0328	-0.135	-0.133	-0.118	8
Exhibt	10/22/98	[0.22703412073490814, 0.392, 0.28346456692913385, 0.409]	[0.6929133858267716, 0.533, 0.7992125984251969, 0.555]	no-link	answer-answer	-0.4094	-0.4659	-0.5722	-0.141	-0.146	-0.124	8
1(a)	Statement	[0.28083989501312334, 0.392, 0.3136482939632546, 0.405]	[0.31627296587926507, 0.39, 0.39238845144356954, 0.405]	word-word	answer-answer	0.1115	-0.002	0.0354	0.0	0.0026	0.013	8
1(a)	WARNING	[0.28083989501312334, 0.392, 0.3136482939632546, 0.405]	[0.07611548556430446, 0.394, 0.16141732283464566, 0.407]	no-link	answer-answer	0.2375	0.2047	0.1194	-0.002	-0.002	0.011	8
1(a)	T&N	[0.28083989501312334, 0.392, 0.3136482939632546, 0.405]	[0.07349081364829396, 0.453, 0.11286089238845144, 0.465]	no-link	answer-header	0.2402	0.2073	0.168	-0.061	-0.06	-0.048	8
1(a)	OTT	[0.28083989501312334, 0.392, 0.3136482939632546, 0.405]	[0.06955380577427822, 0.51, 0.11548556430446194, 0.522]	no-link	answer-question	0.2441	0.2113	0.1654	-0.118	-0.117	-0.105	8
1(a)	Date	[0.28083989501312334, 0.392, 0.3136482939632546, 0.405]	[0.6732283464566929, 0.523, 0.7191601049868767, 0.538]	no-link	answer-answer	-0.3596	-0.3924	-0.4383	-0.131	-0.133	-0.118	8
1(a)	Department	[0.28083989501312334, 0.392, 0.3136482939632546, 0.405]	[0.41863517060367456, 0.525, 0.5144356955380578, 0.54]	no-link	answer-question	-0.105	-0.1378	-0.2336	-0.133	-0.135	-0.12	8
1(a)	Signature	[0.28083989501312334, 0.392, 0.3136482939632546, 0.405]	[0.1115485564304462, 0.527, 0.1942257217847769, 0.542]	no-link	answer-question	0.2021	0.1693	0.0866	-0.135	-0.137	-0.122	8
1(a)	10/22/98	[0.28083989501312334, 0.392, 0.3136482939632546, 0.405]	[0.6929133858267716, 0.533, 0.7992125984251969, 0.555]	no-link	answer-answer	-0.3793	-0.4121	-0.5184	-0.141	-0.15	-0.128	8
1(a)	LKelly	[0.28083989501312334, 0.392, 0.3136482939632546, 0.405]	[0.12467191601049869, 0.537, 0.23622047244094488, 0.575]	no-link	answer-answer	0.189	0.1562	0.0446	-0.145	-0.17	-0.132	8
WARNING	T&N	[0.07611548556430446, 0.394, 0.16141732283464566, 0.407]	[0.07349081364829396, 0.453, 0.11286089238845144, 0.465]	line-line	question-question	0.0367	0.059	-0.0026	0.058	-0.0879	0.071	8
WARNING	OTT	[0.07611548556430446, 0.394, 0.16141732283464566, 0.407]	[0.06955380577427822, 0.51, 0.11548556430446194, 0.522]	no-link	question-question	0.0919	0.0066	-0.0394	-0.116	-0.115	-0.103	8
WARNING	Date	[0.07611548556430446, 0.394, 0.16141732283464566, 0.407]	[0.6732283464566929, 0.523, 0.7191601049868767, 0.538]	no-link	question-answer	-0.5118	-0.5971	-0.643	-0.129	-0.131	-0.116	8
WARNING	Department	[0.07611548556430446, 0.394, 0.16141732283464566, 0.407]	[0.41863517060367456, 0.525, 0.5144356955380578, 0.54]	no-link	question-question	-0.2572	-0.3425	-0.4383	-0.131	-0.133	-0.118	8
WARNING	Signature	[0.07611548556430446, 0.394, 0.16141732283464566, 0.407]	[0.1115485564304462, 0.527, 0.1942257217847769, 0.542]	no-link	question-question	0.0499	-0.0354	-0.1181	-0.133	-0.135	-0.12	8
WARNING	10/22/98	[0.07611548556430446, 0.394, 0.16141732283464566, 0.407]	[0.6929133858267716, 0.533, 0.7992125984251969, 0.555]	no-link	question-answer	-0.5315	-0.6168	-0.7231	-0.139	-0.148	-0.126	8
WARNING	LKelly	[0.07611548556430446, 0.394, 0.16141732283464566, 0.407]	[0.12467191601049869, 0.537, 0.23622047244094488, 0.575]	no-link	question-answer	0.0367	-0.0486	-0.1601	-0.143	-0.168	-0.13	8
WARNING	production	[0.07611548556430446, 0.394, 0.16141732283464566, 0.407]	[0.42782152230971127, 0.54, 0.5721784776902887, 0.56]	no-link	question-answer	-0.2664	-0.3517	-0.4961	-0.146	-0.153	-0.133	8
WARNING	Exhibt	[0.07611548556430446, 0.394, 0.16141732283464566, 0.407]	[0.22703412073490814, 0.392, 0.28346456692913385, 0.409]	question-answer	question-answer	0.2073	-0.002	0.1509	0.002	0.0656	0.015	8
WARNING	B&W	[0.07611548556430446, 0.394, 0.16141732283464566, 0.407]	[0.07349081364829396, 0.664, 0.12335958005249344, 0.677]	no-link	question-question	0.0879	0.0026	-0.0472	-0.27	-0.27	-0.257	8
T&N	OTT	[0.07349081364829396, 0.453, 0.11286089238845144, 0.465]	[0.06955380577427822, 0.51, 0.11548556430446194, 0.522]	line-line	question-header	0.042	0.057	-0.0039	0.057	-0.0433	0.069	9
T&N	Date	[0.07349081364829396, 0.453, 0.11286089238845144, 0.465]	[0.6732283464566929, 0.523, 0.7191601049868767, 0.538]	no-link	question-answer	-0.5604	-0.5997	-0.6457	-0.07	-0.073	-0.058	9
T&N	Department	[0.07349081364829396, 0.453, 0.11286089238845144, 0.465]	[0.41863517060367456, 0.525, 0.5144356955380578, 0.54]	no-link	question-question	-0.3058	-0.3451	-0.4409	-0.072	-0.075	-0.06	9
T&N	Signature	[0.07349081364829396, 0.453, 0.11286089238845144, 0.465]	[0.1115485564304462, 0.527, 0.1942257217847769, 0.542]	no-link	question-question	0.0013	-0.0381	-0.1207	-0.074	-0.077	-0.062	9
T&N	10/22/98	[0.07349081364829396, 0.453, 0.11286089238845144, 0.465]	[0.6929133858267716, 0.533, 0.7992125984251969, 0.555]	no-link	question-answer	-0.5801	-0.6194	-0.7257	-0.08	-0.09	-0.068	9
T&N	LKelly	[0.07349081364829396, 0.453, 0.11286089238845144, 0.465]	[0.12467191601049869, 0.537, 0.23622047244094488, 0.575]	no-link	question-answer	-0.0118	-0.0512	-0.1627	-0.084	-0.11	-0.072	9
T&N	production	[0.07349081364829396, 0.453, 0.11286089238845144, 0.465]	[0.42782152230971127, 0.54, 0.5721784776902887, 0.56]	no-link	question-answer	-0.315	-0.3543	-0.4987	-0.087	-0.095	-0.075	9
T&N	B&W	[0.07349081364829396, 0.453, 0.11286089238845144, 0.465]	[0.07349081364829396, 0.664, 0.12335958005249344, 0.677]	no-link	question-question	0.0394	0.0	-0.0499	-0.211	-0.212	-0.199	9
T&N	8'	[0.07349081364829396, 0.453, 0.11286089238845144, 0.465]	[0.22440944881889763, 0.447, 0.24803149606299213, 0.464]	question-answer	question-answer	0.1745	-0.006	0.1509	-0.001	0.1115	0.011	9
OTT	Signature	[0.06955380577427822, 0.51, 0.11548556430446194, 0.522]	[0.1115485564304462, 0.527, 0.1942257217847769, 0.542]	line-line	header-question	0.1247	0.017	0.042	0.02	-0.0039	0.032	10
OTT	Date	[0.06955380577427822, 0.51, 0.11548556430446194, 0.522]	[0.6732283464566929, 0.523, 0.7191601049868767, 0.538]	no-link	header-answer	-0.5577	-0.6037	-0.6496	-0.013	-0.016	-0.001	10
OTT	Department	[0.06955380577427822, 0.51, 0.11548556430446194, 0.522]	[0.41863517060367456, 0.525, 0.5144356955380578, 0.54]	no-link	header-question	-0.3031	-0.3491	-0.4449	-0.015	-0.018	-0.003	10
OTT	10/22/98	[0.06955380577427822, 0.51, 0.11548556430446194, 0.522]	[0.6929133858267716, 0.533, 0.7992125984251969, 0.555]	no-link	header-answer	-0.5774	-0.6234	-0.7297	-0.023	-0.033	-0.011	10
OTT	LKelly	[0.06955380577427822, 0.51, 0.11548556430446194, 0.522]	[0.12467191601049869, 0.537, 0.23622047244094488, 0.575]	no-link	header-answer	-0.0092	-0.0551	-0.1667	-0.027	-0.053	-0.015	10
OTT	production	[0.06955380577427822, 0.51, 0.11548556430446194, 0.522]	[0.42782152230971127, 0.54, 0.5721784776902887, 0.56]	no-link	header-answer	-0.3123	-0.3583	-0.5026	-0.03	-0.038	-0.018	10
OTT	B&W	[0.06955380577427822, 0.51, 0.11548556430446194, 0.522]	[0.07349081364829396, 0.664, 0.12335958005249344, 0.677]	no-link	header-question	0.042	-0.0039	-0.0538	-0.154	-0.155	-0.142	10
OTT	APPROVALS	[0.06955380577427822, 0.51, 0.11548556430446194, 0.522]	[0.11811023622047244, 0.507, 0.2178477690288714, 0.524]	word-word	header-header	0.1483	-0.003	0.0486	0.002	0.0026	0.014	10
OTT	Signature	[0.06955380577427822, 0.51, 0.11548556430446194, 0.522]	[0.1115485564304462, 0.527, 0.1942257217847769, 0.542]	header-question	header-question	0.1247	0.017	0.042	0.02	-0.0039	0.032	10
OTT	Department	[0.06955380577427822, 0.51, 0.11548556430446194, 0.522]	[0.41863517060367456, 0.525, 0.5144356955380578, 0.54]	header-question	header-question	0.4449	0.015	0.3491	0.018	0.3031	0.03	10
OTT	Date	[0.06955380577427822, 0.51, 0.11548556430446194, 0.522]	[0.6732283464566929, 0.523, 0.7191601049868767, 0.538]	header-question	header-question	0.6496	0.013	0.6037	0.016	0.5577	0.028	10
OTT	APPROVALS	[0.06955380577427822, 0.51, 0.11548556430446194, 0.522]	[0.11811023622047244, 0.507, 0.2178477690288714, 0.524]	word-word	header-header	0.1483	-0.003	0.0486	0.002	0.0026	0.014	11
Date	10/22/98	[0.6732283464566929, 0.523, 0.7191601049868767, 0.538]	[0.6929133858267716, 0.533, 0.7992125984251969, 0.555]	question-answer	question-answer	0.126	0.01	0.0197	0.017	-0.0262	0.032	11
Date	Department	[0.6732283464566929, 0.523, 0.7191601049868767, 0.538]	[0.41863517060367456, 0.525, 0.5144356955380578, 0.54]	no-link	question-question	0.3005	0.2546	0.1588	-0.002	-0.002	0.013	11
Date	Signature	[0.6732283464566929, 0.523, 0.7191601049868767, 0.538]	[0.1115485564304462, 0.527, 0.1942257217847769, 0.542]	no-link	question-question	0.6076	0.5617	0.479	-0.004	-0.004	0.011	11
Date	LKelly	[0.6732283464566929, 0.523, 0.7191601049868767, 0.538]	[0.12467191601049869, 0.537, 0.23622047244094488, 0.575]	no-link	question-answer	0.5945	0.5486	0.437	-0.014	-0.037	0.001	11
Date	production	[0.6732283464566929, 0.523, 0.7191601049868767, 0.538]	[0.42782152230971127, 0.54, 0.5721784776902887, 0.56]	no-link	question-answer	0.2913	0.2454	0.101	-0.017	-0.022	-0.002	11
Date	B&W	[0.6732283464566929, 0.523, 0.7191601049868767, 0.538]	[0.07349081364829396, 0.664, 0.12335958005249344, 0.677]	no-link	question-question	0.6457	0.5997	0.5499	-0.141	-0.139	-0.126	11
Date	OTT	[0.6732283464566929, 0.523, 0.7191601049868767, 0.538]	[0.06955380577427822, 0.51, 0.11548556430446194, 0.522]	question-header	question-header	-0.5577	-0.013	-0.6037	-0.016	-0.6496	-0.001	11
Department	Date	[0.41863517060367456, 0.525, 0.5144356955380578, 0.54]	[0.6732283464566929, 0.523, 0.7191601049868767, 0.538]	question-question	question-question	0.3005	-0.002	0.2546	-0.002	0.1588	0.013	11
Department	Signature	[0.41863517060367456, 0.525, 0.5144356955380578, 0.54]	[0.1115485564304462, 0.527, 0.1942257217847769, 0.542]	no-link	question-question	0.4029	0.3071	0.2244	-0.002	-0.002	0.013	11
Department	10/22/98	[0.41863517060367456, 0.525, 0.5144356955380578, 0.54]	[0.6929133858267716, 0.533, 0.7992125984251969, 0.555]	no-link	question-answer	-0.1785	-0.2743	-0.3806	-0.008	-0.015	0.007	11
Department	LKelly	[0.41863517060367456, 0.525, 0.5144356955380578, 0.54]	[0.12467191601049869, 0.537, 0.23622047244094488, 0.575]	no-link	question-answer	0.3898	0.294	0.1824	-0.012	-0.035	0.003	11
Department	production	[0.41863517060367456, 0.525, 0.5144356955380578, 0.54]	[0.42782152230971127, 0.54, 0.5721784776902887, 0.56]	no-link	question-answer	0.0866	-0.0092	-0.1535	-0.015	-0.02	0.0	11
Department	B&W	[0.41863517060367456, 0.525, 0.5144356955380578, 0.54]	[0.07349081364829396, 0.664, 0.12335958005249344, 0.677]	no-link	question-question	0.4409	0.3451	0.2953	-0.139	-0.137	-0.124	11
Department	production	[0.41863517060367456, 0.525, 0.5144356955380578, 0.54]	[0.42782152230971127, 0.54, 0.5721784776902887, 0.56]	question-answer	question-answer	0.1535	0.015	0.0092	0.02	-0.0866	0.035	11
Department	OTT	[0.41863517060367456, 0.525, 0.5144356955380578, 0.54]	[0.06955380577427822, 0.51, 0.11548556430446194, 0.522]	question-header	question-header	-0.3031	-0.015	-0.3491	-0.018	-0.4449	-0.003	11
Signature	Department	[0.1115485564304462, 0.527, 0.1942257217847769, 0.542]	[0.41863517060367456, 0.525, 0.5144356955380578, 0.54]	question-question	question-question	0.4029	-0.002	0.3071	-0.002	0.2244	0.013	11
Signature	10/22/98	[0.1115485564304462, 0.527, 0.1942257217847769, 0.542]	[0.6929133858267716, 0.533, 0.7992125984251969, 0.555]	no-link	question-answer	-0.4987	-0.5814	-0.6877	-0.006	-0.013	0.009	11
Signature	LKelly	[0.1115485564304462, 0.527, 0.1942257217847769, 0.542]	[0.12467191601049869, 0.537, 0.23622047244094488, 0.575]	no-link	question-answer	0.0696	-0.0131	-0.1247	-0.01	-0.033	0.005	11
Signature	production	[0.1115485564304462, 0.527, 0.1942257217847769, 0.542]	[0.42782152230971127, 0.54, 0.5721784776902887, 0.56]	no-link	question-answer	-0.2336	-0.3163	-0.4606	-0.013	-0.018	0.002	11
Signature	B&W	[0.1115485564304462, 0.527, 0.1942257217847769, 0.542]	[0.07349081364829396, 0.664, 0.12335958005249344, 0.677]	no-link	question-question	0.1207	0.0381	-0.0118	-0.137	-0.135	-0.122	11
Signature	Date	[0.1115485564304462, 0.527, 0.1942257217847769, 0.542]	[0.6758530183727034, 0.676, 0.7257217847769029, 0.693]	no-link	question-header	-0.4816	-0.5643	-0.6142	-0.149	-0.151	-0.134	11
Signature	B&W	[0.1115485564304462, 0.527, 0.1942257217847769, 0.542]	[0.07349081364829396, 0.664, 0.12335958005249344, 0.677]	line-line	question-header	0.0118	0.137	-0.0381	0.135	-0.1207	0.15	11
Signature	LKelly	[0.1115485564304462, 0.527, 0.1942257217847769, 0.542]	[0.12467191601049869, 0.537, 0.23622047244094488, 0.575]	question-answer	question-answer	0.1247	0.01	0.0131	0.033	-0.0696	0.048	11
Signature	OTT	[0.1115485564304462, 0.527, 0.1942257217847769, 0.542]	[0.06955380577427822, 0.51, 0.11548556430446194, 0.522]	question-header	question-header	0.0039	-0.017	-0.042	-0.02	-0.1247	-0.005	11
10/22/98	10/22/98	[0.6929133858267716, 0.533, 0.7992125984251969, 0.555]	[0.678477690288714, 0.56, 0.7979002624671916, 0.578]	word-word	answer-answer	0.105	0.027	-0.0144	0.023	-0.1207	0.045	11
10/22/98	production	[0.6929133858267716, 0.533, 0.7992125984251969, 0.555]	[0.42782152230971127, 0.54, 0.5721784776902887, 0.56]	no-link	answer-answer	0.3714	0.2651	0.1207	-0.007	-0.005	0.015	11
10/22/98	B&W	[0.6929133858267716, 0.533, 0.7992125984251969, 0.555]	[0.07349081364829396, 0.664, 0.12335958005249344, 0.677]	no-link	answer-question	0.7257	0.6194	0.5696	-0.131	-0.122	-0.109	11
10/22/98	Date	[0.6929133858267716, 0.533, 0.7992125984251969, 0.555]	[0.6758530183727034, 0.676, 0.7257217847769029, 0.693]	no-link	answer-header	0.1234	0.0171	-0.0328	-0.143	-0.138	-0.121	11
10/22/98	Department	[0.6929133858267716, 0.533, 0.7992125984251969, 0.555]	[0.4225721784776903, 0.679, 0.5223097112860893, 0.697]	no-link	answer-question	0.3766	0.2703	0.1706	-0.146	-0.142	-0.124	11
10/22/98	Signature	[0.6929133858267716, 0.533, 0.7992125984251969, 0.555]	[0.11548556430446194, 0.683, 0.1942257217847769, 0.698]	no-link	answer-question	0.6837	0.5774	0.4987	-0.15	-0.143	-0.128	11
LKelly		[0.12467191601049869, 0.537, 0.23622047244094488, 0.575]	[0.14829396325459318, 0.57, 0.19160104986876642, 0.6]	word-word	answer-answer	0.0669	0.033	0.0236	0.025	-0.0879	0.063	11
LKelly	B&W	[0.12467191601049869, 0.537, 0.23622047244094488, 0.575]	[0.07349081364829396, 0.664, 0.12335958005249344, 0.677]	no-link	answer-question	0.1627	0.0512	0.0013	-0.127	-0.102	-0.089	11
LKelly	Date	[0.12467191601049869, 0.537, 0.23622047244094488, 0.575]	[0.6758530183727034, 0.676, 0.7257217847769029, 0.693]	no-link	answer-header	-0.4396	-0.5512	-0.601	-0.139	-0.118	-0.101	11
LKelly	Department	[0.12467191601049869, 0.537, 0.23622047244094488, 0.575]	[0.4225721784776903, 0.679, 0.5223097112860893, 0.697]	no-link	answer-question	-0.1864	-0.2979	-0.3976	-0.142	-0.122	-0.104	11
LKelly	Signature	[0.12467191601049869, 0.537, 0.23622047244094488, 0.575]	[0.11548556430446194, 0.683, 0.1942257217847769, 0.698]	no-link	answer-question	0.1207	0.0092	-0.0696	-0.146	-0.123	-0.108	11
production	AE	[0.42782152230971127, 0.54, 0.5721784776902887, 0.56]	[0.458005249343832, 0.56, 0.4973753280839895, 0.582]	word-word	answer-answer	0.0696	0.02	0.0302	0.022	-0.1142	0.042	11
production	B&W	[0.42782152230971127, 0.54, 0.5721784776902887, 0.56]	[0.07349081364829396, 0.664, 0.12335958005249344, 0.677]	no-link	answer-header	0.4987	0.3543	0.3045	-0.124	-0.117	-0.104	11
production	Date	[0.42782152230971127, 0.54, 0.5721784776902887, 0.56]	[0.6758530183727034, 0.676, 0.7257217847769029, 0.693]	no-link	answer-header	-0.1037	-0.248	-0.2979	-0.136	-0.133	-0.116	11
production	Department	[0.42782152230971127, 0.54, 0.5721784776902887, 0.56]	[0.4225721784776903, 0.679, 0.5223097112860893, 0.697]	no-link	answer-question	0.1496	0.0052	-0.0945	-0.139	-0.137	-0.119	11
production	Signature	[0.42782152230971127, 0.54, 0.5721784776902887, 0.56]	[0.11548556430446194, 0.683, 0.1942257217847769, 0.698]	no-link	answer-question	0.4567	0.3123	0.2336	-0.143	-0.138	-0.123	11
B&W	Signature	[0.07349081364829396, 0.664, 0.12335958005249344, 0.677]	[0.11548556430446194, 0.683, 0.1942257217847769, 0.698]	line-line	header-question	0.1207	0.019	0.042	0.021	-0.0079	0.034	12
B&W	Date	[0.07349081364829396, 0.664, 0.12335958005249344, 0.677]	[0.6758530183727034, 0.676, 0.7257217847769029, 0.693]	no-link	header-header	-0.5525	-0.6024	-0.6522	-0.012	-0.016	0.001	12
B&W	Department	[0.07349081364829396, 0.664, 0.12335958005249344, 0.677]	[0.4225721784776903, 0.679, 0.5223097112860893, 0.697]	no-link	header-question	-0.2992	-0.3491	-0.4488	-0.015	-0.02	-0.002	12
B&W	APPROVALS	[0.07349081364829396, 0.664, 0.12335958005249344, 0.677]	[0.12467191601049869, 0.663, 0.22965879265091863, 0.676]	word-word	header-header	0.1562	-0.001	0.0512	-0.001	0.0013	0.012	12
B&W	Signature	[0.07349081364829396, 0.664, 0.12335958005249344, 0.677]	[0.11548556430446194, 0.683, 0.1942257217847769, 0.698]	header-question	header-question	0.1207	0.019	0.042	0.021	-0.0079	0.034	12
B&W	Department	[0.07349081364829396, 0.664, 0.12335958005249344, 0.677]	[0.4225721784776903, 0.679, 0.5223097112860893, 0.697]	header-question	header-question	0.4488	0.015	0.3491	0.02	0.2992	0.033	12
B&W	Date	[0.07349081364829396, 0.664, 0.12335958005249344, 0.677]	[0.6758530183727034, 0.676, 0.7257217847769029, 0.693]	header-question	header-question	0.6522	0.012	0.6024	0.016	0.5525	0.029	12
B&W	APPROVALS	[0.07349081364829396, 0.664, 0.12335958005249344, 0.677]	[0.12467191601049869, 0.663, 0.22965879265091863, 0.676]	word-word	header-header	0.1562	-0.001	0.0512	-0.001	0.0013	0.012	13
Date	B&W	[0.6758530183727034, 0.676, 0.7257217847769029, 0.693]	[0.07349081364829396, 0.664, 0.12335958005249344, 0.677]	question-header	question-header	-0.5525	-0.012	-0.6024	-0.016	-0.6522	0.001	13
Department	Date	[0.4225721784776903, 0.679, 0.5223097112860893, 0.697]	[0.6758530183727034, 0.676, 0.7257217847769029, 0.693]	question-question	question-question	0.3031	-0.003	0.2533	-0.004	0.1535	0.014	13
Department	B&W	[0.4225721784776903, 0.679, 0.5223097112860893, 0.697]	[0.07349081364829396, 0.664, 0.12335958005249344, 0.677]	question-header	question-header	-0.2992	-0.015	-0.3491	-0.02	-0.4488	-0.002	13
Signature	Department	[0.11548556430446194, 0.683, 0.1942257217847769, 0.698]	[0.4225721784776903, 0.679, 0.5223097112860893, 0.697]	question-question	question-question	0.4068	-0.004	0.3071	-0.001	0.2283	0.014	13
Signature	B&W	[0.11548556430446194, 0.683, 0.1942257217847769, 0.698]	[0.07349081364829396, 0.664, 0.12335958005249344, 0.677]	question-header	question-header	0.0079	-0.019	-0.042	-0.021	-0.1207	-0.006	13
Signature		[0.11548556430446194, 0.683, 0.1942257217847769, 0.698]	[0.23753280839895013, 0.628, 0.4448818897637795, 0.771]	question-answer	question-answer	0.3294	-0.055	0.122	0.073	0.0433	0.088	13
