PROJECT	DATE:	[0.4304461942257218, 0.074, 0.5091863517060368, 0.089]	[0.14304461942257218, 0.112, 0.19816272965879264, 0.129]	line-line	header-question	-0.2323	0.038	-0.2874	0.04	-0.3661	0.055	0
PROJECT	June	[0.4304461942257218, 0.074, 0.5091863517060368, 0.089]	[0.2545931758530184, 0.115, 0.30183727034120733, 0.129]	no-link	header-answer	0.2546	0.1759	0.1286	-0.041	-0.04	-0.026	0
PROJECT	1,	[0.4304461942257218, 0.074, 0.5091863517060368, 0.089]	[0.3083989501312336, 0.115, 0.33070866141732286, 0.129]	no-link	header-answer	0.2008	0.122	0.0997	-0.041	-0.04	-0.026	0
PROJECT	BRAND:	[0.4304461942257218, 0.074, 0.5091863517060368, 0.089]	[0.14435695538057744, 0.14, 0.20866141732283464, 0.155]	no-link	header-question	0.3648	0.2861	0.2218	-0.066	-0.066	-0.051	0
PROJECT	General	[0.4304461942257218, 0.074, 0.5091863517060368, 0.089]	[0.23097112860892388, 0.142, 0.3083989501312336, 0.157]	no-link	header-answer	0.2782	0.1995	0.122	-0.068	-0.068	-0.053	0
PROJECT	Merchandising	[0.4304461942257218, 0.074, 0.5091863517060368, 0.089]	[0.3188976377952756, 0.142, 0.46194225721784776, 0.159]	no-link	header-answer	0.1903	0.1115	-0.0315	-0.068	-0.07	-0.053	0
PROJECT	ITEM:	[0.4304461942257218, 0.074, 0.5091863517060368, 0.089]	[0.5170603674540682, 0.145, 0.568241469816273, 0.162]	no-link	header-answer	-0.0079	-0.0866	-0.1378	-0.071	-0.073	-0.056	0
PROJECT	Package	[0.4304461942257218, 0.074, 0.5091863517060368, 0.089]	[0.5918635170603674, 0.147, 0.6666666666666666, 0.162]	no-link	header-answer	-0.0827	-0.1614	-0.2362	-0.073	-0.073	-0.058	0
PROJECT	Fixture	[0.4304461942257218, 0.074, 0.5091863517060368, 0.089]	[0.678477690288714, 0.147, 0.7559055118110236, 0.162]	no-link	header-answer	-0.1693	-0.248	-0.3255	-0.073	-0.073	-0.058	0
PROJECT	Circle-K	[0.4304461942257218, 0.074, 0.5091863517060368, 0.089]	[0.7637795275590551, 0.148, 0.8569553805774278, 0.163]	no-link	header-answer	-0.2546	-0.3333	-0.4265	-0.074	-0.074	-0.059	0
PROJECT	Convenient	[0.4304461942257218, 0.074, 0.5091863517060368, 0.089]	[0.5905511811023622, 0.161, 0.7007874015748031, 0.174]	no-link	header-answer	-0.0814	-0.1601	-0.2703	-0.087	-0.085	-0.072	0
PROJECT	SUMMARY	[0.4304461942257218, 0.074, 0.5091863517060368, 0.089]	[0.14304461942257218, 0.183, 0.2204724409448819, 0.198]	no-link	header-question	0.3661	0.2874	0.21	-0.109	-0.109	-0.094	0
PROJECT	OF	[0.4304461942257218, 0.074, 0.5091863517060368, 0.089]	[0.22965879265091863, 0.184, 0.2532808398950131, 0.195]	no-link	header-question	0.2795	0.2008	0.1772	-0.11	-0.106	-0.095	0
PROJECT	PROJECT:	[0.4304461942257218, 0.074, 0.5091863517060368, 0.089]	[0.2637795275590551, 0.184, 0.35039370078740156, 0.198]	no-link	header-answer	0.2454	0.1667	0.0801	-0.11	-0.109	-0.095	0
PROJECT	SUPPLIERS	[0.4304461942257218, 0.074, 0.5091863517060368, 0.089]	[0.13910761154855644, 0.251, 0.24015748031496062, 0.265]	no-link	header-question	0.3701	0.2913	0.1903	-0.177	-0.176	-0.162	0
PROJECT	BRIEF	[0.4304461942257218, 0.074, 0.5091863517060368, 0.089]	[0.5183727034120735, 0.075, 0.573490813648294, 0.09]	word-word	header-header	0.143	0.001	0.0879	0.001	0.0092	0.016	0
DATE:	BRAND:	[0.14304461942257218, 0.112, 0.19816272965879264, 0.129]	[0.14435695538057744, 0.14, 0.20866141732283464, 0.155]	line-line	question-question	0.0656	0.028	0.0013	0.026	-0.0538	0.043	1
DATE:	June	[0.14304461942257218, 0.112, 0.19816272965879264, 0.129]	[0.2545931758530184, 0.115, 0.30183727034120733, 0.129]	no-link	question-answer	-0.0564	-0.1115	-0.1588	-0.003	0.0	0.014	1
DATE:	1,	[0.14304461942257218, 0.112, 0.19816272965879264, 0.129]	[0.3083989501312336, 0.115, 0.33070866141732286, 0.129]	no-link	question-answer	-0.1102	-0.1654	-0.1877	-0.003	0.0	0.014	1
DATE:	General	[0.14304461942257218, 0.112, 0.19816272965879264, 0.129]	[0.23097112860892388, 0.142, 0.3083989501312336, 0.157]	no-link	question-answer	-0.0328	-0.0879	-0.1654	-0.03	-0.028	-0.013	1
DATE:	Merchandising	[0.14304461942257218, 0.112, 0.19816272965879264, 0.129]	[0.3188976377952756, 0.142, 0.46194225721784776, 0.159]	no-link	question-answer	-0.1207	-0.1759	-0.3189	-0.03	-0.03	-0.013	1
DATE:	ITEM:	[0.14304461942257218, 0.112, 0.19816272965879264, 0.129]	[0.5170603674540682, 0.145, 0.568241469816273, 0.162]	no-link	question-answer	-0.3189	-0.374	-0.4252	-0.033	-0.033	-0.016	1
DATE:	Package	[0.14304461942257218, 0.112, 0.19816272965879264, 0.129]	[0.5918635170603674, 0.147, 0.6666666666666666, 0.162]	no-link	question-answer	-0.3937	-0.4488	-0.5236	-0.035	-0.033	-0.018	1
DATE:	Fixture	[0.14304461942257218, 0.112, 0.19816272965879264, 0.129]	[0.678477690288714, 0.147, 0.7559055118110236, 0.162]	no-link	question-answer	-0.4803	-0.5354	-0.6129	-0.035	-0.033	-0.018	1
DATE:	Circle-K	[0.14304461942257218, 0.112, 0.19816272965879264, 0.129]	[0.7637795275590551, 0.148, 0.8569553805774278, 0.163]	no-link	question-answer	-0.5656	-0.6207	-0.7139	-0.036	-0.034	-0.019	1
DATE:	Convenient	[0.14304461942257218, 0.112, 0.19816272965879264, 0.129]	[0.5905511811023622, 0.161, 0.7007874015748031, 0.174]	no-link	question-answer	-0.3924	-0.4475	-0.5577	-0.049	-0.045	-0.032	1
DATE:	SUMMARY	[0.14304461942257218, 0.112, 0.19816272965879264, 0.129]	[0.14304461942257218, 0.183, 0.2204724409448819, 0.198]	no-link	question-question	0.0551	0.0	-0.0774	-0.071	-0.069	-0.054	1
DATE:	OF	[0.14304461942257218, 0.112, 0.19816272965879264, 0.129]	[0.22965879265091863, 0.184, 0.2532808398950131, 0.195]	no-link	question-question	-0.0315	-0.0866	-0.1102	-0.072	-0.066	-0.055	1
DATE:	PROJECT:	[0.14304461942257218, 0.112, 0.19816272965879264, 0.129]	[0.2637795275590551, 0.184, 0.35039370078740156, 0.198]	no-link	question-answer	-0.0656	-0.1207	-0.2073	-0.072	-0.069	-0.055	1
DATE:	SUPPLIERS	[0.14304461942257218, 0.112, 0.19816272965879264, 0.129]	[0.13910761154855644, 0.251, 0.24015748031496062, 0.265]	no-link	question-question	0.0591	0.0039	-0.0971	-0.139	-0.136	-0.122	1
DATE:	June	[0.14304461942257218, 0.112, 0.19816272965879264, 0.129]	[0.2545931758530184, 0.115, 0.30183727034120733, 0.129]	question-answer	question-answer	0.1588	0.003	0.1115	0.0	0.0564	0.017	1
June	1,	[0.2545931758530184, 0.115, 0.30183727034120733, 0.129]	[0.3083989501312336, 0.115, 0.33070866141732286, 0.129]	word-word	answer-answer	0.0761	0.0	0.0538	0.0	0.0066	0.014	1
June	BRAND:	[0.2545931758530184, 0.115, 0.30183727034120733, 0.129]	[0.14435695538057744, 0.14, 0.20866141732283464, 0.155]	no-link	answer-question	0.1575	0.1102	0.0459	-0.025	-0.026	-0.011	1
June	General	[0.2545931758530184, 0.115, 0.30183727034120733, 0.129]	[0.23097112860892388, 0.142, 0.3083989501312336, 0.157]	no-link	answer-answer	0.0709	0.0236	-0.0538	-0.027	-0.028	-0.013	1
June	Merchandising	[0.2545931758530184, 0.115, 0.30183727034120733, 0.129]	[0.3188976377952756, 0.142, 0.46194225721784776, 0.159]	no-link	answer-answer	-0.0171	-0.0643	-0.2073	-0.027	-0.03	-0.013	1
June	ITEM:	[0.2545931758530184, 0.115, 0.30183727034120733, 0.129]	[0.5170603674540682, 0.145, 0.568241469816273, 0.162]	no-link	answer-answer	-0.2152	-0.2625	-0.3136	-0.03	-0.033	-0.016	1
June	Package	[0.2545931758530184, 0.115, 0.30183727034120733, 0.129]	[0.5918635170603674, 0.147, 0.6666666666666666, 0.162]	no-link	answer-answer	-0.29	-0.3373	-0.4121	-0.032	-0.033	-0.018	1
June	Fixture	[0.2545931758530184, 0.115, 0.30183727034120733, 0.129]	[0.678477690288714, 0.147, 0.7559055118110236, 0.162]	no-link	answer-answer	-0.3766	-0.4239	-0.5013	-0.032	-0.033	-0.018	1
June	Circle-K	[0.2545931758530184, 0.115, 0.30183727034120733, 0.129]	[0.7637795275590551, 0.148, 0.8569553805774278, 0.163]	no-link	answer-answer	-0.4619	-0.5092	-0.6024	-0.033	-0.034	-0.019	1
June	Convenient	[0.2545931758530184, 0.115, 0.30183727034120733, 0.129]	[0.5905511811023622, 0.161, 0.7007874015748031, 0.174]	no-link	answer-answer	-0.2887	-0.336	-0.4462	-0.046	-0.045	-0.032	1
June	SUMMARY	[0.2545931758530184, 0.115, 0.30183727034120733, 0.129]	[0.14304461942257218, 0.183, 0.2204724409448819, 0.198]	no-link	answer-question	0.1588	0.1115	0.0341	-0.068	-0.069	-0.054	1
June	OF	[0.2545931758530184, 0.115, 0.30183727034120733, 0.129]	[0.22965879265091863, 0.184, 0.2532808398950131, 0.195]	no-link	answer-question	0.0722	0.0249	0.0013	-0.069	-0.066	-0.055	1
June	PROJECT:	[0.2545931758530184, 0.115, 0.30183727034120733, 0.129]	[0.2637795275590551, 0.184, 0.35039370078740156, 0.198]	no-link	answer-answer	0.0381	-0.0092	-0.0958	-0.069	-0.069	-0.055	1
June	SUPPLIERS	[0.2545931758530184, 0.115, 0.30183727034120733, 0.129]	[0.13910761154855644, 0.251, 0.24015748031496062, 0.265]	no-link	answer-question	0.1627	0.1155	0.0144	-0.136	-0.136	-0.122	1
1,	1990	[0.3083989501312336, 0.115, 0.33070866141732286, 0.129]	[0.3425196850393701, 0.115, 0.38713910761154857, 0.13]	word-word	answer-answer	0.0787	0.0	0.0341	0.001	0.0118	0.015	1
1,	BRAND:	[0.3083989501312336, 0.115, 0.33070866141732286, 0.129]	[0.14435695538057744, 0.14, 0.20866141732283464, 0.155]	no-link	answer-question	0.1864	0.164	0.0997	-0.025	-0.026	-0.011	1
1,	General	[0.3083989501312336, 0.115, 0.33070866141732286, 0.129]	[0.23097112860892388, 0.142, 0.3083989501312336, 0.157]	no-link	answer-answer	0.0997	0.0774	0.0	-0.027	-0.028	-0.013	1
1,	Merchandising	[0.3083989501312336, 0.115, 0.33070866141732286, 0.129]	[0.3188976377952756, 0.142, 0.46194225721784776, 0.159]	no-link	answer-answer	0.0118	-0.0105	-0.1535	-0.027	-0.03	-0.013	1
1,	ITEM:	[0.3083989501312336, 0.115, 0.33070866141732286, 0.129]	[0.5170603674540682, 0.145, 0.568241469816273, 0.162]	no-link	answer-answer	-0.1864	-0.2087	-0.2598	-0.03	-0.033	-0.016	1
1,	Package	[0.3083989501312336, 0.115, 0.33070866141732286, 0.129]	[0.5918635170603674, 0.147, 0.6666666666666666, 0.162]	no-link	answer-answer	-0.2612	-0.2835	-0.3583	-0.032	-0.033	-0.018	1
1,	Fixture	[0.3083989501312336, 0.115, 0.33070866141732286, 0.129]	[0.678477690288714, 0.147, 0.7559055118110236, 0.162]	no-link	answer-answer	-0.3478	-0.3701	-0.4475	-0.032	-0.033	-0.018	1
1,	Circle-K	[0.3083989501312336, 0.115, 0.33070866141732286, 0.129]	[0.7637795275590551, 0.148, 0.8569553805774278, 0.163]	no-link	answer-answer	-0.4331	-0.4554	-0.5486	-0.033	-0.034	-0.019	1
1,	Convenient	[0.3083989501312336, 0.115, 0.33070866141732286, 0.129]	[0.5905511811023622, 0.161, 0.7007874015748031, 0.174]	no-link	answer-answer	-0.2598	-0.2822	-0.3924	-0.046	-0.045	-0.032	1
1,	SUMMARY	[0.3083989501312336, 0.115, 0.33070866141732286, 0.129]	[0.14304461942257218, 0.183, 0.2204724409448819, 0.198]	no-link	answer-question	0.1877	0.1654	0.0879	-0.068	-0.069	-0.054	1
1,	OF	[0.3083989501312336, 0.115, 0.33070866141732286, 0.129]	[0.22965879265091863, 0.184, 0.2532808398950131, 0.195]	no-link	answer-question	0.101	0.0787	0.0551	-0.069	-0.066	-0.055	1
1,	PROJECT:	[0.3083989501312336, 0.115, 0.33070866141732286, 0.129]	[0.2637795275590551, 0.184, 0.35039370078740156, 0.198]	no-link	answer-answer	0.0669	0.0446	-0.042	-0.069	-0.069	-0.055	1
1,	SUPPLIERS	[0.3083989501312336, 0.115, 0.33070866141732286, 0.129]	[0.13910761154855644, 0.251, 0.24015748031496062, 0.265]	no-link	answer-question	0.1916	0.1693	0.0682	-0.136	-0.136	-0.122	1
BRAND:	ITEM:	[0.14435695538057744, 0.14, 0.20866141732283464, 0.155]	[0.5170603674540682, 0.145, 0.568241469816273, 0.162]	question-question	question-question	0.4239	0.005	0.3727	0.007	0.3084	0.022	2
BRAND:	General	[0.14435695538057744, 0.14, 0.20866141732283464, 0.155]	[0.23097112860892388, 0.142, 0.3083989501312336, 0.157]	no-link	question-answer	-0.0223	-0.0866	-0.164	-0.002	-0.002	0.013	2
BRAND:	Merchandising	[0.14435695538057744, 0.14, 0.20866141732283464, 0.155]	[0.3188976377952756, 0.142, 0.46194225721784776, 0.159]	no-link	question-answer	-0.1102	-0.1745	-0.3176	-0.002	-0.004	0.013	2
BRAND:	Package	[0.14435695538057744, 0.14, 0.20866141732283464, 0.155]	[0.5918635170603674, 0.147, 0.6666666666666666, 0.162]	no-link	question-answer	-0.3832	-0.4475	-0.5223	-0.007	-0.007	0.008	2
BRAND:	Fixture	[0.14435695538057744, 0.14, 0.20866141732283464, 0.155]	[0.678477690288714, 0.147, 0.7559055118110236, 0.162]	no-link	question-answer	-0.4698	-0.5341	-0.6115	-0.007	-0.007	0.008	2
BRAND:	Circle-K	[0.14435695538057744, 0.14, 0.20866141732283464, 0.155]	[0.7637795275590551, 0.148, 0.8569553805774278, 0.163]	no-link	question-answer	-0.5551	-0.6194	-0.7126	-0.008	-0.008	0.007	2
BRAND:	Convenient	[0.14435695538057744, 0.14, 0.20866141732283464, 0.155]	[0.5905511811023622, 0.161, 0.7007874015748031, 0.174]	no-link	question-answer	-0.3819	-0.4462	-0.5564	-0.021	-0.019	-0.006	2
BRAND:	SUMMARY	[0.14435695538057744, 0.14, 0.20866141732283464, 0.155]	[0.14304461942257218, 0.183, 0.2204724409448819, 0.198]	no-link	question-question	0.0656	0.0013	-0.0761	-0.043	-0.043	-0.028	2
BRAND:	OF	[0.14435695538057744, 0.14, 0.20866141732283464, 0.155]	[0.22965879265091863, 0.184, 0.2532808398950131, 0.195]	no-link	question-question	-0.021	-0.0853	-0.1089	-0.044	-0.04	-0.029	2
BRAND:	PROJECT:	[0.14435695538057744, 0.14, 0.20866141732283464, 0.155]	[0.2637795275590551, 0.184, 0.35039370078740156, 0.198]	no-link	question-answer	-0.0551	-0.1194	-0.206	-0.044	-0.043	-0.029	2
BRAND:	SUPPLIERS	[0.14435695538057744, 0.14, 0.20866141732283464, 0.155]	[0.13910761154855644, 0.251, 0.24015748031496062, 0.265]	no-link	question-question	0.0696	0.0052	-0.0958	-0.111	-0.11	-0.096	2
BRAND:	BEING	[0.14435695538057744, 0.14, 0.20866141732283464, 0.155]	[0.25065616797900264, 0.253, 0.30708661417322836, 0.267]	no-link	question-question	-0.042	-0.1063	-0.1627	-0.113	-0.112	-0.098	2
BRAND:	SUMMARY	[0.14435695538057744, 0.14, 0.20866141732283464, 0.155]	[0.14304461942257218, 0.183, 0.2204724409448819, 0.198]	line-line	question-question	0.0761	0.043	-0.0013	0.043	-0.0656	0.058	2
BRAND:	Chicago	[0.14435695538057744, 0.14, 0.20866141732283464, 0.155]	[0.13910761154855644, 0.278, 0.21916010498687663, 0.295]	no-link	question-answer	0.0696	0.0052	-0.0748	-0.138	-0.14	-0.123	2
BRAND:	General	[0.14435695538057744, 0.14, 0.20866141732283464, 0.155]	[0.23097112860892388, 0.142, 0.3083989501312336, 0.157]	question-answer	question-answer	0.164	0.002	0.0866	0.002	0.0223	0.017	2
BRAND:	Display	[0.14435695538057744, 0.14, 0.20866141732283464, 0.155]	[0.1377952755905512, 0.306, 0.2204724409448819, 0.321]	no-link	question-answer	0.0709	0.0066	-0.0761	-0.166	-0.166	-0.151	2
General	Merchandising	[0.23097112860892388, 0.142, 0.3083989501312336, 0.157]	[0.3188976377952756, 0.142, 0.46194225721784776, 0.159]	word-word	answer-answer	0.231	0.0	0.0879	0.002	0.0105	0.017	2
General	ITEM:	[0.23097112860892388, 0.142, 0.3083989501312336, 0.157]	[0.5170603674540682, 0.145, 0.568241469816273, 0.162]	no-link	answer-answer	-0.2087	-0.2861	-0.3373	-0.003	-0.005	0.012	2
General	Package	[0.23097112860892388, 0.142, 0.3083989501312336, 0.157]	[0.5918635170603674, 0.147, 0.6666666666666666, 0.162]	no-link	answer-answer	-0.2835	-0.3609	-0.4357	-0.005	-0.005	0.01	2
General	Fixture	[0.23097112860892388, 0.142, 0.3083989501312336, 0.157]	[0.678477690288714, 0.147, 0.7559055118110236, 0.162]	no-link	answer-answer	-0.3701	-0.4475	-0.5249	-0.005	-0.005	0.01	2
General	Circle-K	[0.23097112860892388, 0.142, 0.3083989501312336, 0.157]	[0.7637795275590551, 0.148, 0.8569553805774278, 0.163]	no-link	answer-answer	-0.4554	-0.5328	-0.626	-0.006	-0.006	0.009	2
General	Convenient	[0.23097112860892388, 0.142, 0.3083989501312336, 0.157]	[0.5905511811023622, 0.161, 0.7007874015748031, 0.174]	no-link	answer-answer	-0.2822	-0.3596	-0.4698	-0.019	-0.017	-0.004	2
General	SUMMARY	[0.23097112860892388, 0.142, 0.3083989501312336, 0.157]	[0.14304461942257218, 0.183, 0.2204724409448819, 0.198]	no-link	answer-question	0.1654	0.0879	0.0105	-0.041	-0.041	-0.026	2
General	OF	[0.23097112860892388, 0.142, 0.3083989501312336, 0.157]	[0.22965879265091863, 0.184, 0.2532808398950131, 0.195]	no-link	answer-question	0.0787	0.0013	-0.0223	-0.042	-0.038	-0.027	2
General	PROJECT:	[0.23097112860892388, 0.142, 0.3083989501312336, 0.157]	[0.2637795275590551, 0.184, 0.35039370078740156, 0.198]	no-link	answer-answer	0.0446	-0.0328	-0.1194	-0.042	-0.041	-0.027	2
General	SUPPLIERS	[0.23097112860892388, 0.142, 0.3083989501312336, 0.157]	[0.13910761154855644, 0.251, 0.24015748031496062, 0.265]	no-link	answer-question	0.1693	0.0919	-0.0092	-0.109	-0.108	-0.094	2
General	BEING	[0.23097112860892388, 0.142, 0.3083989501312336, 0.157]	[0.25065616797900264, 0.253, 0.30708661417322836, 0.267]	no-link	answer-question	0.0577	-0.0197	-0.0761	-0.111	-0.11	-0.096	2
General	Chicago	[0.23097112860892388, 0.142, 0.3083989501312336, 0.157]	[0.13910761154855644, 0.278, 0.21916010498687663, 0.295]	no-link	answer-answer	0.1693	0.0919	0.0118	-0.136	-0.138	-0.121	2
General	Display	[0.23097112860892388, 0.142, 0.3083989501312336, 0.157]	[0.1377952755905512, 0.306, 0.2204724409448819, 0.321]	no-link	answer-answer	0.1706	0.0932	0.0105	-0.164	-0.164	-0.149	2
Merchandising	Nonspecific	[0.3188976377952756, 0.142, 0.46194225721784776, 0.159]	[0.23228346456692914, 0.155, 0.35170603674540685, 0.17]	word-word	answer-answer	0.0328	0.013	-0.0866	0.011	-0.2297	0.028	2
Merchandising	Package	[0.3188976377952756, 0.142, 0.46194225721784776, 0.159]	[0.5918635170603674, 0.147, 0.6666666666666666, 0.162]	no-link	answer-answer	-0.1299	-0.273	-0.3478	-0.005	-0.003	0.012	2
Merchandising	Fixture	[0.3188976377952756, 0.142, 0.46194225721784776, 0.159]	[0.678477690288714, 0.147, 0.7559055118110236, 0.162]	no-link	answer-answer	-0.2165	-0.3596	-0.437	-0.005	-0.003	0.012	2
Merchandising	Circle-K	[0.3188976377952756, 0.142, 0.46194225721784776, 0.159]	[0.7637795275590551, 0.148, 0.8569553805774278, 0.163]	no-link	answer-answer	-0.3018	-0.4449	-0.5381	-0.006	-0.004	0.011	2
Merchandising	Convenient	[0.3188976377952756, 0.142, 0.46194225721784776, 0.159]	[0.5905511811023622, 0.161, 0.7007874015748031, 0.174]	no-link	answer-answer	-0.1286	-0.2717	-0.3819	-0.019	-0.015	-0.002	2
Merchandising	SUMMARY	[0.3188976377952756, 0.142, 0.46194225721784776, 0.159]	[0.14304461942257218, 0.183, 0.2204724409448819, 0.198]	no-link	answer-question	0.3189	0.1759	0.0984	-0.041	-0.039	-0.024	2
Merchandising	OF	[0.3188976377952756, 0.142, 0.46194225721784776, 0.159]	[0.22965879265091863, 0.184, 0.2532808398950131, 0.195]	no-link	answer-question	0.2323	0.0892	0.0656	-0.042	-0.036	-0.025	2
Merchandising	PROJECT:	[0.3188976377952756, 0.142, 0.46194225721784776, 0.159]	[0.2637795275590551, 0.184, 0.35039370078740156, 0.198]	no-link	answer-answer	0.1982	0.0551	-0.0315	-0.042	-0.039	-0.025	2
Merchandising	SUPPLIERS	[0.3188976377952756, 0.142, 0.46194225721784776, 0.159]	[0.13910761154855644, 0.251, 0.24015748031496062, 0.265]	no-link	answer-question	0.3228	0.1798	0.0787	-0.109	-0.106	-0.092	2
Merchandising	BEING	[0.3188976377952756, 0.142, 0.46194225721784776, 0.159]	[0.25065616797900264, 0.253, 0.30708661417322836, 0.267]	no-link	answer-question	0.2113	0.0682	0.0118	-0.111	-0.108	-0.094	2
Merchandising	Chicago	[0.3188976377952756, 0.142, 0.46194225721784776, 0.159]	[0.13910761154855644, 0.278, 0.21916010498687663, 0.295]	no-link	answer-answer	0.3228	0.1798	0.0997	-0.136	-0.136	-0.119	2
Merchandising	Display	[0.3188976377952756, 0.142, 0.46194225721784776, 0.159]	[0.1377952755905512, 0.306, 0.2204724409448819, 0.321]	no-link	answer-answer	0.3241	0.1811	0.0984	-0.164	-0.162	-0.147	2
Merchandising	Robert	[0.3188976377952756, 0.142, 0.46194225721784776, 0.159]	[0.13910761154855644, 0.36, 0.2047244094488189, 0.377]	no-link	answer-answer	0.3228	0.1798	0.1142	-0.218	-0.218	-0.201	2
ITEM:	Package	[0.5170603674540682, 0.145, 0.568241469816273, 0.162]	[0.5918635170603674, 0.147, 0.6666666666666666, 0.162]	question-answer	question-answer	0.1496	0.002	0.0748	0.0	0.0236	0.017	2
ITEM:	Fixture	[0.5170603674540682, 0.145, 0.568241469816273, 0.162]	[0.678477690288714, 0.147, 0.7559055118110236, 0.162]	no-link	question-answer	-0.1102	-0.1614	-0.2388	-0.002	0.0	0.015	2
ITEM:	Circle-K	[0.5170603674540682, 0.145, 0.568241469816273, 0.162]	[0.7637795275590551, 0.148, 0.8569553805774278, 0.163]	no-link	question-answer	-0.1955	-0.2467	-0.3399	-0.003	-0.001	0.014	2
ITEM:	Convenient	[0.5170603674540682, 0.145, 0.568241469816273, 0.162]	[0.5905511811023622, 0.161, 0.7007874015748031, 0.174]	no-link	question-answer	-0.0223	-0.0735	-0.1837	-0.016	-0.012	0.001	2
ITEM:	SUMMARY	[0.5170603674540682, 0.145, 0.568241469816273, 0.162]	[0.14304461942257218, 0.183, 0.2204724409448819, 0.198]	no-link	question-question	0.4252	0.374	0.2966	-0.038	-0.036	-0.021	2
ITEM:	OF	[0.5170603674540682, 0.145, 0.568241469816273, 0.162]	[0.22965879265091863, 0.184, 0.2532808398950131, 0.195]	no-link	question-question	0.3386	0.2874	0.2638	-0.039	-0.033	-0.022	2
ITEM:	PROJECT:	[0.5170603674540682, 0.145, 0.568241469816273, 0.162]	[0.2637795275590551, 0.184, 0.35039370078740156, 0.198]	no-link	question-answer	0.3045	0.2533	0.1667	-0.039	-0.036	-0.022	2
ITEM:	SUPPLIERS	[0.5170603674540682, 0.145, 0.568241469816273, 0.162]	[0.13910761154855644, 0.251, 0.24015748031496062, 0.265]	no-link	question-question	0.4291	0.378	0.2769	-0.106	-0.103	-0.089	2
ITEM:	BEING	[0.5170603674540682, 0.145, 0.568241469816273, 0.162]	[0.25065616797900264, 0.253, 0.30708661417322836, 0.267]	no-link	question-question	0.3176	0.2664	0.21	-0.108	-0.105	-0.091	2
ITEM:	Chicago	[0.5170603674540682, 0.145, 0.568241469816273, 0.162]	[0.13910761154855644, 0.278, 0.21916010498687663, 0.295]	no-link	question-answer	0.4291	0.378	0.2979	-0.133	-0.133	-0.116	2
ITEM:	Display	[0.5170603674540682, 0.145, 0.568241469816273, 0.162]	[0.1377952755905512, 0.306, 0.2204724409448819, 0.321]	no-link	question-answer	0.4304	0.3793	0.2966	-0.161	-0.159	-0.144	2
ITEM:	Robert	[0.5170603674540682, 0.145, 0.568241469816273, 0.162]	[0.13910761154855644, 0.36, 0.2047244094488189, 0.377]	no-link	question-answer	0.4291	0.378	0.3123	-0.215	-0.215	-0.198	2
ITEM:	Nielson	[0.5170603674540682, 0.145, 0.568241469816273, 0.162]	[0.2125984251968504, 0.362, 0.2926509186351706, 0.377]	no-link	question-answer	0.3556	0.3045	0.2244	-0.217	-0.215	-0.2	2
Package	Fixture	[0.5918635170603674, 0.147, 0.6666666666666666, 0.162]	[0.678477690288714, 0.147, 0.7559055118110236, 0.162]	word-word	answer-answer	0.164	0.0	0.0866	0.0	0.0118	0.015	2
Package	Circle-K	[0.5918635170603674, 0.147, 0.6666666666666666, 0.162]	[0.7637795275590551, 0.148, 0.8569553805774278, 0.163]	no-link	answer-answer	-0.0971	-0.1719	-0.2651	-0.001	-0.001	0.014	2
Package	Convenient	[0.5918635170603674, 0.147, 0.6666666666666666, 0.162]	[0.5905511811023622, 0.161, 0.7007874015748031, 0.174]	no-link	answer-answer	0.0761	0.0013	-0.1089	-0.014	-0.012	0.001	2
Package	SUMMARY	[0.5918635170603674, 0.147, 0.6666666666666666, 0.162]	[0.14304461942257218, 0.183, 0.2204724409448819, 0.198]	no-link	answer-question	0.5236	0.4488	0.3714	-0.036	-0.036	-0.021	2
Package	OF	[0.5918635170603674, 0.147, 0.6666666666666666, 0.162]	[0.22965879265091863, 0.184, 0.2532808398950131, 0.195]	no-link	answer-question	0.437	0.3622	0.3386	-0.037	-0.033	-0.022	2
Package	PROJECT:	[0.5918635170603674, 0.147, 0.6666666666666666, 0.162]	[0.2637795275590551, 0.184, 0.35039370078740156, 0.198]	no-link	answer-answer	0.4029	0.3281	0.2415	-0.037	-0.036	-0.022	2
Package	SUPPLIERS	[0.5918635170603674, 0.147, 0.6666666666666666, 0.162]	[0.13910761154855644, 0.251, 0.24015748031496062, 0.265]	no-link	answer-question	0.5276	0.4528	0.3517	-0.104	-0.103	-0.089	2
Package	BEING	[0.5918635170603674, 0.147, 0.6666666666666666, 0.162]	[0.25065616797900264, 0.253, 0.30708661417322836, 0.267]	no-link	answer-question	0.416	0.3412	0.2848	-0.106	-0.105	-0.091	2
Package	Chicago	[0.5918635170603674, 0.147, 0.6666666666666666, 0.162]	[0.13910761154855644, 0.278, 0.21916010498687663, 0.295]	no-link	answer-answer	0.5276	0.4528	0.3727	-0.131	-0.133	-0.116	2
Package	Display	[0.5918635170603674, 0.147, 0.6666666666666666, 0.162]	[0.1377952755905512, 0.306, 0.2204724409448819, 0.321]	no-link	answer-answer	0.5289	0.4541	0.3714	-0.159	-0.159	-0.144	2
Package	Robert	[0.5918635170603674, 0.147, 0.6666666666666666, 0.162]	[0.13910761154855644, 0.36, 0.2047244094488189, 0.377]	no-link	answer-answer	0.5276	0.4528	0.3871	-0.213	-0.215	-0.198	2
Package	Nielson	[0.5918635170603674, 0.147, 0.6666666666666666, 0.162]	[0.2125984251968504, 0.362, 0.2926509186351706, 0.377]	no-link	answer-answer	0.4541	0.3793	0.2992	-0.215	-0.215	-0.2	2
Package	&	[0.5918635170603674, 0.147, 0.6666666666666666, 0.162]	[0.30446194225721784, 0.365, 0.31758530183727035, 0.378]	no-link	answer-answer	0.3622	0.2874	0.2743	-0.218	-0.216	-0.203	2
Fixture	Circle-K	[0.678477690288714, 0.147, 0.7559055118110236, 0.162]	[0.7637795275590551, 0.148, 0.8569553805774278, 0.163]	word-word	answer-answer	0.1785	0.001	0.0853	0.001	0.0079	0.016	2
Fixture	Convenient	[0.678477690288714, 0.147, 0.7559055118110236, 0.162]	[0.5905511811023622, 0.161, 0.7007874015748031, 0.174]	no-link	answer-answer	0.1654	0.0879	-0.0223	-0.014	-0.012	0.001	2
Fixture	SUMMARY	[0.678477690288714, 0.147, 0.7559055118110236, 0.162]	[0.14304461942257218, 0.183, 0.2204724409448819, 0.198]	no-link	answer-question	0.6129	0.5354	0.458	-0.036	-0.036	-0.021	2
Fixture	OF	[0.678477690288714, 0.147, 0.7559055118110236, 0.162]	[0.22965879265091863, 0.184, 0.2532808398950131, 0.195]	no-link	answer-question	0.5262	0.4488	0.4252	-0.037	-0.033	-0.022	2
Fixture	PROJECT:	[0.678477690288714, 0.147, 0.7559055118110236, 0.162]	[0.2637795275590551, 0.184, 0.35039370078740156, 0.198]	no-link	answer-answer	0.4921	0.4147	0.3281	-0.037	-0.036	-0.022	2
Fixture	SUPPLIERS	[0.678477690288714, 0.147, 0.7559055118110236, 0.162]	[0.13910761154855644, 0.251, 0.24015748031496062, 0.265]	no-link	answer-question	0.6168	0.5394	0.4383	-0.104	-0.103	-0.089	2
Fixture	BEING	[0.678477690288714, 0.147, 0.7559055118110236, 0.162]	[0.25065616797900264, 0.253, 0.30708661417322836, 0.267]	no-link	answer-question	0.5052	0.4278	0.3714	-0.106	-0.105	-0.091	2
Fixture	Chicago	[0.678477690288714, 0.147, 0.7559055118110236, 0.162]	[0.13910761154855644, 0.278, 0.21916010498687663, 0.295]	no-link	answer-answer	0.6168	0.5394	0.4593	-0.131	-0.133	-0.116	2
Fixture	Display	[0.678477690288714, 0.147, 0.7559055118110236, 0.162]	[0.1377952755905512, 0.306, 0.2204724409448819, 0.321]	no-link	answer-answer	0.6181	0.5407	0.458	-0.159	-0.159	-0.144	2
Fixture	Robert	[0.678477690288714, 0.147, 0.7559055118110236, 0.162]	[0.13910761154855644, 0.36, 0.2047244094488189, 0.377]	no-link	answer-answer	0.6168	0.5394	0.4738	-0.213	-0.215	-0.198	2
Fixture	Nielson	[0.678477690288714, 0.147, 0.7559055118110236, 0.162]	[0.2125984251968504, 0.362, 0.2926509186351706, 0.377]	no-link	answer-answer	0.5433	0.4659	0.3858	-0.215	-0.215	-0.2	2
Fixture	&	[0.678477690288714, 0.147, 0.7559055118110236, 0.162]	[0.30446194225721784, 0.365, 0.31758530183727035, 0.378]	no-link	answer-answer	0.4514	0.374	0.3609	-0.218	-0.216	-0.203	2
Fixture	FUNDING:	[0.678477690288714, 0.147, 0.7559055118110236, 0.162]	[0.13517060367454067, 0.404, 0.22703412073490814, 0.418]	no-link	answer-header	0.6207	0.5433	0.4514	-0.257	-0.256	-0.242	2
Circle-K	Convenient	[0.7637795275590551, 0.148, 0.8569553805774278, 0.163]	[0.5905511811023622, 0.161, 0.7007874015748031, 0.174]	word-word	answer-answer	-0.063	0.013	-0.1732	0.011	-0.2664	0.026	2
Circle-K	SUMMARY	[0.7637795275590551, 0.148, 0.8569553805774278, 0.163]	[0.14304461942257218, 0.183, 0.2204724409448819, 0.198]	no-link	answer-question	0.7139	0.6207	0.5433	-0.035	-0.035	-0.02	2
Circle-K	OF	[0.7637795275590551, 0.148, 0.8569553805774278, 0.163]	[0.22965879265091863, 0.184, 0.2532808398950131, 0.195]	no-link	answer-question	0.6273	0.5341	0.5105	-0.036	-0.032	-0.021	2
Circle-K	PROJECT:	[0.7637795275590551, 0.148, 0.8569553805774278, 0.163]	[0.2637795275590551, 0.184, 0.35039370078740156, 0.198]	no-link	answer-answer	0.5932	0.5	0.4134	-0.036	-0.035	-0.021	2
Circle-K	SUPPLIERS	[0.7637795275590551, 0.148, 0.8569553805774278, 0.163]	[0.13910761154855644, 0.251, 0.24015748031496062, 0.265]	no-link	answer-question	0.7178	0.6247	0.5236	-0.103	-0.102	-0.088	2
Circle-K	BEING	[0.7637795275590551, 0.148, 0.8569553805774278, 0.163]	[0.25065616797900264, 0.253, 0.30708661417322836, 0.267]	no-link	answer-question	0.6063	0.5131	0.4567	-0.105	-0.104	-0.09	2
Circle-K	Chicago	[0.7637795275590551, 0.148, 0.8569553805774278, 0.163]	[0.13910761154855644, 0.278, 0.21916010498687663, 0.295]	no-link	answer-answer	0.7178	0.6247	0.5446	-0.13	-0.132	-0.115	2
Circle-K	Display	[0.7637795275590551, 0.148, 0.8569553805774278, 0.163]	[0.1377952755905512, 0.306, 0.2204724409448819, 0.321]	no-link	answer-answer	0.7192	0.626	0.5433	-0.158	-0.158	-0.143	2
Circle-K	Robert	[0.7637795275590551, 0.148, 0.8569553805774278, 0.163]	[0.13910761154855644, 0.36, 0.2047244094488189, 0.377]	no-link	answer-answer	0.7178	0.6247	0.5591	-0.212	-0.214	-0.197	2
Circle-K	Nielson	[0.7637795275590551, 0.148, 0.8569553805774278, 0.163]	[0.2125984251968504, 0.362, 0.2926509186351706, 0.377]	no-link	answer-answer	0.6444	0.5512	0.4711	-0.214	-0.214	-0.199	2
Circle-K	&	[0.7637795275590551, 0.148, 0.8569553805774278, 0.163]	[0.30446194225721784, 0.365, 0.31758530183727035, 0.378]	no-link	answer-answer	0.5525	0.4593	0.4462	-0.217	-0.215	-0.202	2
Circle-K	FUNDING:	[0.7637795275590551, 0.148, 0.8569553805774278, 0.163]	[0.13517060367454067, 0.404, 0.22703412073490814, 0.418]	no-link	answer-header	0.7218	0.6286	0.5367	-0.256	-0.255	-0.241	2
Convenient	Stores	[0.5905511811023622, 0.161, 0.7007874015748031, 0.174]	[0.7099737532808399, 0.161, 0.7782152230971129, 0.175]	word-word	answer-answer	0.1877	0.0	0.1194	0.001	0.0092	0.014	2
Convenient	SUMMARY	[0.5905511811023622, 0.161, 0.7007874015748031, 0.174]	[0.14304461942257218, 0.183, 0.2204724409448819, 0.198]	no-link	answer-question	0.5577	0.4475	0.3701	-0.022	-0.024	-0.009	2
Convenient	OF	[0.5905511811023622, 0.161, 0.7007874015748031, 0.174]	[0.22965879265091863, 0.184, 0.2532808398950131, 0.195]	no-link	answer-question	0.4711	0.3609	0.3373	-0.023	-0.021	-0.01	2
Convenient	PROJECT:	[0.5905511811023622, 0.161, 0.7007874015748031, 0.174]	[0.2637795275590551, 0.184, 0.35039370078740156, 0.198]	no-link	answer-answer	0.437	0.3268	0.2402	-0.023	-0.024	-0.01	2
Convenient	SUPPLIERS	[0.5905511811023622, 0.161, 0.7007874015748031, 0.174]	[0.13910761154855644, 0.251, 0.24015748031496062, 0.265]	no-link	answer-question	0.5617	0.4514	0.3504	-0.09	-0.091	-0.077	2
Convenient	BEING	[0.5905511811023622, 0.161, 0.7007874015748031, 0.174]	[0.25065616797900264, 0.253, 0.30708661417322836, 0.267]	no-link	answer-question	0.4501	0.3399	0.2835	-0.092	-0.093	-0.079	2
Convenient	Chicago	[0.5905511811023622, 0.161, 0.7007874015748031, 0.174]	[0.13910761154855644, 0.278, 0.21916010498687663, 0.295]	no-link	answer-answer	0.5617	0.4514	0.3714	-0.117	-0.121	-0.104	2
Convenient	Display	[0.5905511811023622, 0.161, 0.7007874015748031, 0.174]	[0.1377952755905512, 0.306, 0.2204724409448819, 0.321]	no-link	answer-answer	0.563	0.4528	0.3701	-0.145	-0.147	-0.132	2
Convenient	Robert	[0.5905511811023622, 0.161, 0.7007874015748031, 0.174]	[0.13910761154855644, 0.36, 0.2047244094488189, 0.377]	no-link	answer-answer	0.5617	0.4514	0.3858	-0.199	-0.203	-0.186	2
Convenient	Nielson	[0.5905511811023622, 0.161, 0.7007874015748031, 0.174]	[0.2125984251968504, 0.362, 0.2926509186351706, 0.377]	no-link	answer-answer	0.4882	0.378	0.2979	-0.201	-0.203	-0.188	2
Convenient	&	[0.5905511811023622, 0.161, 0.7007874015748031, 0.174]	[0.30446194225721784, 0.365, 0.31758530183727035, 0.378]	no-link	answer-answer	0.3963	0.2861	0.273	-0.204	-0.204	-0.191	2
Convenient	FUNDING:	[0.5905511811023622, 0.161, 0.7007874015748031, 0.174]	[0.13517060367454067, 0.404, 0.22703412073490814, 0.418]	no-link	answer-header	0.5656	0.4554	0.3635	-0.243	-0.244	-0.23	2
SUMMARY	OF	[0.14304461942257218, 0.183, 0.2204724409448819, 0.198]	[0.22965879265091863, 0.184, 0.2532808398950131, 0.195]	question-question	question-question	0.1102	0.001	0.0866	-0.003	0.0092	0.012	3
SUMMARY	PROJECT:	[0.14304461942257218, 0.183, 0.2204724409448819, 0.198]	[0.2637795275590551, 0.184, 0.35039370078740156, 0.198]	no-link	question-answer	-0.0433	-0.1207	-0.2073	-0.001	0.0	0.014	3
SUMMARY	SUPPLIERS	[0.14304461942257218, 0.183, 0.2204724409448819, 0.198]	[0.13910761154855644, 0.251, 0.24015748031496062, 0.265]	no-link	question-question	0.0814	0.0039	-0.0971	-0.068	-0.067	-0.053	3
SUMMARY	BEING	[0.14304461942257218, 0.183, 0.2204724409448819, 0.198]	[0.25065616797900264, 0.253, 0.30708661417322836, 0.267]	no-link	question-question	-0.0302	-0.1076	-0.164	-0.07	-0.069	-0.055	3
SUMMARY	Chicago	[0.14304461942257218, 0.183, 0.2204724409448819, 0.198]	[0.13910761154855644, 0.278, 0.21916010498687663, 0.295]	no-link	question-answer	0.0814	0.0039	-0.0761	-0.095	-0.097	-0.08	3
SUMMARY	Display	[0.14304461942257218, 0.183, 0.2204724409448819, 0.198]	[0.1377952755905512, 0.306, 0.2204724409448819, 0.321]	no-link	question-answer	0.0827	0.0052	-0.0774	-0.123	-0.123	-0.108	3
SUMMARY	Robert	[0.14304461942257218, 0.183, 0.2204724409448819, 0.198]	[0.13910761154855644, 0.36, 0.2047244094488189, 0.377]	no-link	question-answer	0.0814	0.0039	-0.0617	-0.177	-0.179	-0.162	3
SUMMARY	Nielson	[0.14304461942257218, 0.183, 0.2204724409448819, 0.198]	[0.2125984251968504, 0.362, 0.2926509186351706, 0.377]	no-link	question-answer	0.0079	-0.0696	-0.1496	-0.179	-0.179	-0.164	3
SUMMARY	&	[0.14304461942257218, 0.183, 0.2204724409448819, 0.198]	[0.30446194225721784, 0.365, 0.31758530183727035, 0.378]	no-link	question-answer	-0.084	-0.1614	-0.1745	-0.182	-0.18	-0.167	3
SUMMARY	FUNDING:	[0.14304461942257218, 0.183, 0.2204724409448819, 0.198]	[0.13517060367454067, 0.404, 0.22703412073490814, 0.418]	no-link	question-header	0.0853	0.0079	-0.084	-0.221	-0.22	-0.206	3
SUMMARY	1990	[0.14304461942257218, 0.183, 0.2204724409448819, 0.198]	[0.13910761154855644, 0.43, 0.18110236220472442, 0.445]	no-link	question-answer	0.0814	0.0039	-0.0381	-0.247	-0.247	-0.232	3
SUMMARY	SUPPLIERS	[0.14304461942257218, 0.183, 0.2204724409448819, 0.198]	[0.13910761154855644, 0.251, 0.24015748031496062, 0.265]	line-line	question-question	0.0971	0.068	-0.0039	0.067	-0.0814	0.082	3
SUMMARY	Customized	[0.14304461942257218, 0.183, 0.2204724409448819, 0.198]	[0.19291338582677164, 0.432, 0.3031496062992126, 0.447]	no-link	question-answer	0.0276	-0.0499	-0.1601	-0.249	-0.249	-0.234	3
OF	PROJECT:	[0.22965879265091863, 0.184, 0.2532808398950131, 0.195]	[0.2637795275590551, 0.184, 0.35039370078740156, 0.198]	question-question	question-question	0.1207	0.0	0.0341	0.003	0.0105	0.014	3
OF	SUPPLIERS	[0.22965879265091863, 0.184, 0.2532808398950131, 0.195]	[0.13910761154855644, 0.251, 0.24015748031496062, 0.265]	no-link	question-question	0.1142	0.0906	-0.0105	-0.067	-0.07	-0.056	3
OF	BEING	[0.22965879265091863, 0.184, 0.2532808398950131, 0.195]	[0.25065616797900264, 0.253, 0.30708661417322836, 0.267]	no-link	question-question	0.0026	-0.021	-0.0774	-0.069	-0.072	-0.058	3
OF	Chicago	[0.22965879265091863, 0.184, 0.2532808398950131, 0.195]	[0.13910761154855644, 0.278, 0.21916010498687663, 0.295]	no-link	question-answer	0.1142	0.0906	0.0105	-0.094	-0.1	-0.083	3
OF	Display	[0.22965879265091863, 0.184, 0.2532808398950131, 0.195]	[0.1377952755905512, 0.306, 0.2204724409448819, 0.321]	no-link	question-answer	0.1155	0.0919	0.0092	-0.122	-0.126	-0.111	3
OF	Robert	[0.22965879265091863, 0.184, 0.2532808398950131, 0.195]	[0.13910761154855644, 0.36, 0.2047244094488189, 0.377]	no-link	question-answer	0.1142	0.0906	0.0249	-0.176	-0.182	-0.165	3
OF	Nielson	[0.22965879265091863, 0.184, 0.2532808398950131, 0.195]	[0.2125984251968504, 0.362, 0.2926509186351706, 0.377]	no-link	question-answer	0.0407	0.0171	-0.063	-0.178	-0.182	-0.167	3
OF	&	[0.22965879265091863, 0.184, 0.2532808398950131, 0.195]	[0.30446194225721784, 0.365, 0.31758530183727035, 0.378]	no-link	question-answer	-0.0512	-0.0748	-0.0879	-0.181	-0.183	-0.17	3
OF	FUNDING:	[0.22965879265091863, 0.184, 0.2532808398950131, 0.195]	[0.13517060367454067, 0.404, 0.22703412073490814, 0.418]	no-link	question-header	0.1181	0.0945	0.0026	-0.22	-0.223	-0.209	3
OF	1990	[0.22965879265091863, 0.184, 0.2532808398950131, 0.195]	[0.13910761154855644, 0.43, 0.18110236220472442, 0.445]	no-link	question-answer	0.1142	0.0906	0.0486	-0.246	-0.25	-0.235	3
OF	Customized	[0.22965879265091863, 0.184, 0.2532808398950131, 0.195]	[0.19291338582677164, 0.432, 0.3031496062992126, 0.447]	no-link	question-answer	0.0604	0.0367	-0.0735	-0.248	-0.252	-0.237	3
OF	Services	[0.22965879265091863, 0.184, 0.2532808398950131, 0.195]	[0.1377952755905512, 0.459, 0.22572178477690288, 0.474]	no-link	question-answer	0.1155	0.0919	0.0039	-0.275	-0.279	-0.264	3
PROJECT:	See	[0.2637795275590551, 0.184, 0.35039370078740156, 0.198]	[0.3700787401574803, 0.186, 0.4068241469816273, 0.197]	question-answer	question-answer	0.143	0.002	0.1063	-0.001	0.0197	0.013	3
PROJECT:	SUPPLIERS	[0.2637795275590551, 0.184, 0.35039370078740156, 0.198]	[0.13910761154855644, 0.251, 0.24015748031496062, 0.265]	no-link	question-question	0.2113	0.1247	0.0236	-0.067	-0.067	-0.053	3
PROJECT:	BEING	[0.2637795275590551, 0.184, 0.35039370078740156, 0.198]	[0.25065616797900264, 0.253, 0.30708661417322836, 0.267]	no-link	question-question	0.0997	0.0131	-0.0433	-0.069	-0.069	-0.055	3
PROJECT:	Chicago	[0.2637795275590551, 0.184, 0.35039370078740156, 0.198]	[0.13910761154855644, 0.278, 0.21916010498687663, 0.295]	no-link	question-answer	0.2113	0.1247	0.0446	-0.094	-0.097	-0.08	3
PROJECT:	Display	[0.2637795275590551, 0.184, 0.35039370078740156, 0.198]	[0.1377952755905512, 0.306, 0.2204724409448819, 0.321]	no-link	question-answer	0.2126	0.126	0.0433	-0.122	-0.123	-0.108	3
PROJECT:	Robert	[0.2637795275590551, 0.184, 0.35039370078740156, 0.198]	[0.13910761154855644, 0.36, 0.2047244094488189, 0.377]	no-link	question-answer	0.2113	0.1247	0.0591	-0.176	-0.179	-0.162	3
PROJECT:	Nielson	[0.2637795275590551, 0.184, 0.35039370078740156, 0.198]	[0.2125984251968504, 0.362, 0.2926509186351706, 0.377]	no-link	question-answer	0.1378	0.0512	-0.0289	-0.178	-0.179	-0.164	3
PROJECT:	&	[0.2637795275590551, 0.184, 0.35039370078740156, 0.198]	[0.30446194225721784, 0.365, 0.31758530183727035, 0.378]	no-link	question-answer	0.0459	-0.0407	-0.0538	-0.181	-0.18	-0.167	3
PROJECT:	FUNDING:	[0.2637795275590551, 0.184, 0.35039370078740156, 0.198]	[0.13517060367454067, 0.404, 0.22703412073490814, 0.418]	no-link	question-header	0.2152	0.1286	0.0367	-0.22	-0.22	-0.206	3
PROJECT:	1990	[0.2637795275590551, 0.184, 0.35039370078740156, 0.198]	[0.13910761154855644, 0.43, 0.18110236220472442, 0.445]	no-link	question-answer	0.2113	0.1247	0.0827	-0.246	-0.247	-0.232	3
PROJECT:	Customized	[0.2637795275590551, 0.184, 0.35039370078740156, 0.198]	[0.19291338582677164, 0.432, 0.3031496062992126, 0.447]	no-link	question-answer	0.1575	0.0709	-0.0394	-0.248	-0.249	-0.234	3
PROJECT:	Services	[0.2637795275590551, 0.184, 0.35039370078740156, 0.198]	[0.1377952755905512, 0.459, 0.22572178477690288, 0.474]	no-link	question-answer	0.2126	0.126	0.0381	-0.275	-0.276	-0.261	3
PROJECT:		[0.2637795275590551, 0.184, 0.35039370078740156, 0.198]	[0.23622047244094488, 0.464, 0.24934383202099739, 0.471]	no-link	question-answer	0.1142	0.0276	0.0144	-0.28	-0.273	-0.266	3
PROJECT:	Attached	[0.2637795275590551, 0.184, 0.35039370078740156, 0.198]	[0.41601049868766404, 0.186, 0.505249343832021, 0.199]	question-answer	question-answer	0.2415	0.002	0.1522	0.001	0.0656	0.015	3
PROJECT:	SIGNATURES:	[0.2637795275590551, 0.184, 0.35039370078740156, 0.198]	[0.1325459317585302, 0.559, 0.2572178477690289, 0.574]	no-link	question-question	0.2178	0.1312	0.0066	-0.375	-0.376	-0.361	3
SUPPLIERS	FUNDING:	[0.13910761154855644, 0.251, 0.24015748031496062, 0.265]	[0.13517060367454067, 0.404, 0.22703412073490814, 0.418]	line-line	question-question	0.0879	0.153	-0.0039	0.153	-0.105	0.167	4
SUPPLIERS	BEING	[0.13910761154855644, 0.251, 0.24015748031496062, 0.265]	[0.25065616797900264, 0.253, 0.30708661417322836, 0.267]	no-link	question-question	-0.0105	-0.1115	-0.168	-0.002	-0.002	0.012	4
SUPPLIERS	Chicago	[0.13910761154855644, 0.251, 0.24015748031496062, 0.265]	[0.13910761154855644, 0.278, 0.21916010498687663, 0.295]	no-link	question-answer	0.101	0.0	-0.0801	-0.027	-0.03	-0.013	4
SUPPLIERS	Display	[0.13910761154855644, 0.251, 0.24015748031496062, 0.265]	[0.1377952755905512, 0.306, 0.2204724409448819, 0.321]	no-link	question-answer	0.1024	0.0013	-0.0814	-0.055	-0.056	-0.041	4
SUPPLIERS	Robert	[0.13910761154855644, 0.251, 0.24015748031496062, 0.265]	[0.13910761154855644, 0.36, 0.2047244094488189, 0.377]	no-link	question-answer	0.101	0.0	-0.0656	-0.109	-0.112	-0.095	4
SUPPLIERS	Nielson	[0.13910761154855644, 0.251, 0.24015748031496062, 0.265]	[0.2125984251968504, 0.362, 0.2926509186351706, 0.377]	no-link	question-answer	0.0276	-0.0735	-0.1535	-0.111	-0.112	-0.097	4
SUPPLIERS	&	[0.13910761154855644, 0.251, 0.24015748031496062, 0.265]	[0.30446194225721784, 0.365, 0.31758530183727035, 0.378]	no-link	question-answer	-0.0643	-0.1654	-0.1785	-0.114	-0.113	-0.1	4
SUPPLIERS	1990	[0.13910761154855644, 0.251, 0.24015748031496062, 0.265]	[0.13910761154855644, 0.43, 0.18110236220472442, 0.445]	no-link	question-answer	0.101	0.0	-0.042	-0.179	-0.18	-0.165	4
SUPPLIERS	Customized	[0.13910761154855644, 0.251, 0.24015748031496062, 0.265]	[0.19291338582677164, 0.432, 0.3031496062992126, 0.447]	no-link	question-answer	0.0472	-0.0538	-0.164	-0.181	-0.182	-0.167	4
SUPPLIERS	Services	[0.13910761154855644, 0.251, 0.24015748031496062, 0.265]	[0.1377952755905512, 0.459, 0.22572178477690288, 0.474]	no-link	question-answer	0.1024	0.0013	-0.0866	-0.208	-0.209	-0.194	4
SUPPLIERS		[0.13910761154855644, 0.251, 0.24015748031496062, 0.265]	[0.23622047244094488, 0.464, 0.24934383202099739, 0.471]	no-link	question-answer	0.0039	-0.0971	-0.1102	-0.213	-0.206	-0.199	4
SUPPLIERS	SIGNATURES:	[0.13910761154855644, 0.251, 0.24015748031496062, 0.265]	[0.1325459317585302, 0.559, 0.2572178477690289, 0.574]	no-link	question-question	0.1076	0.0066	-0.1181	-0.308	-0.309	-0.294	4
SUPPLIERS	BEING	[0.13910761154855644, 0.251, 0.24015748031496062, 0.265]	[0.25065616797900264, 0.253, 0.30708661417322836, 0.267]	word-word	question-question	0.168	0.002	0.1115	0.002	0.0105	0.016	4
SUPPLIERS	Chicago	[0.13910761154855644, 0.251, 0.24015748031496062, 0.265]	[0.13910761154855644, 0.278, 0.21916010498687663, 0.295]	question-answer	question-answer	0.0801	0.027	0.0	0.03	-0.101	0.044	4
SUPPLIERS	Display	[0.13910761154855644, 0.251, 0.24015748031496062, 0.265]	[0.1377952755905512, 0.306, 0.2204724409448819, 0.321]	question-answer	question-answer	0.0814	0.055	-0.0013	0.056	-0.1024	0.07	4
SUPPLIERS	Chicago	[0.13910761154855644, 0.251, 0.24015748031496062, 0.265]	[0.13910761154855644, 0.335, 0.21653543307086615, 0.349]	question-answer	question-answer	0.0774	0.084	0.0	0.084	-0.101	0.098	4
SUPPLIERS	Robert	[0.13910761154855644, 0.251, 0.24015748031496062, 0.265]	[0.13910761154855644, 0.36, 0.2047244094488189, 0.377]	question-answer	question-answer	0.0656	0.109	0.0	0.112	-0.101	0.126	4
SUPPLIERS	REQUESTING	[0.13910761154855644, 0.251, 0.24015748031496062, 0.265]	[0.1325459317585302, 0.598, 0.24671916010498687, 0.615]	no-link	question-question	0.1076	0.0066	-0.1076	-0.347	-0.35	-0.333	4
BEING	CONSIDERED:	[0.25065616797900264, 0.253, 0.30708661417322836, 0.267]	[0.31758530183727035, 0.253, 0.4343832020997375, 0.268]	word-word	question-question	0.1837	0.0	0.0669	0.001	0.0105	0.015	4
BEING	Display	[0.25065616797900264, 0.253, 0.30708661417322836, 0.267]	[0.1377952755905512, 0.306, 0.2204724409448819, 0.321]	no-link	question-answer	0.1693	0.1129	0.0302	-0.053	-0.054	-0.039	4
BEING	Chicago	[0.25065616797900264, 0.253, 0.30708661417322836, 0.267]	[0.13910761154855644, 0.335, 0.21653543307086615, 0.349]	no-link	question-answer	0.168	0.1115	0.0341	-0.082	-0.082	-0.068	4
BEING	Robert	[0.25065616797900264, 0.253, 0.30708661417322836, 0.267]	[0.13910761154855644, 0.36, 0.2047244094488189, 0.377]	no-link	question-answer	0.168	0.1115	0.0459	-0.107	-0.11	-0.093	4
BEING	Nielson	[0.25065616797900264, 0.253, 0.30708661417322836, 0.267]	[0.2125984251968504, 0.362, 0.2926509186351706, 0.377]	no-link	question-answer	0.0945	0.0381	-0.042	-0.109	-0.11	-0.095	4
BEING	&	[0.25065616797900264, 0.253, 0.30708661417322836, 0.267]	[0.30446194225721784, 0.365, 0.31758530183727035, 0.378]	no-link	question-answer	0.0026	-0.0538	-0.0669	-0.112	-0.111	-0.098	4
BEING	FUNDING:	[0.25065616797900264, 0.253, 0.30708661417322836, 0.267]	[0.13517060367454067, 0.404, 0.22703412073490814, 0.418]	no-link	question-header	0.1719	0.1155	0.0236	-0.151	-0.151	-0.137	4
BEING	1990	[0.25065616797900264, 0.253, 0.30708661417322836, 0.267]	[0.13910761154855644, 0.43, 0.18110236220472442, 0.445]	no-link	question-answer	0.168	0.1115	0.0696	-0.177	-0.178	-0.163	4
BEING	Customized	[0.25065616797900264, 0.253, 0.30708661417322836, 0.267]	[0.19291338582677164, 0.432, 0.3031496062992126, 0.447]	no-link	question-answer	0.1142	0.0577	-0.0525	-0.179	-0.18	-0.165	4
BEING	Services	[0.25065616797900264, 0.253, 0.30708661417322836, 0.267]	[0.1377952755905512, 0.459, 0.22572178477690288, 0.474]	no-link	question-answer	0.1693	0.1129	0.0249	-0.206	-0.207	-0.192	4
BEING		[0.25065616797900264, 0.253, 0.30708661417322836, 0.267]	[0.23622047244094488, 0.464, 0.24934383202099739, 0.471]	no-link	question-answer	0.0709	0.0144	0.0013	-0.211	-0.204	-0.197	4
BEING	SIGNATURES:	[0.25065616797900264, 0.253, 0.30708661417322836, 0.267]	[0.1325459317585302, 0.559, 0.2572178477690289, 0.574]	no-link	question-question	0.1745	0.1181	-0.0066	-0.306	-0.307	-0.292	4
BEING	REQUESTING	[0.25065616797900264, 0.253, 0.30708661417322836, 0.267]	[0.1325459317585302, 0.598, 0.24671916010498687, 0.615]	no-link	question-question	0.1745	0.1181	0.0039	-0.345	-0.348	-0.331	4
Chicago	Show	[0.13910761154855644, 0.278, 0.21916010498687663, 0.295]	[0.22965879265091863, 0.281, 0.2755905511811024, 0.294]	word-word	answer-answer	0.1365	0.003	0.0906	-0.001	0.0105	0.016	4
Chicago	Robert	[0.13910761154855644, 0.278, 0.21916010498687663, 0.295]	[0.13910761154855644, 0.36, 0.2047244094488189, 0.377]	no-link	answer-answer	0.0801	0.0	-0.0656	-0.082	-0.082	-0.065	4
Chicago	Nielson	[0.13910761154855644, 0.278, 0.21916010498687663, 0.295]	[0.2125984251968504, 0.362, 0.2926509186351706, 0.377]	no-link	answer-answer	0.0066	-0.0735	-0.1535	-0.084	-0.082	-0.067	4
Chicago	&	[0.13910761154855644, 0.278, 0.21916010498687663, 0.295]	[0.30446194225721784, 0.365, 0.31758530183727035, 0.378]	no-link	answer-answer	-0.0853	-0.1654	-0.1785	-0.087	-0.083	-0.07	4
Chicago	FUNDING:	[0.13910761154855644, 0.278, 0.21916010498687663, 0.295]	[0.13517060367454067, 0.404, 0.22703412073490814, 0.418]	no-link	answer-header	0.084	0.0039	-0.0879	-0.126	-0.123	-0.109	4
Chicago	1990	[0.13910761154855644, 0.278, 0.21916010498687663, 0.295]	[0.13910761154855644, 0.43, 0.18110236220472442, 0.445]	no-link	answer-answer	0.0801	0.0	-0.042	-0.152	-0.15	-0.135	4
Chicago	Customized	[0.13910761154855644, 0.278, 0.21916010498687663, 0.295]	[0.19291338582677164, 0.432, 0.3031496062992126, 0.447]	no-link	answer-answer	0.0262	-0.0538	-0.164	-0.154	-0.152	-0.137	4
Chicago	Services	[0.13910761154855644, 0.278, 0.21916010498687663, 0.295]	[0.1377952755905512, 0.459, 0.22572178477690288, 0.474]	no-link	answer-answer	0.0814	0.0013	-0.0866	-0.181	-0.179	-0.164	4
Chicago		[0.13910761154855644, 0.278, 0.21916010498687663, 0.295]	[0.23622047244094488, 0.464, 0.24934383202099739, 0.471]	no-link	answer-answer	-0.0171	-0.0971	-0.1102	-0.186	-0.176	-0.169	4
Chicago	SIGNATURES:	[0.13910761154855644, 0.278, 0.21916010498687663, 0.295]	[0.1325459317585302, 0.559, 0.2572178477690289, 0.574]	no-link	answer-question	0.0866	0.0066	-0.1181	-0.281	-0.279	-0.264	4
Chicago	REQUESTING	[0.13910761154855644, 0.278, 0.21916010498687663, 0.295]	[0.1325459317585302, 0.598, 0.24671916010498687, 0.615]	no-link	answer-question	0.0866	0.0066	-0.1076	-0.32	-0.32	-0.303	4
Display	Equation	[0.1377952755905512, 0.306, 0.2204724409448819, 0.321]	[0.22703412073490814, 0.307, 0.31627296587926507, 0.324]	word-word	answer-answer	0.1785	0.001	0.0892	0.003	0.0066	0.018	4
Display	Robert	[0.1377952755905512, 0.306, 0.2204724409448819, 0.321]	[0.13910761154855644, 0.36, 0.2047244094488189, 0.377]	no-link	answer-answer	0.0814	-0.0013	-0.0669	-0.054	-0.056	-0.039	4
Display	Nielson	[0.1377952755905512, 0.306, 0.2204724409448819, 0.321]	[0.2125984251968504, 0.362, 0.2926509186351706, 0.377]	no-link	answer-answer	0.0079	-0.0748	-0.1549	-0.056	-0.056	-0.041	4
Display	&	[0.1377952755905512, 0.306, 0.2204724409448819, 0.321]	[0.30446194225721784, 0.365, 0.31758530183727035, 0.378]	no-link	answer-answer	-0.084	-0.1667	-0.1798	-0.059	-0.057	-0.044	4
Display	FUNDING:	[0.1377952755905512, 0.306, 0.2204724409448819, 0.321]	[0.13517060367454067, 0.404, 0.22703412073490814, 0.418]	no-link	answer-header	0.0853	0.0026	-0.0892	-0.098	-0.097	-0.083	4
Display	1990	[0.1377952755905512, 0.306, 0.2204724409448819, 0.321]	[0.13910761154855644, 0.43, 0.18110236220472442, 0.445]	no-link	answer-answer	0.0814	-0.0013	-0.0433	-0.124	-0.124	-0.109	4
Display	Customized	[0.1377952755905512, 0.306, 0.2204724409448819, 0.321]	[0.19291338582677164, 0.432, 0.3031496062992126, 0.447]	no-link	answer-answer	0.0276	-0.0551	-0.1654	-0.126	-0.126	-0.111	4
Display	Services	[0.1377952755905512, 0.306, 0.2204724409448819, 0.321]	[0.1377952755905512, 0.459, 0.22572178477690288, 0.474]	no-link	answer-answer	0.0827	0.0	-0.0879	-0.153	-0.153	-0.138	4
Display		[0.1377952755905512, 0.306, 0.2204724409448819, 0.321]	[0.23622047244094488, 0.464, 0.24934383202099739, 0.471]	no-link	answer-answer	-0.0157	-0.0984	-0.1115	-0.158	-0.15	-0.143	4
Display	SIGNATURES:	[0.1377952755905512, 0.306, 0.2204724409448819, 0.321]	[0.1325459317585302, 0.559, 0.2572178477690289, 0.574]	no-link	answer-question	0.0879	0.0052	-0.1194	-0.253	-0.253	-0.238	4
Display	REQUESTING	[0.1377952755905512, 0.306, 0.2204724409448819, 0.321]	[0.1325459317585302, 0.598, 0.24671916010498687, 0.615]	no-link	answer-question	0.0879	0.0052	-0.1089	-0.292	-0.294	-0.277	4
Chicago	Display	[0.13910761154855644, 0.335, 0.21653543307086615, 0.349]	[0.22703412073490814, 0.335, 0.30577427821522307, 0.352]	word-word	answer-answer	0.1667	0.0	0.0879	0.003	0.0105	0.017	4
Chicago	MERCHANDISING	[0.13910761154855644, 0.335, 0.21653543307086615, 0.349]	[0.1325459317585302, 0.64, 0.2755905511811024, 0.657]	no-link	answer-question	0.084	0.0066	-0.1365	-0.305	-0.308	-0.291	4
Robert	Nielson	[0.13910761154855644, 0.36, 0.2047244094488189, 0.377]	[0.2125984251968504, 0.362, 0.2926509186351706, 0.377]	word-word	answer-answer	0.1535	0.002	0.0735	0.0	0.0079	0.017	4
Robert	&	[0.13910761154855644, 0.36, 0.2047244094488189, 0.377]	[0.30446194225721784, 0.365, 0.31758530183727035, 0.378]	no-link	answer-answer	-0.0997	-0.1654	-0.1785	-0.005	-0.001	0.012	4
Robert	FUNDING:	[0.13910761154855644, 0.36, 0.2047244094488189, 0.377]	[0.13517060367454067, 0.404, 0.22703412073490814, 0.418]	no-link	answer-header	0.0696	0.0039	-0.0879	-0.044	-0.041	-0.027	4
Robert	1990	[0.13910761154855644, 0.36, 0.2047244094488189, 0.377]	[0.13910761154855644, 0.43, 0.18110236220472442, 0.445]	no-link	answer-answer	0.0656	0.0	-0.042	-0.07	-0.068	-0.053	4
Robert	Customized	[0.13910761154855644, 0.36, 0.2047244094488189, 0.377]	[0.19291338582677164, 0.432, 0.3031496062992126, 0.447]	no-link	answer-answer	0.0118	-0.0538	-0.164	-0.072	-0.07	-0.055	4
Robert	Services	[0.13910761154855644, 0.36, 0.2047244094488189, 0.377]	[0.1377952755905512, 0.459, 0.22572178477690288, 0.474]	no-link	answer-answer	0.0669	0.0013	-0.0866	-0.099	-0.097	-0.082	4
Robert		[0.13910761154855644, 0.36, 0.2047244094488189, 0.377]	[0.23622047244094488, 0.464, 0.24934383202099739, 0.471]	no-link	answer-answer	-0.0315	-0.0971	-0.1102	-0.104	-0.094	-0.087	4
Robert	SIGNATURES:	[0.13910761154855644, 0.36, 0.2047244094488189, 0.377]	[0.1325459317585302, 0.559, 0.2572178477690289, 0.574]	no-link	answer-question	0.0722	0.0066	-0.1181	-0.199	-0.197	-0.182	4
Robert	REQUESTING	[0.13910761154855644, 0.36, 0.2047244094488189, 0.377]	[0.1325459317585302, 0.598, 0.24671916010498687, 0.615]	no-link	answer-question	0.0722	0.0066	-0.1076	-0.238	-0.238	-0.221	4
Robert	MERCHANDISING	[0.13910761154855644, 0.36, 0.2047244094488189, 0.377]	[0.1325459317585302, 0.64, 0.2755905511811024, 0.657]	no-link	answer-question	0.0722	0.0066	-0.1365	-0.28	-0.28	-0.263	4
Nielson	&	[0.2125984251968504, 0.362, 0.2926509186351706, 0.377]	[0.30446194225721784, 0.365, 0.31758530183727035, 0.378]	word-word	answer-answer	0.105	0.003	0.0919	0.001	0.0118	0.016	4
Nielson	FUNDING:	[0.2125984251968504, 0.362, 0.2926509186351706, 0.377]	[0.13517060367454067, 0.404, 0.22703412073490814, 0.418]	no-link	answer-header	0.1575	0.0774	-0.0144	-0.042	-0.041	-0.027	4
Nielson	1990	[0.2125984251968504, 0.362, 0.2926509186351706, 0.377]	[0.13910761154855644, 0.43, 0.18110236220472442, 0.445]	no-link	answer-answer	0.1535	0.0735	0.0315	-0.068	-0.068	-0.053	4
Nielson	Customized	[0.2125984251968504, 0.362, 0.2926509186351706, 0.377]	[0.19291338582677164, 0.432, 0.3031496062992126, 0.447]	no-link	answer-answer	0.0997	0.0197	-0.0906	-0.07	-0.07	-0.055	4
Nielson	Services	[0.2125984251968504, 0.362, 0.2926509186351706, 0.377]	[0.1377952755905512, 0.459, 0.22572178477690288, 0.474]	no-link	answer-answer	0.1549	0.0748	-0.0131	-0.097	-0.097	-0.082	4
Nielson		[0.2125984251968504, 0.362, 0.2926509186351706, 0.377]	[0.23622047244094488, 0.464, 0.24934383202099739, 0.471]	no-link	answer-answer	0.0564	-0.0236	-0.0367	-0.102	-0.094	-0.087	4
Nielson	SIGNATURES:	[0.2125984251968504, 0.362, 0.2926509186351706, 0.377]	[0.1325459317585302, 0.559, 0.2572178477690289, 0.574]	no-link	answer-question	0.1601	0.0801	-0.0446	-0.197	-0.197	-0.182	4
Nielson	REQUESTING	[0.2125984251968504, 0.362, 0.2926509186351706, 0.377]	[0.1325459317585302, 0.598, 0.24671916010498687, 0.615]	no-link	answer-question	0.1601	0.0801	-0.0341	-0.236	-0.238	-0.221	4
Nielson	MERCHANDISING	[0.2125984251968504, 0.362, 0.2926509186351706, 0.377]	[0.1325459317585302, 0.64, 0.2755905511811024, 0.657]	no-link	answer-question	0.1601	0.0801	-0.063	-0.278	-0.28	-0.263	4
&	Associates	[0.30446194225721784, 0.365, 0.31758530183727035, 0.378]	[0.3228346456692913, 0.363, 0.43700787401574803, 0.38]	word-word	answer-answer	0.1325	-0.002	0.0184	0.002	0.0052	0.015	4
&	FUNDING:	[0.30446194225721784, 0.365, 0.31758530183727035, 0.378]	[0.13517060367454067, 0.404, 0.22703412073490814, 0.418]	no-link	answer-answer	0.1824	0.1693	0.0774	-0.039	-0.04	-0.026	4
&	1990	[0.30446194225721784, 0.365, 0.31758530183727035, 0.378]	[0.13910761154855644, 0.43, 0.18110236220472442, 0.445]	no-link	answer-answer	0.1785	0.1654	0.1234	-0.065	-0.067	-0.052	4
&	Customized	[0.30446194225721784, 0.365, 0.31758530183727035, 0.378]	[0.19291338582677164, 0.432, 0.3031496062992126, 0.447]	no-link	answer-answer	0.1247	0.1115	0.0013	-0.067	-0.069	-0.054	4
&	Services	[0.30446194225721784, 0.365, 0.31758530183727035, 0.378]	[0.1377952755905512, 0.459, 0.22572178477690288, 0.474]	no-link	answer-answer	0.1798	0.1667	0.0787	-0.094	-0.096	-0.081	4
&		[0.30446194225721784, 0.365, 0.31758530183727035, 0.378]	[0.23622047244094488, 0.464, 0.24934383202099739, 0.471]	no-link	answer-answer	0.0814	0.0682	0.0551	-0.099	-0.093	-0.086	4
&	SIGNATURES:	[0.30446194225721784, 0.365, 0.31758530183727035, 0.378]	[0.1325459317585302, 0.559, 0.2572178477690289, 0.574]	no-link	answer-question	0.185	0.1719	0.0472	-0.194	-0.196	-0.181	4
&	REQUESTING	[0.30446194225721784, 0.365, 0.31758530183727035, 0.378]	[0.1325459317585302, 0.598, 0.24671916010498687, 0.615]	no-link	answer-question	0.185	0.1719	0.0577	-0.233	-0.237	-0.22	4
&	MERCHANDISING	[0.30446194225721784, 0.365, 0.31758530183727035, 0.378]	[0.1325459317585302, 0.64, 0.2755905511811024, 0.657]	no-link	answer-question	0.185	0.1719	0.0289	-0.275	-0.279	-0.262	4
FUNDING:	SIGNATURES:	[0.13517060367454067, 0.404, 0.22703412073490814, 0.418]	[0.1325459317585302, 0.559, 0.2572178477690289, 0.574]	line-line	question-header	0.122	0.155	-0.0026	0.156	-0.0945	0.17	5
FUNDING:	1990	[0.13517060367454067, 0.404, 0.22703412073490814, 0.418]	[0.13910761154855644, 0.43, 0.18110236220472442, 0.445]	no-link	question-answer	0.0879	-0.0039	-0.0459	-0.026	-0.027	-0.012	5
FUNDING:	Customized	[0.13517060367454067, 0.404, 0.22703412073490814, 0.418]	[0.19291338582677164, 0.432, 0.3031496062992126, 0.447]	no-link	question-answer	0.0341	-0.0577	-0.168	-0.028	-0.029	-0.014	5
FUNDING:	Services	[0.13517060367454067, 0.404, 0.22703412073490814, 0.418]	[0.1377952755905512, 0.459, 0.22572178477690288, 0.474]	no-link	question-answer	0.0892	-0.0026	-0.0906	-0.055	-0.056	-0.041	5
FUNDING:		[0.13517060367454067, 0.404, 0.22703412073490814, 0.418]	[0.23622047244094488, 0.464, 0.24934383202099739, 0.471]	no-link	question-answer	-0.0092	-0.101	-0.1142	-0.06	-0.053	-0.046	5
FUNDING:	REQUESTING	[0.13517060367454067, 0.404, 0.22703412073490814, 0.418]	[0.1325459317585302, 0.598, 0.24671916010498687, 0.615]	no-link	question-question	0.0945	0.0026	-0.1115	-0.194	-0.197	-0.18	5
FUNDING:	MERCHANDISING	[0.13517060367454067, 0.404, 0.22703412073490814, 0.418]	[0.1325459317585302, 0.64, 0.2755905511811024, 0.657]	no-link	question-question	0.0945	0.0026	-0.1404	-0.236	-0.239	-0.222	5
FUNDING:	GROUP	[0.13517060367454067, 0.404, 0.22703412073490814, 0.418]	[0.12992125984251968, 0.682, 0.18635170603674542, 0.697]	no-link	question-question	0.0971	0.0052	-0.0512	-0.278	-0.279	-0.264	5
FUNDING:	1990	[0.13517060367454067, 0.404, 0.22703412073490814, 0.418]	[0.13910761154855644, 0.43, 0.18110236220472442, 0.445]	question-answer	question-answer	0.0459	0.026	0.0039	0.027	-0.0879	0.041	5
FUNDING:	Services	[0.13517060367454067, 0.404, 0.22703412073490814, 0.418]	[0.1377952755905512, 0.459, 0.22572178477690288, 0.474]	question-answer	question-answer	0.0906	0.055	0.0026	0.056	-0.0892	0.07	5
1990	Customized	[0.13910761154855644, 0.43, 0.18110236220472442, 0.445]	[0.19291338582677164, 0.432, 0.3031496062992126, 0.447]	word-word	answer-answer	0.164	0.002	0.0538	0.002	0.0118	0.017	5
1990	Services	[0.13910761154855644, 0.43, 0.18110236220472442, 0.445]	[0.1377952755905512, 0.459, 0.22572178477690288, 0.474]	no-link	answer-answer	0.0433	0.0013	-0.0866	-0.029	-0.029	-0.014	5
1990		[0.13910761154855644, 0.43, 0.18110236220472442, 0.445]	[0.23622047244094488, 0.464, 0.24934383202099739, 0.471]	no-link	answer-answer	-0.0551	-0.0971	-0.1102	-0.034	-0.026	-0.019	5
1990	SIGNATURES:	[0.13910761154855644, 0.43, 0.18110236220472442, 0.445]	[0.1325459317585302, 0.559, 0.2572178477690289, 0.574]	no-link	answer-question	0.0486	0.0066	-0.1181	-0.129	-0.129	-0.114	5
1990	REQUESTING	[0.13910761154855644, 0.43, 0.18110236220472442, 0.445]	[0.1325459317585302, 0.598, 0.24671916010498687, 0.615]	no-link	answer-question	0.0486	0.0066	-0.1076	-0.168	-0.17	-0.153	5
1990	MERCHANDISING	[0.13910761154855644, 0.43, 0.18110236220472442, 0.445]	[0.1325459317585302, 0.64, 0.2755905511811024, 0.657]	no-link	answer-question	0.0486	0.0066	-0.1365	-0.21	-0.212	-0.195	5
1990	GROUP	[0.13910761154855644, 0.43, 0.18110236220472442, 0.445]	[0.12992125984251968, 0.682, 0.18635170603674542, 0.697]	no-link	answer-question	0.0512	0.0092	-0.0472	-0.252	-0.252	-0.237	5
Customized	Merchandising	[0.19291338582677164, 0.432, 0.3031496062992126, 0.447]	[0.3110236220472441, 0.433, 0.4553805774278215, 0.451]	word-word	answer-answer	0.2625	0.001	0.1181	0.004	0.0079	0.019	5
Customized		[0.19291338582677164, 0.432, 0.3031496062992126, 0.447]	[0.23622047244094488, 0.464, 0.24934383202099739, 0.471]	no-link	answer-answer	0.0669	-0.0433	-0.0564	-0.032	-0.024	-0.017	5
Customized	SIGNATURES:	[0.19291338582677164, 0.432, 0.3031496062992126, 0.447]	[0.1325459317585302, 0.559, 0.2572178477690289, 0.574]	no-link	answer-question	0.1706	0.0604	-0.0643	-0.127	-0.127	-0.112	5
Customized	REQUESTING	[0.19291338582677164, 0.432, 0.3031496062992126, 0.447]	[0.1325459317585302, 0.598, 0.24671916010498687, 0.615]	no-link	answer-question	0.1706	0.0604	-0.0538	-0.166	-0.168	-0.151	5
Customized	MERCHANDISING	[0.19291338582677164, 0.432, 0.3031496062992126, 0.447]	[0.1325459317585302, 0.64, 0.2755905511811024, 0.657]	no-link	answer-question	0.1706	0.0604	-0.0827	-0.208	-0.21	-0.193	5
Customized	GROUP	[0.19291338582677164, 0.432, 0.3031496062992126, 0.447]	[0.12992125984251968, 0.682, 0.18635170603674542, 0.697]	no-link	answer-question	0.1732	0.063	0.0066	-0.25	-0.25	-0.235	5
Customized	PRODUCT	[0.19291338582677164, 0.432, 0.3031496062992126, 0.447]	[0.19816272965879264, 0.684, 0.2769028871391076, 0.698]	no-link	answer-question	0.105	-0.0052	-0.084	-0.252	-0.251	-0.237	5
Services		[0.1377952755905512, 0.459, 0.22572178477690288, 0.474]	[0.23622047244094488, 0.464, 0.24934383202099739, 0.471]	word-word	answer-answer	0.1115	0.005	0.0984	-0.003	0.0105	0.012	5
Services	SIGNATURES:	[0.1377952755905512, 0.459, 0.22572178477690288, 0.474]	[0.1325459317585302, 0.559, 0.2572178477690289, 0.574]	no-link	answer-question	0.0932	0.0052	-0.1194	-0.1	-0.1	-0.085	5
Services	REQUESTING	[0.1377952755905512, 0.459, 0.22572178477690288, 0.474]	[0.1325459317585302, 0.598, 0.24671916010498687, 0.615]	no-link	answer-question	0.0932	0.0052	-0.1089	-0.139	-0.141	-0.124	5
Services	MERCHANDISING	[0.1377952755905512, 0.459, 0.22572178477690288, 0.474]	[0.1325459317585302, 0.64, 0.2755905511811024, 0.657]	no-link	answer-question	0.0932	0.0052	-0.1378	-0.181	-0.183	-0.166	5
Services	GROUP	[0.1377952755905512, 0.459, 0.22572178477690288, 0.474]	[0.12992125984251968, 0.682, 0.18635170603674542, 0.697]	no-link	answer-question	0.0958	0.0079	-0.0486	-0.223	-0.223	-0.208	5
Services	PRODUCT	[0.1377952755905512, 0.459, 0.22572178477690288, 0.474]	[0.19816272965879264, 0.684, 0.2769028871391076, 0.698]	no-link	answer-question	0.0276	-0.0604	-0.1391	-0.225	-0.224	-0.21	5
	ESPNS	[0.23622047244094488, 0.464, 0.24934383202099739, 0.471]	[0.2585301837270341, 0.461, 0.3031496062992126, 0.474]	word-word	answer-answer	0.0669	-0.003	0.0223	0.003	0.0092	0.01	5
	SIGNATURES:	[0.23622047244094488, 0.464, 0.24934383202099739, 0.471]	[0.1325459317585302, 0.559, 0.2572178477690289, 0.574]	no-link	answer-question	0.1168	0.1037	-0.021	-0.095	-0.103	-0.088	5
	REQUESTING	[0.23622047244094488, 0.464, 0.24934383202099739, 0.471]	[0.1325459317585302, 0.598, 0.24671916010498687, 0.615]	no-link	answer-question	0.1168	0.1037	-0.0105	-0.134	-0.144	-0.127	5
	MERCHANDISING	[0.23622047244094488, 0.464, 0.24934383202099739, 0.471]	[0.1325459317585302, 0.64, 0.2755905511811024, 0.657]	no-link	answer-question	0.1168	0.1037	-0.0394	-0.176	-0.186	-0.169	5
	GROUP	[0.23622047244094488, 0.464, 0.24934383202099739, 0.471]	[0.12992125984251968, 0.682, 0.18635170603674542, 0.697]	no-link	answer-question	0.1194	0.1063	0.0499	-0.218	-0.226	-0.211	5
	PRODUCT	[0.23622047244094488, 0.464, 0.24934383202099739, 0.471]	[0.19816272965879264, 0.684, 0.2769028871391076, 0.698]	no-link	answer-question	0.0512	0.0381	-0.0407	-0.22	-0.227	-0.213	5
	PURCHASING	[0.23622047244094488, 0.464, 0.24934383202099739, 0.471]	[0.12860892388451445, 0.725, 0.24278215223097113, 0.74]	no-link	answer-question	0.1207	0.1076	-0.0066	-0.261	-0.269	-0.254	5
SIGNATURES:	REQUESTING	[0.1325459317585302, 0.559, 0.2572178477690289, 0.574]	[0.1325459317585302, 0.598, 0.24671916010498687, 0.615]	line-line	header-question	0.1142	0.039	0.0	0.041	-0.1247	0.056	6
SIGNATURES:	MERCHANDISING	[0.1325459317585302, 0.559, 0.2572178477690289, 0.574]	[0.1325459317585302, 0.64, 0.2755905511811024, 0.657]	no-link	header-question	0.1247	0.0	-0.143	-0.081	-0.083	-0.066	6
SIGNATURES:	GROUP	[0.1325459317585302, 0.559, 0.2572178477690289, 0.574]	[0.12992125984251968, 0.682, 0.18635170603674542, 0.697]	no-link	header-question	0.1273	0.0026	-0.0538	-0.123	-0.123	-0.108	6
SIGNATURES:	PRODUCT	[0.1325459317585302, 0.559, 0.2572178477690289, 0.574]	[0.19816272965879264, 0.684, 0.2769028871391076, 0.698]	no-link	header-question	0.0591	-0.0656	-0.1444	-0.125	-0.124	-0.11	6
SIGNATURES:	PURCHASING	[0.1325459317585302, 0.559, 0.2572178477690289, 0.574]	[0.12860892388451445, 0.725, 0.24278215223097113, 0.74]	no-link	header-question	0.1286	0.0039	-0.1102	-0.166	-0.166	-0.151	6
SIGNATURES:	REQUESTING	[0.1325459317585302, 0.559, 0.2572178477690289, 0.574]	[0.1325459317585302, 0.598, 0.24671916010498687, 0.615]	header-question	header-question	0.1142	0.039	0.0	0.041	-0.1247	0.056	6
SIGNATURES:	MERCHANDISING	[0.1325459317585302, 0.559, 0.2572178477690289, 0.574]	[0.1325459317585302, 0.64, 0.2755905511811024, 0.657]	header-question	header-question	0.143	0.081	0.0	0.083	-0.1247	0.098	6
SIGNATURES:	RETURN	[0.1325459317585302, 0.559, 0.2572178477690289, 0.574]	[0.12598425196850394, 0.768, 0.19553805774278216, 0.781]	no-link	header-question	0.1312	0.0066	-0.063	-0.209	-0.207	-0.194	6
SIGNATURES:	GROUP	[0.1325459317585302, 0.559, 0.2572178477690289, 0.574]	[0.12992125984251968, 0.682, 0.18635170603674542, 0.697]	header-question	header-question	0.0538	0.123	-0.0026	0.123	-0.1273	0.138	6
SIGNATURES:	PURCHASING	[0.1325459317585302, 0.559, 0.2572178477690289, 0.574]	[0.12860892388451445, 0.725, 0.24278215223097113, 0.74]	header-question	header-question	0.1102	0.166	-0.0039	0.166	-0.1286	0.181	6
SIGNATURES:	RETURN	[0.1325459317585302, 0.559, 0.2572178477690289, 0.574]	[0.12598425196850394, 0.768, 0.19553805774278216, 0.781]	header-question	header-question	0.063	0.209	-0.0066	0.207	-0.1312	0.222	6
REQUESTING	MANAGER	[0.1325459317585302, 0.598, 0.24671916010498687, 0.615]	[0.2532808398950131, 0.599, 0.3333333333333333, 0.614]	word-word	question-question	0.2008	0.001	0.1207	-0.001	0.0066	0.016	6
REQUESTING	MERCHANDISING	[0.1325459317585302, 0.598, 0.24671916010498687, 0.615]	[0.1325459317585302, 0.64, 0.2755905511811024, 0.657]	no-link	question-question	0.1142	0.0	-0.143	-0.042	-0.042	-0.025	6
REQUESTING	GROUP	[0.1325459317585302, 0.598, 0.24671916010498687, 0.615]	[0.12992125984251968, 0.682, 0.18635170603674542, 0.697]	no-link	question-question	0.1168	0.0026	-0.0538	-0.084	-0.082	-0.067	6
REQUESTING	PRODUCT	[0.1325459317585302, 0.598, 0.24671916010498687, 0.615]	[0.19816272965879264, 0.684, 0.2769028871391076, 0.698]	no-link	question-question	0.0486	-0.0656	-0.1444	-0.086	-0.083	-0.069	6
REQUESTING	PURCHASING	[0.1325459317585302, 0.598, 0.24671916010498687, 0.615]	[0.12860892388451445, 0.725, 0.24278215223097113, 0.74]	no-link	question-question	0.1181	0.0039	-0.1102	-0.127	-0.125	-0.11	6
REQUESTING	RETURN	[0.1325459317585302, 0.598, 0.24671916010498687, 0.615]	[0.12598425196850394, 0.768, 0.19553805774278216, 0.781]	no-link	question-question	0.1207	0.0066	-0.063	-0.17	-0.166	-0.153	6
REQUESTING	MERCHANDISING	[0.1325459317585302, 0.598, 0.24671916010498687, 0.615]	[0.1325459317585302, 0.64, 0.2755905511811024, 0.657]	line-line	question-question	0.143	0.042	0.0	0.042	-0.1142	0.059	7
REQUESTING	MANAGER	[0.1325459317585302, 0.598, 0.24671916010498687, 0.615]	[0.2532808398950131, 0.599, 0.3333333333333333, 0.614]	word-word	question-question	0.2008	0.001	0.1207	-0.001	0.0066	0.016	7
REQUESTING	SIGNATURES:	[0.1325459317585302, 0.598, 0.24671916010498687, 0.615]	[0.1325459317585302, 0.559, 0.2572178477690289, 0.574]	question-header	question-header	0.1247	-0.039	0.0	-0.041	-0.1142	-0.024	7
MERCHANDISING	MANAGER	[0.1325459317585302, 0.64, 0.2755905511811024, 0.657]	[0.28608923884514437, 0.642, 0.3648293963254593, 0.656]	word-word	question-question	0.2323	0.002	0.1535	-0.001	0.0105	0.016	6
MERCHANDISING	GROUP	[0.1325459317585302, 0.64, 0.2755905511811024, 0.657]	[0.12992125984251968, 0.682, 0.18635170603674542, 0.697]	no-link	question-question	0.1457	0.0026	-0.0538	-0.042	-0.04	-0.025	6
MERCHANDISING	PRODUCT	[0.1325459317585302, 0.64, 0.2755905511811024, 0.657]	[0.19816272965879264, 0.684, 0.2769028871391076, 0.698]	no-link	question-question	0.0774	-0.0656	-0.1444	-0.044	-0.041	-0.027	6
MERCHANDISING	PURCHASING	[0.1325459317585302, 0.64, 0.2755905511811024, 0.657]	[0.12860892388451445, 0.725, 0.24278215223097113, 0.74]	no-link	question-question	0.147	0.0039	-0.1102	-0.085	-0.083	-0.068	6
MERCHANDISING	RETURN	[0.1325459317585302, 0.64, 0.2755905511811024, 0.657]	[0.12598425196850394, 0.768, 0.19553805774278216, 0.781]	no-link	question-question	0.1496	0.0066	-0.063	-0.128	-0.124	-0.111	6
MERCHANDISING	GROUP	[0.1325459317585302, 0.64, 0.2755905511811024, 0.657]	[0.12992125984251968, 0.682, 0.18635170603674542, 0.697]	line-line	question-question	0.0538	0.042	-0.0026	0.04	-0.1457	0.057	8
MERCHANDISING	MANAGER	[0.1325459317585302, 0.64, 0.2755905511811024, 0.657]	[0.28608923884514437, 0.642, 0.3648293963254593, 0.656]	word-word	question-question	0.2323	0.002	0.1535	-0.001	0.0105	0.016	8
MERCHANDISING	SIGNATURES:	[0.1325459317585302, 0.64, 0.2755905511811024, 0.657]	[0.1325459317585302, 0.559, 0.2572178477690289, 0.574]	question-header	question-header	0.1247	-0.081	0.0	-0.083	-0.143	-0.066	8
GROUP	PRODUCT	[0.12992125984251968, 0.682, 0.18635170603674542, 0.697]	[0.19816272965879264, 0.684, 0.2769028871391076, 0.698]	word-word	question-question	0.147	0.002	0.0682	0.001	0.0118	0.016	6
GROUP	PURCHASING	[0.12992125984251968, 0.682, 0.18635170603674542, 0.697]	[0.12860892388451445, 0.725, 0.24278215223097113, 0.74]	no-link	question-question	0.0577	0.0013	-0.1129	-0.043	-0.043	-0.028	6
GROUP	RETURN	[0.12992125984251968, 0.682, 0.18635170603674542, 0.697]	[0.12598425196850394, 0.768, 0.19553805774278216, 0.781]	no-link	question-question	0.0604	0.0039	-0.0656	-0.086	-0.084	-0.071	6
GROUP	PURCHASING	[0.12992125984251968, 0.682, 0.18635170603674542, 0.697]	[0.12860892388451445, 0.725, 0.24278215223097113, 0.74]	line-line	question-question	0.1129	0.043	-0.0013	0.043	-0.0577	0.058	9
GROUP	PRODUCT	[0.12992125984251968, 0.682, 0.18635170603674542, 0.697]	[0.19816272965879264, 0.684, 0.2769028871391076, 0.698]	word-word	question-question	0.147	0.002	0.0682	0.001	0.0118	0.016	9
GROUP	SIGNATURES:	[0.12992125984251968, 0.682, 0.18635170603674542, 0.697]	[0.1325459317585302, 0.559, 0.2572178477690289, 0.574]	question-header	question-header	0.1273	-0.123	0.0026	-0.123	-0.0538	-0.108	9
PRODUCT	DIRECTOR	[0.19816272965879264, 0.684, 0.2769028871391076, 0.698]	[0.28608923884514437, 0.684, 0.37401574803149606, 0.699]	word-word	question-question	0.1759	0.0	0.0879	0.001	0.0092	0.015	6
PRODUCT	PURCHASING	[0.19816272965879264, 0.684, 0.2769028871391076, 0.698]	[0.12860892388451445, 0.725, 0.24278215223097113, 0.74]	no-link	question-question	0.1483	0.0696	-0.0446	-0.041	-0.042	-0.027	6
PRODUCT	RETURN	[0.19816272965879264, 0.684, 0.2769028871391076, 0.698]	[0.12598425196850394, 0.768, 0.19553805774278216, 0.781]	no-link	question-question	0.1509	0.0722	0.0026	-0.084	-0.083	-0.07	6
PRODUCT	DIRECTOR	[0.19816272965879264, 0.684, 0.2769028871391076, 0.698]	[0.28608923884514437, 0.684, 0.37401574803149606, 0.699]	word-word	question-question	0.1759	0.0	0.0879	0.001	0.0092	0.015	9
PURCHASING	DEPARTMENT	[0.12860892388451445, 0.725, 0.24278215223097113, 0.74]	[0.24934383202099739, 0.728, 0.36089238845144356, 0.742]	word-word	question-question	0.2323	0.003	0.1207	0.002	0.0066	0.017	6
PURCHASING	RETURN	[0.12860892388451445, 0.725, 0.24278215223097113, 0.74]	[0.12598425196850394, 0.768, 0.19553805774278216, 0.781]	no-link	question-question	0.1168	0.0026	-0.0669	-0.043	-0.041	-0.028	6
PURCHASING	DEPARTMENT	[0.12860892388451445, 0.725, 0.24278215223097113, 0.74]	[0.24934383202099739, 0.728, 0.36089238845144356, 0.742]	word-word	question-question	0.2323	0.003	0.1207	0.002	0.0066	0.017	10
PURCHASING	SIGNATURES:	[0.12860892388451445, 0.725, 0.24278215223097113, 0.74]	[0.1325459317585302, 0.559, 0.2572178477690289, 0.574]	question-header	question-header	0.1286	-0.166	0.0039	-0.166	-0.1102	-0.151	10
RETURN	TO:	[0.12598425196850394, 0.768, 0.19553805774278216, 0.781]	[0.2047244094488189, 0.77, 0.23753280839895013, 0.783]	word-word	question-question	0.1115	0.002	0.0787	0.002	0.0092	0.015	6
