BROWN	JOB	[0.2769028871391076, 0.151, 0.32677165354330706, 0.165]	[0.18503937007874016, 0.218, 0.21128608923884515, 0.229]	line-line	header-question	-0.0656	0.067	-0.0919	0.064	-0.1417	0.078	0
BROWN	&	[0.2769028871391076, 0.151, 0.32677165354330706, 0.165]	[0.3293963254593176, 0.152, 0.33989501312335957, 0.163]	no-link	header-header	-0.0026	-0.0525	-0.063	-0.001	0.002	0.013	0
BROWN	WILLIAMSON	[0.2769028871391076, 0.151, 0.32677165354330706, 0.165]	[0.3451443569553806, 0.152, 0.431758530183727, 0.163]	no-link	header-header	-0.0184	-0.0682	-0.1549	-0.001	0.002	0.013	0
BROWN	TOBACCO	[0.2769028871391076, 0.151, 0.32677165354330706, 0.165]	[0.2782152230971129, 0.166, 0.3425196850393701, 0.176]	no-link	header-header	0.0486	-0.0013	-0.0656	-0.015	-0.011	-0.001	0
BROWN	BRAND	[0.2769028871391076, 0.151, 0.32677165354330706, 0.165]	[0.18503937007874016, 0.249, 0.22965879265091863, 0.26]	no-link	header-question	0.1417	0.0919	0.0472	-0.098	-0.095	-0.084	0
BROWN	Hess	[0.2769028871391076, 0.151, 0.32677165354330706, 0.165]	[0.3648293963254593, 0.275, 0.39238845144356954, 0.288]	no-link	header-answer	-0.0381	-0.0879	-0.1155	-0.124	-0.123	-0.11	0
BROWN	Dispenser	[0.2769028871391076, 0.151, 0.32677165354330706, 0.165]	[0.3963254593175853, 0.275, 0.452755905511811, 0.286]	no-link	header-answer	-0.0696	-0.1194	-0.1759	-0.124	-0.121	-0.11	0
BROWN	CMS	[0.2769028871391076, 0.151, 0.32677165354330706, 0.165]	[0.2782152230971129, 0.277, 0.30577427821522307, 0.287]	no-link	header-answer	0.0486	-0.0013	-0.0289	-0.126	-0.122	-0.112	0
BROWN	Amerada	[0.2769028871391076, 0.151, 0.32677165354330706, 0.165]	[0.30971128608923887, 0.277, 0.36089238845144356, 0.287]	no-link	header-answer	0.0171	-0.0328	-0.084	-0.126	-0.122	-0.112	0
BROWN	DESCRIPTION	[0.2769028871391076, 0.151, 0.32677165354330706, 0.165]	[0.18635170603674542, 0.278, 0.27034120734908135, 0.288]	no-link	header-question	0.1404	0.0906	0.0066	-0.127	-0.123	-0.113	0
BROWN	12/	[0.2769028871391076, 0.151, 0.32677165354330706, 0.165]	[0.23622047244094488, 0.306, 0.2545931758530184, 0.317]	no-link	header-answer	0.0906	0.0407	0.0223	-0.155	-0.152	-0.141	0
BROWN	15/	[0.2769028871391076, 0.151, 0.32677165354330706, 0.165]	[0.2545931758530184, 0.306, 0.27165354330708663, 0.317]	no-link	header-answer	0.0722	0.0223	0.0052	-0.155	-0.152	-0.141	0
BROWN	DATE	[0.2769028871391076, 0.151, 0.32677165354330706, 0.165]	[0.18503937007874016, 0.307, 0.2204724409448819, 0.317]	no-link	header-question	0.1417	0.0919	0.0564	-0.156	-0.152	-0.142	0
BROWN	SQ.	[0.2769028871391076, 0.151, 0.32677165354330706, 0.165]	[0.18503937007874016, 0.334, 0.20866141732283464, 0.345]	no-link	header-question	0.1417	0.0919	0.0682	-0.183	-0.18	-0.169	0
BROWN	&	[0.2769028871391076, 0.151, 0.32677165354330706, 0.165]	[0.3293963254593176, 0.152, 0.33989501312335957, 0.163]	word-word	header-header	0.063	0.001	0.0525	-0.002	0.0026	0.012	0
&	WILLIAMSON	[0.3293963254593176, 0.152, 0.33989501312335957, 0.163]	[0.3451443569553806, 0.152, 0.431758530183727, 0.163]	word-word	header-header	0.1024	0.0	0.0157	0.0	0.0052	0.011	0
&	TOBACCO	[0.3293963254593176, 0.152, 0.33989501312335957, 0.163]	[0.2782152230971129, 0.166, 0.3425196850393701, 0.176]	no-link	header-header	0.0617	0.0512	-0.0131	-0.014	-0.013	-0.003	0
&	JOB	[0.3293963254593176, 0.152, 0.33989501312335957, 0.163]	[0.18503937007874016, 0.218, 0.21128608923884515, 0.229]	no-link	header-question	0.1549	0.1444	0.1181	-0.066	-0.066	-0.055	0
&	BRAND	[0.3293963254593176, 0.152, 0.33989501312335957, 0.163]	[0.18503937007874016, 0.249, 0.22965879265091863, 0.26]	no-link	header-question	0.1549	0.1444	0.0997	-0.097	-0.097	-0.086	0
&	Hess	[0.3293963254593176, 0.152, 0.33989501312335957, 0.163]	[0.3648293963254593, 0.275, 0.39238845144356954, 0.288]	no-link	header-answer	-0.0249	-0.0354	-0.063	-0.123	-0.125	-0.112	0
&	Dispenser	[0.3293963254593176, 0.152, 0.33989501312335957, 0.163]	[0.3963254593175853, 0.275, 0.452755905511811, 0.286]	no-link	header-answer	-0.0564	-0.0669	-0.1234	-0.123	-0.123	-0.112	0
&	CMS	[0.3293963254593176, 0.152, 0.33989501312335957, 0.163]	[0.2782152230971129, 0.277, 0.30577427821522307, 0.287]	no-link	header-answer	0.0617	0.0512	0.0236	-0.125	-0.124	-0.114	0
&	Amerada	[0.3293963254593176, 0.152, 0.33989501312335957, 0.163]	[0.30971128608923887, 0.277, 0.36089238845144356, 0.287]	no-link	header-answer	0.0302	0.0197	-0.0315	-0.125	-0.124	-0.114	0
&	DESCRIPTION	[0.3293963254593176, 0.152, 0.33989501312335957, 0.163]	[0.18635170603674542, 0.278, 0.27034120734908135, 0.288]	no-link	header-question	0.1535	0.143	0.0591	-0.126	-0.125	-0.115	0
&	12/	[0.3293963254593176, 0.152, 0.33989501312335957, 0.163]	[0.23622047244094488, 0.306, 0.2545931758530184, 0.317]	no-link	header-answer	0.1037	0.0932	0.0748	-0.154	-0.154	-0.143	0
&	15/	[0.3293963254593176, 0.152, 0.33989501312335957, 0.163]	[0.2545931758530184, 0.306, 0.27165354330708663, 0.317]	no-link	header-answer	0.0853	0.0748	0.0577	-0.154	-0.154	-0.143	0
&	DATE	[0.3293963254593176, 0.152, 0.33989501312335957, 0.163]	[0.18503937007874016, 0.307, 0.2204724409448819, 0.317]	no-link	header-question	0.1549	0.1444	0.1089	-0.155	-0.154	-0.144	0
&	SQ.	[0.3293963254593176, 0.152, 0.33989501312335957, 0.163]	[0.18503937007874016, 0.334, 0.20866141732283464, 0.345]	no-link	header-question	0.1549	0.1444	0.1207	-0.182	-0.182	-0.171	0
&	261	[0.3293963254593176, 0.152, 0.33989501312335957, 0.163]	[0.30446194225721784, 0.334, 0.32677165354330706, 0.345]	no-link	header-answer	0.0354	0.0249	0.0026	-0.182	-0.182	-0.171	0
WILLIAMSON	TOBACCO	[0.3451443569553806, 0.152, 0.431758530183727, 0.163]	[0.2782152230971129, 0.166, 0.3425196850393701, 0.176]	word-word	header-header	-0.0026	0.014	-0.0669	0.013	-0.1535	0.024	0
WILLIAMSON	JOB	[0.3451443569553806, 0.152, 0.431758530183727, 0.163]	[0.18503937007874016, 0.218, 0.21128608923884515, 0.229]	no-link	header-question	0.2467	0.1601	0.1339	-0.066	-0.066	-0.055	0
WILLIAMSON	BRAND	[0.3451443569553806, 0.152, 0.431758530183727, 0.163]	[0.18503937007874016, 0.249, 0.22965879265091863, 0.26]	no-link	header-question	0.2467	0.1601	0.1155	-0.097	-0.097	-0.086	0
WILLIAMSON	Hess	[0.3451443569553806, 0.152, 0.431758530183727, 0.163]	[0.3648293963254593, 0.275, 0.39238845144356954, 0.288]	no-link	header-answer	0.0669	-0.0197	-0.0472	-0.123	-0.125	-0.112	0
WILLIAMSON	Dispenser	[0.3451443569553806, 0.152, 0.431758530183727, 0.163]	[0.3963254593175853, 0.275, 0.452755905511811, 0.286]	no-link	header-answer	0.0354	-0.0512	-0.1076	-0.123	-0.123	-0.112	0
WILLIAMSON	CMS	[0.3451443569553806, 0.152, 0.431758530183727, 0.163]	[0.2782152230971129, 0.277, 0.30577427821522307, 0.287]	no-link	header-answer	0.1535	0.0669	0.0394	-0.125	-0.124	-0.114	0
WILLIAMSON	Amerada	[0.3451443569553806, 0.152, 0.431758530183727, 0.163]	[0.30971128608923887, 0.277, 0.36089238845144356, 0.287]	no-link	header-answer	0.122	0.0354	-0.0157	-0.125	-0.124	-0.114	0
WILLIAMSON	DESCRIPTION	[0.3451443569553806, 0.152, 0.431758530183727, 0.163]	[0.18635170603674542, 0.278, 0.27034120734908135, 0.288]	no-link	header-question	0.2454	0.1588	0.0748	-0.126	-0.125	-0.115	0
WILLIAMSON	12/	[0.3451443569553806, 0.152, 0.431758530183727, 0.163]	[0.23622047244094488, 0.306, 0.2545931758530184, 0.317]	no-link	header-answer	0.1955	0.1089	0.0906	-0.154	-0.154	-0.143	0
WILLIAMSON	15/	[0.3451443569553806, 0.152, 0.431758530183727, 0.163]	[0.2545931758530184, 0.306, 0.27165354330708663, 0.317]	no-link	header-answer	0.1772	0.0906	0.0735	-0.154	-0.154	-0.143	0
WILLIAMSON	DATE	[0.3451443569553806, 0.152, 0.431758530183727, 0.163]	[0.18503937007874016, 0.307, 0.2204724409448819, 0.317]	no-link	header-question	0.2467	0.1601	0.1247	-0.155	-0.154	-0.144	0
WILLIAMSON	SQ.	[0.3451443569553806, 0.152, 0.431758530183727, 0.163]	[0.18503937007874016, 0.334, 0.20866141732283464, 0.345]	no-link	header-question	0.2467	0.1601	0.1365	-0.182	-0.182	-0.171	0
WILLIAMSON	261	[0.3451443569553806, 0.152, 0.431758530183727, 0.163]	[0.30446194225721784, 0.334, 0.32677165354330706, 0.345]	no-link	header-answer	0.1273	0.0407	0.0184	-0.182	-0.182	-0.171	0
WILLIAMSON	1/2	[0.3451443569553806, 0.152, 0.431758530183727, 0.163]	[0.2690288713910761, 0.377, 0.29133858267716534, 0.388]	no-link	header-answer	0.1627	0.0761	0.0538	-0.225	-0.225	-0.214	0
TOBACCO	CORPORATION	[0.2782152230971129, 0.166, 0.3425196850393701, 0.176]	[0.3451443569553806, 0.163, 0.4409448818897638, 0.177]	word-word	header-header	0.1627	-0.003	0.0669	0.001	0.0026	0.011	0
TOBACCO	JOB	[0.2782152230971129, 0.166, 0.3425196850393701, 0.176]	[0.18503937007874016, 0.218, 0.21128608923884515, 0.229]	no-link	header-question	0.1575	0.0932	0.0669	-0.052	-0.053	-0.042	0
TOBACCO	BRAND	[0.2782152230971129, 0.166, 0.3425196850393701, 0.176]	[0.18503937007874016, 0.249, 0.22965879265091863, 0.26]	no-link	header-question	0.1575	0.0932	0.0486	-0.083	-0.084	-0.073	0
TOBACCO	Hess	[0.2782152230971129, 0.166, 0.3425196850393701, 0.176]	[0.3648293963254593, 0.275, 0.39238845144356954, 0.288]	no-link	header-answer	-0.0223	-0.0866	-0.1142	-0.109	-0.112	-0.099	0
TOBACCO	Dispenser	[0.2782152230971129, 0.166, 0.3425196850393701, 0.176]	[0.3963254593175853, 0.275, 0.452755905511811, 0.286]	no-link	header-answer	-0.0538	-0.1181	-0.1745	-0.109	-0.11	-0.099	0
TOBACCO	CMS	[0.2782152230971129, 0.166, 0.3425196850393701, 0.176]	[0.2782152230971129, 0.277, 0.30577427821522307, 0.287]	no-link	header-answer	0.0643	0.0	-0.0276	-0.111	-0.111	-0.101	0
TOBACCO	Amerada	[0.2782152230971129, 0.166, 0.3425196850393701, 0.176]	[0.30971128608923887, 0.277, 0.36089238845144356, 0.287]	no-link	header-answer	0.0328	-0.0315	-0.0827	-0.111	-0.111	-0.101	0
TOBACCO	DESCRIPTION	[0.2782152230971129, 0.166, 0.3425196850393701, 0.176]	[0.18635170603674542, 0.278, 0.27034120734908135, 0.288]	no-link	header-question	0.1562	0.0919	0.0079	-0.112	-0.112	-0.102	0
TOBACCO	12/	[0.2782152230971129, 0.166, 0.3425196850393701, 0.176]	[0.23622047244094488, 0.306, 0.2545931758530184, 0.317]	no-link	header-answer	0.1063	0.042	0.0236	-0.14	-0.141	-0.13	0
TOBACCO	15/	[0.2782152230971129, 0.166, 0.3425196850393701, 0.176]	[0.2545931758530184, 0.306, 0.27165354330708663, 0.317]	no-link	header-answer	0.0879	0.0236	0.0066	-0.14	-0.141	-0.13	0
TOBACCO	DATE	[0.2782152230971129, 0.166, 0.3425196850393701, 0.176]	[0.18503937007874016, 0.307, 0.2204724409448819, 0.317]	no-link	header-question	0.1575	0.0932	0.0577	-0.141	-0.141	-0.131	0
TOBACCO	SQ.	[0.2782152230971129, 0.166, 0.3425196850393701, 0.176]	[0.18503937007874016, 0.334, 0.20866141732283464, 0.345]	no-link	header-question	0.1575	0.0932	0.0696	-0.168	-0.169	-0.158	0
TOBACCO	261	[0.2782152230971129, 0.166, 0.3425196850393701, 0.176]	[0.30446194225721784, 0.334, 0.32677165354330706, 0.345]	no-link	header-answer	0.0381	-0.0262	-0.0486	-0.168	-0.169	-0.158	0
TOBACCO	1/2	[0.2782152230971129, 0.166, 0.3425196850393701, 0.176]	[0.2690288713910761, 0.377, 0.29133858267716534, 0.388]	no-link	header-answer	0.0735	0.0092	-0.0131	-0.211	-0.212	-0.201	0
TOBACCO	TRIM	[0.2782152230971129, 0.166, 0.3425196850393701, 0.176]	[0.18503937007874016, 0.378, 0.2178477690288714, 0.389]	no-link	header-question	0.1575	0.0932	0.0604	-0.212	-0.213	-0.202	0
JOB	BRAND	[0.18503937007874016, 0.218, 0.21128608923884515, 0.229]	[0.18503937007874016, 0.249, 0.22965879265091863, 0.26]	line-line	question-question	0.0446	0.031	0.0	0.031	-0.0262	0.042	1
JOB	Hess	[0.18503937007874016, 0.218, 0.21128608923884515, 0.229]	[0.3648293963254593, 0.275, 0.39238845144356954, 0.288]	no-link	question-answer	-0.1535	-0.1798	-0.2073	-0.057	-0.059	-0.046	1
JOB	Dispenser	[0.18503937007874016, 0.218, 0.21128608923884515, 0.229]	[0.3963254593175853, 0.275, 0.452755905511811, 0.286]	no-link	question-answer	-0.185	-0.2113	-0.2677	-0.057	-0.057	-0.046	1
JOB	CMS	[0.18503937007874016, 0.218, 0.21128608923884515, 0.229]	[0.2782152230971129, 0.277, 0.30577427821522307, 0.287]	no-link	question-answer	-0.0669	-0.0932	-0.1207	-0.059	-0.058	-0.048	1
JOB	Amerada	[0.18503937007874016, 0.218, 0.21128608923884515, 0.229]	[0.30971128608923887, 0.277, 0.36089238845144356, 0.287]	no-link	question-answer	-0.0984	-0.1247	-0.1759	-0.059	-0.058	-0.048	1
JOB	DESCRIPTION	[0.18503937007874016, 0.218, 0.21128608923884515, 0.229]	[0.18635170603674542, 0.278, 0.27034120734908135, 0.288]	no-link	question-question	0.0249	-0.0013	-0.0853	-0.06	-0.059	-0.049	1
JOB	12/	[0.18503937007874016, 0.218, 0.21128608923884515, 0.229]	[0.23622047244094488, 0.306, 0.2545931758530184, 0.317]	no-link	question-answer	-0.0249	-0.0512	-0.0696	-0.088	-0.088	-0.077	1
JOB	15/	[0.18503937007874016, 0.218, 0.21128608923884515, 0.229]	[0.2545931758530184, 0.306, 0.27165354330708663, 0.317]	no-link	question-answer	-0.0433	-0.0696	-0.0866	-0.088	-0.088	-0.077	1
JOB	DATE	[0.18503937007874016, 0.218, 0.21128608923884515, 0.229]	[0.18503937007874016, 0.307, 0.2204724409448819, 0.317]	no-link	question-question	0.0262	0.0	-0.0354	-0.089	-0.088	-0.078	1
JOB	SQ.	[0.18503937007874016, 0.218, 0.21128608923884515, 0.229]	[0.18503937007874016, 0.334, 0.20866141732283464, 0.345]	no-link	question-question	0.0262	0.0	-0.0236	-0.116	-0.116	-0.105	1
JOB	261	[0.18503937007874016, 0.218, 0.21128608923884515, 0.229]	[0.30446194225721784, 0.334, 0.32677165354330706, 0.345]	no-link	question-answer	-0.0932	-0.1194	-0.1417	-0.116	-0.116	-0.105	1
JOB	1/2	[0.18503937007874016, 0.218, 0.21128608923884515, 0.229]	[0.2690288713910761, 0.377, 0.29133858267716534, 0.388]	no-link	question-answer	-0.0577	-0.084	-0.1063	-0.159	-0.159	-0.148	1
JOB	TRIM	[0.18503937007874016, 0.218, 0.21128608923884515, 0.229]	[0.18503937007874016, 0.378, 0.2178477690288714, 0.389]	no-link	question-question	0.0262	0.0	-0.0328	-0.16	-0.16	-0.149	1
JOB	NO.	[0.18503937007874016, 0.218, 0.21128608923884515, 0.229]	[0.21391076115485563, 0.218, 0.23622047244094488, 0.228]	word-word	question-question	0.0512	0.0	0.0289	-0.001	0.0026	0.01	1
JOB	7559	[0.18503937007874016, 0.218, 0.21128608923884515, 0.229]	[0.25065616797900264, 0.216, 0.2821522309711286, 0.229]	question-answer	question-answer	0.0971	-0.002	0.0656	0.0	0.0394	0.011	1
JOB	14	[0.18503937007874016, 0.218, 0.21128608923884515, 0.229]	[0.2532808398950131, 0.378, 0.2664041994750656, 0.389]	no-link	question-answer	-0.042	-0.0682	-0.0814	-0.16	-0.16	-0.149	1
BRAND	DESCRIPTION	[0.18503937007874016, 0.249, 0.22965879265091863, 0.26]	[0.18635170603674542, 0.278, 0.27034120734908135, 0.288]	line-line	question-question	0.0853	0.029	0.0013	0.028	-0.0433	0.039	2
BRAND	Hess	[0.18503937007874016, 0.249, 0.22965879265091863, 0.26]	[0.3648293963254593, 0.275, 0.39238845144356954, 0.288]	no-link	question-answer	-0.1352	-0.1798	-0.2073	-0.026	-0.028	-0.015	2
BRAND	Dispenser	[0.18503937007874016, 0.249, 0.22965879265091863, 0.26]	[0.3963254593175853, 0.275, 0.452755905511811, 0.286]	no-link	question-answer	-0.1667	-0.2113	-0.2677	-0.026	-0.026	-0.015	2
BRAND	CMS	[0.18503937007874016, 0.249, 0.22965879265091863, 0.26]	[0.2782152230971129, 0.277, 0.30577427821522307, 0.287]	no-link	question-answer	-0.0486	-0.0932	-0.1207	-0.028	-0.027	-0.017	2
BRAND	Amerada	[0.18503937007874016, 0.249, 0.22965879265091863, 0.26]	[0.30971128608923887, 0.277, 0.36089238845144356, 0.287]	no-link	question-answer	-0.0801	-0.1247	-0.1759	-0.028	-0.027	-0.017	2
BRAND	12/	[0.18503937007874016, 0.249, 0.22965879265091863, 0.26]	[0.23622047244094488, 0.306, 0.2545931758530184, 0.317]	no-link	question-answer	-0.0066	-0.0512	-0.0696	-0.057	-0.057	-0.046	2
BRAND	15/	[0.18503937007874016, 0.249, 0.22965879265091863, 0.26]	[0.2545931758530184, 0.306, 0.27165354330708663, 0.317]	no-link	question-answer	-0.0249	-0.0696	-0.0866	-0.057	-0.057	-0.046	2
BRAND	DATE	[0.18503937007874016, 0.249, 0.22965879265091863, 0.26]	[0.18503937007874016, 0.307, 0.2204724409448819, 0.317]	no-link	question-question	0.0446	0.0	-0.0354	-0.058	-0.057	-0.047	2
BRAND	SQ.	[0.18503937007874016, 0.249, 0.22965879265091863, 0.26]	[0.18503937007874016, 0.334, 0.20866141732283464, 0.345]	no-link	question-question	0.0446	0.0	-0.0236	-0.085	-0.085	-0.074	2
BRAND	261	[0.18503937007874016, 0.249, 0.22965879265091863, 0.26]	[0.30446194225721784, 0.334, 0.32677165354330706, 0.345]	no-link	question-answer	-0.0748	-0.1194	-0.1417	-0.085	-0.085	-0.074	2
BRAND	1/2	[0.18503937007874016, 0.249, 0.22965879265091863, 0.26]	[0.2690288713910761, 0.377, 0.29133858267716534, 0.388]	no-link	question-answer	-0.0394	-0.084	-0.1063	-0.128	-0.128	-0.117	2
BRAND	TRIM	[0.18503937007874016, 0.249, 0.22965879265091863, 0.26]	[0.18503937007874016, 0.378, 0.2178477690288714, 0.389]	no-link	question-question	0.0446	0.0	-0.0328	-0.129	-0.129	-0.118	2
BRAND	14	[0.18503937007874016, 0.249, 0.22965879265091863, 0.26]	[0.2532808398950131, 0.378, 0.2664041994750656, 0.389]	no-link	question-answer	-0.0236	-0.0682	-0.0814	-0.129	-0.129	-0.118	2
BRAND	X	[0.18503937007874016, 0.249, 0.22965879265091863, 0.26]	[0.2926509186351706, 0.378, 0.30708661417322836, 0.388]	no-link	question-answer	-0.063	-0.1076	-0.122	-0.129	-0.128	-0.118	2
BRAND	BKOOL	[0.18503937007874016, 0.249, 0.22965879265091863, 0.26]	[0.2440944881889764, 0.247, 0.2887139107611549, 0.26]	question-answer	question-answer	0.1037	-0.002	0.0591	0.0	0.0144	0.011	2
BRAND	WARNING	[0.18503937007874016, 0.249, 0.22965879265091863, 0.26]	[0.18503937007874016, 0.422, 0.24671916010498687, 0.433]	no-link	question-question	0.0446	0.0	-0.0617	-0.173	-0.173	-0.162	2
Hess	Dispenser	[0.3648293963254593, 0.275, 0.39238845144356954, 0.288]	[0.3963254593175853, 0.275, 0.452755905511811, 0.286]	word-word	answer-answer	0.0879	0.0	0.0315	-0.002	0.0039	0.011	3
Hess	CMS	[0.3648293963254593, 0.275, 0.39238845144356954, 0.288]	[0.2782152230971129, 0.277, 0.30577427821522307, 0.287]	no-link	answer-answer	0.1142	0.0866	0.0591	-0.002	0.001	0.011	3
Hess	Amerada	[0.3648293963254593, 0.275, 0.39238845144356954, 0.288]	[0.30971128608923887, 0.277, 0.36089238845144356, 0.287]	no-link	answer-answer	0.0827	0.0551	0.0039	-0.002	0.001	0.011	3
Hess	DESCRIPTION	[0.3648293963254593, 0.275, 0.39238845144356954, 0.288]	[0.18635170603674542, 0.278, 0.27034120734908135, 0.288]	no-link	answer-question	0.206	0.1785	0.0945	-0.003	0.0	0.01	3
Hess	12/	[0.3648293963254593, 0.275, 0.39238845144356954, 0.288]	[0.23622047244094488, 0.306, 0.2545931758530184, 0.317]	no-link	answer-answer	0.1562	0.1286	0.1102	-0.031	-0.029	-0.018	3
Hess	15/	[0.3648293963254593, 0.275, 0.39238845144356954, 0.288]	[0.2545931758530184, 0.306, 0.27165354330708663, 0.317]	no-link	answer-answer	0.1378	0.1102	0.0932	-0.031	-0.029	-0.018	3
Hess	DATE	[0.3648293963254593, 0.275, 0.39238845144356954, 0.288]	[0.18503937007874016, 0.307, 0.2204724409448819, 0.317]	no-link	answer-question	0.2073	0.1798	0.1444	-0.032	-0.029	-0.019	3
Hess	SQ.	[0.3648293963254593, 0.275, 0.39238845144356954, 0.288]	[0.18503937007874016, 0.334, 0.20866141732283464, 0.345]	no-link	answer-question	0.2073	0.1798	0.1562	-0.059	-0.057	-0.046	3
Hess	261	[0.3648293963254593, 0.275, 0.39238845144356954, 0.288]	[0.30446194225721784, 0.334, 0.32677165354330706, 0.345]	no-link	answer-answer	0.0879	0.0604	0.0381	-0.059	-0.057	-0.046	3
Hess	1/2	[0.3648293963254593, 0.275, 0.39238845144356954, 0.288]	[0.2690288713910761, 0.377, 0.29133858267716534, 0.388]	no-link	answer-answer	0.1234	0.0958	0.0735	-0.102	-0.1	-0.089	3
Hess	TRIM	[0.3648293963254593, 0.275, 0.39238845144356954, 0.288]	[0.18503937007874016, 0.378, 0.2178477690288714, 0.389]	no-link	answer-question	0.2073	0.1798	0.147	-0.103	-0.101	-0.09	3
Hess	14	[0.3648293963254593, 0.275, 0.39238845144356954, 0.288]	[0.2532808398950131, 0.378, 0.2664041994750656, 0.389]	no-link	answer-answer	0.1391	0.1115	0.0984	-0.103	-0.101	-0.09	3
Hess	X	[0.3648293963254593, 0.275, 0.39238845144356954, 0.288]	[0.2926509186351706, 0.378, 0.30708661417322836, 0.388]	no-link	answer-answer	0.0997	0.0722	0.0577	-0.103	-0.1	-0.09	3
Hess	WARNING	[0.3648293963254593, 0.275, 0.39238845144356954, 0.288]	[0.18503937007874016, 0.422, 0.24671916010498687, 0.433]	no-link	answer-question	0.2073	0.1798	0.1181	-0.147	-0.145	-0.134	3
Dispenser	Sign	[0.3963254593175853, 0.275, 0.452755905511811, 0.286]	[0.452755905511811, 0.275, 0.4816272965879265, 0.286]	word-word	answer-answer	0.0853	0.0	0.0564	0.0	0.0	0.011	3
Dispenser	Amerada	[0.3963254593175853, 0.275, 0.452755905511811, 0.286]	[0.30971128608923887, 0.277, 0.36089238845144356, 0.287]	no-link	answer-answer	0.143	0.0866	0.0354	-0.002	-0.001	0.009	3
Dispenser	DESCRIPTION	[0.3963254593175853, 0.275, 0.452755905511811, 0.286]	[0.18635170603674542, 0.278, 0.27034120734908135, 0.288]	no-link	answer-question	0.2664	0.21	0.126	-0.003	-0.002	0.008	3
Dispenser	12/	[0.3963254593175853, 0.275, 0.452755905511811, 0.286]	[0.23622047244094488, 0.306, 0.2545931758530184, 0.317]	no-link	answer-answer	0.2165	0.1601	0.1417	-0.031	-0.031	-0.02	3
Dispenser	15/	[0.3963254593175853, 0.275, 0.452755905511811, 0.286]	[0.2545931758530184, 0.306, 0.27165354330708663, 0.317]	no-link	answer-answer	0.1982	0.1417	0.1247	-0.031	-0.031	-0.02	3
Dispenser	DATE	[0.3963254593175853, 0.275, 0.452755905511811, 0.286]	[0.18503937007874016, 0.307, 0.2204724409448819, 0.317]	no-link	answer-question	0.2677	0.2113	0.1759	-0.032	-0.031	-0.021	3
Dispenser	SQ.	[0.3963254593175853, 0.275, 0.452755905511811, 0.286]	[0.18503937007874016, 0.334, 0.20866141732283464, 0.345]	no-link	answer-question	0.2677	0.2113	0.1877	-0.059	-0.059	-0.048	3
Dispenser	261	[0.3963254593175853, 0.275, 0.452755905511811, 0.286]	[0.30446194225721784, 0.334, 0.32677165354330706, 0.345]	no-link	answer-answer	0.1483	0.0919	0.0696	-0.059	-0.059	-0.048	3
Dispenser	1/2	[0.3963254593175853, 0.275, 0.452755905511811, 0.286]	[0.2690288713910761, 0.377, 0.29133858267716534, 0.388]	no-link	answer-answer	0.1837	0.1273	0.105	-0.102	-0.102	-0.091	3
Dispenser	TRIM	[0.3963254593175853, 0.275, 0.452755905511811, 0.286]	[0.18503937007874016, 0.378, 0.2178477690288714, 0.389]	no-link	answer-question	0.2677	0.2113	0.1785	-0.103	-0.103	-0.092	3
Dispenser	14	[0.3963254593175853, 0.275, 0.452755905511811, 0.286]	[0.2532808398950131, 0.378, 0.2664041994750656, 0.389]	no-link	answer-answer	0.1995	0.143	0.1299	-0.103	-0.103	-0.092	3
Dispenser	X	[0.3963254593175853, 0.275, 0.452755905511811, 0.286]	[0.2926509186351706, 0.378, 0.30708661417322836, 0.388]	no-link	answer-answer	0.1601	0.1037	0.0892	-0.103	-0.102	-0.092	3
Dispenser	WARNING	[0.3963254593175853, 0.275, 0.452755905511811, 0.286]	[0.18503937007874016, 0.422, 0.24671916010498687, 0.433]	no-link	answer-question	0.2677	0.2113	0.1496	-0.147	-0.147	-0.136	3
Dispenser	3A	[0.3963254593175853, 0.275, 0.452755905511811, 0.286]	[0.25065616797900264, 0.422, 0.2690288713910761, 0.432]	no-link	answer-answer	0.2021	0.1457	0.1273	-0.147	-0.146	-0.136	3
CMS	Amerada	[0.2782152230971129, 0.277, 0.30577427821522307, 0.287]	[0.30971128608923887, 0.277, 0.36089238845144356, 0.287]	word-word	answer-answer	0.0827	0.0	0.0315	0.0	0.0039	0.01	3
CMS	DESCRIPTION	[0.2782152230971129, 0.277, 0.30577427821522307, 0.287]	[0.18635170603674542, 0.278, 0.27034120734908135, 0.288]	no-link	answer-question	0.1194	0.0919	0.0079	-0.001	-0.001	0.009	3
CMS	12/	[0.2782152230971129, 0.277, 0.30577427821522307, 0.287]	[0.23622047244094488, 0.306, 0.2545931758530184, 0.317]	no-link	answer-answer	0.0696	0.042	0.0236	-0.029	-0.03	-0.019	3
CMS	15/	[0.2782152230971129, 0.277, 0.30577427821522307, 0.287]	[0.2545931758530184, 0.306, 0.27165354330708663, 0.317]	no-link	answer-answer	0.0512	0.0236	0.0066	-0.029	-0.03	-0.019	3
CMS	DATE	[0.2782152230971129, 0.277, 0.30577427821522307, 0.287]	[0.18503937007874016, 0.307, 0.2204724409448819, 0.317]	no-link	answer-question	0.1207	0.0932	0.0577	-0.03	-0.03	-0.02	3
CMS	SQ.	[0.2782152230971129, 0.277, 0.30577427821522307, 0.287]	[0.18503937007874016, 0.334, 0.20866141732283464, 0.345]	no-link	answer-question	0.1207	0.0932	0.0696	-0.057	-0.058	-0.047	3
CMS	261	[0.2782152230971129, 0.277, 0.30577427821522307, 0.287]	[0.30446194225721784, 0.334, 0.32677165354330706, 0.345]	no-link	answer-answer	0.0013	-0.0262	-0.0486	-0.057	-0.058	-0.047	3
CMS	1/2	[0.2782152230971129, 0.277, 0.30577427821522307, 0.287]	[0.2690288713910761, 0.377, 0.29133858267716534, 0.388]	no-link	answer-answer	0.0367	0.0092	-0.0131	-0.1	-0.101	-0.09	3
CMS	TRIM	[0.2782152230971129, 0.277, 0.30577427821522307, 0.287]	[0.18503937007874016, 0.378, 0.2178477690288714, 0.389]	no-link	answer-question	0.1207	0.0932	0.0604	-0.101	-0.102	-0.091	3
CMS	14	[0.2782152230971129, 0.277, 0.30577427821522307, 0.287]	[0.2532808398950131, 0.378, 0.2664041994750656, 0.389]	no-link	answer-answer	0.0525	0.0249	0.0118	-0.101	-0.102	-0.091	3
CMS	X	[0.2782152230971129, 0.277, 0.30577427821522307, 0.287]	[0.2926509186351706, 0.378, 0.30708661417322836, 0.388]	no-link	answer-answer	0.0131	-0.0144	-0.0289	-0.101	-0.101	-0.091	3
CMS	WARNING	[0.2782152230971129, 0.277, 0.30577427821522307, 0.287]	[0.18503937007874016, 0.422, 0.24671916010498687, 0.433]	no-link	answer-question	0.1207	0.0932	0.0315	-0.145	-0.146	-0.135	3
CMS	3A	[0.2782152230971129, 0.277, 0.30577427821522307, 0.287]	[0.25065616797900264, 0.422, 0.2690288713910761, 0.432]	no-link	answer-answer	0.0551	0.0276	0.0092	-0.145	-0.145	-0.135	3
Amerada	Hess	[0.30971128608923887, 0.277, 0.36089238845144356, 0.287]	[0.3648293963254593, 0.275, 0.39238845144356954, 0.288]	word-word	answer-answer	0.0827	-0.002	0.0551	0.001	0.0039	0.011	3
Amerada	DESCRIPTION	[0.30971128608923887, 0.277, 0.36089238845144356, 0.287]	[0.18635170603674542, 0.278, 0.27034120734908135, 0.288]	no-link	answer-answer	0.1745	0.1234	0.0394	-0.001	-0.001	0.009	3
Amerada	12/	[0.30971128608923887, 0.277, 0.36089238845144356, 0.287]	[0.23622047244094488, 0.306, 0.2545931758530184, 0.317]	no-link	answer-answer	0.1247	0.0735	0.0551	-0.029	-0.03	-0.019	3
Amerada	15/	[0.30971128608923887, 0.277, 0.36089238845144356, 0.287]	[0.2545931758530184, 0.306, 0.27165354330708663, 0.317]	no-link	answer-answer	0.1063	0.0551	0.0381	-0.029	-0.03	-0.019	3
Amerada	DATE	[0.30971128608923887, 0.277, 0.36089238845144356, 0.287]	[0.18503937007874016, 0.307, 0.2204724409448819, 0.317]	no-link	answer-question	0.1759	0.1247	0.0892	-0.03	-0.03	-0.02	3
Amerada	SQ.	[0.30971128608923887, 0.277, 0.36089238845144356, 0.287]	[0.18503937007874016, 0.334, 0.20866141732283464, 0.345]	no-link	answer-question	0.1759	0.1247	0.101	-0.057	-0.058	-0.047	3
Amerada	261	[0.30971128608923887, 0.277, 0.36089238845144356, 0.287]	[0.30446194225721784, 0.334, 0.32677165354330706, 0.345]	no-link	answer-answer	0.0564	0.0052	-0.0171	-0.057	-0.058	-0.047	3
Amerada	1/2	[0.30971128608923887, 0.277, 0.36089238845144356, 0.287]	[0.2690288713910761, 0.377, 0.29133858267716534, 0.388]	no-link	answer-answer	0.0919	0.0407	0.0184	-0.1	-0.101	-0.09	3
Amerada	TRIM	[0.30971128608923887, 0.277, 0.36089238845144356, 0.287]	[0.18503937007874016, 0.378, 0.2178477690288714, 0.389]	no-link	answer-question	0.1759	0.1247	0.0919	-0.101	-0.102	-0.091	3
Amerada	14	[0.30971128608923887, 0.277, 0.36089238845144356, 0.287]	[0.2532808398950131, 0.378, 0.2664041994750656, 0.389]	no-link	answer-answer	0.1076	0.0564	0.0433	-0.101	-0.102	-0.091	3
Amerada	X	[0.30971128608923887, 0.277, 0.36089238845144356, 0.287]	[0.2926509186351706, 0.378, 0.30708661417322836, 0.388]	no-link	answer-answer	0.0682	0.0171	0.0026	-0.101	-0.101	-0.091	3
Amerada	WARNING	[0.30971128608923887, 0.277, 0.36089238845144356, 0.287]	[0.18503937007874016, 0.422, 0.24671916010498687, 0.433]	no-link	answer-question	0.1759	0.1247	0.063	-0.145	-0.146	-0.135	3
Amerada	3A	[0.30971128608923887, 0.277, 0.36089238845144356, 0.287]	[0.25065616797900264, 0.422, 0.2690288713910761, 0.432]	no-link	answer-answer	0.1102	0.0591	0.0407	-0.145	-0.145	-0.135	3
DESCRIPTION	DATE	[0.18635170603674542, 0.278, 0.27034120734908135, 0.288]	[0.18503937007874016, 0.307, 0.2204724409448819, 0.317]	line-line	question-question	0.0341	0.029	-0.0013	0.029	-0.0853	0.039	3
DESCRIPTION	12/	[0.18635170603674542, 0.278, 0.27034120734908135, 0.288]	[0.23622047244094488, 0.306, 0.2545931758530184, 0.317]	no-link	question-answer	0.0341	-0.0499	-0.0682	-0.028	-0.029	-0.018	3
DESCRIPTION	15/	[0.18635170603674542, 0.278, 0.27034120734908135, 0.288]	[0.2545931758530184, 0.306, 0.27165354330708663, 0.317]	no-link	question-answer	0.0157	-0.0682	-0.0853	-0.028	-0.029	-0.018	3
DESCRIPTION	SQ.	[0.18635170603674542, 0.278, 0.27034120734908135, 0.288]	[0.18503937007874016, 0.334, 0.20866141732283464, 0.345]	no-link	question-question	0.0853	0.0013	-0.0223	-0.056	-0.057	-0.046	3
DESCRIPTION	261	[0.18635170603674542, 0.278, 0.27034120734908135, 0.288]	[0.30446194225721784, 0.334, 0.32677165354330706, 0.345]	no-link	question-answer	-0.0341	-0.1181	-0.1404	-0.056	-0.057	-0.046	3
DESCRIPTION	1/2	[0.18635170603674542, 0.278, 0.27034120734908135, 0.288]	[0.2690288713910761, 0.377, 0.29133858267716534, 0.388]	no-link	question-answer	0.0013	-0.0827	-0.105	-0.099	-0.1	-0.089	3
DESCRIPTION	TRIM	[0.18635170603674542, 0.278, 0.27034120734908135, 0.288]	[0.18503937007874016, 0.378, 0.2178477690288714, 0.389]	no-link	question-question	0.0853	0.0013	-0.0315	-0.1	-0.101	-0.09	3
DESCRIPTION	14	[0.18635170603674542, 0.278, 0.27034120734908135, 0.288]	[0.2532808398950131, 0.378, 0.2664041994750656, 0.389]	no-link	question-answer	0.0171	-0.0669	-0.0801	-0.1	-0.101	-0.09	3
DESCRIPTION	X	[0.18635170603674542, 0.278, 0.27034120734908135, 0.288]	[0.2926509186351706, 0.378, 0.30708661417322836, 0.388]	no-link	question-answer	-0.0223	-0.1063	-0.1207	-0.1	-0.1	-0.09	3
DESCRIPTION	WARNING	[0.18635170603674542, 0.278, 0.27034120734908135, 0.288]	[0.18503937007874016, 0.422, 0.24671916010498687, 0.433]	no-link	question-question	0.0853	0.0013	-0.0604	-0.144	-0.145	-0.134	3
DESCRIPTION	3A	[0.18635170603674542, 0.278, 0.27034120734908135, 0.288]	[0.25065616797900264, 0.422, 0.2690288713910761, 0.432]	no-link	question-answer	0.0197	-0.0643	-0.0827	-0.144	-0.144	-0.134	3
DESCRIPTION	116	[0.18635170603674542, 0.278, 0.27034120734908135, 0.288]	[0.3293963254593176, 0.434, 0.3530183727034121, 0.447]	no-link	question-answer	-0.0591	-0.143	-0.1667	-0.156	-0.159	-0.146	3
DESCRIPTION	CMS	[0.18635170603674542, 0.278, 0.27034120734908135, 0.288]	[0.2782152230971129, 0.277, 0.30577427821522307, 0.287]	question-answer	question-answer	0.1194	-0.001	0.0919	-0.001	0.0079	0.009	3
DESCRIPTION	1/2"	[0.18635170603674542, 0.278, 0.27034120734908135, 0.288]	[0.27165354330708663, 0.436, 0.29133858267716534, 0.446]	no-link	question-answer	-0.0013	-0.0853	-0.105	-0.158	-0.158	-0.148	3
12/	15/	[0.23622047244094488, 0.306, 0.2545931758530184, 0.317]	[0.2545931758530184, 0.306, 0.27165354330708663, 0.317]	word-word	answer-answer	0.0354	0.0	0.0184	0.0	0.0	0.011	4
12/	DATE	[0.23622047244094488, 0.306, 0.2545931758530184, 0.317]	[0.18503937007874016, 0.307, 0.2204724409448819, 0.317]	no-link	answer-question	0.0696	0.0512	0.0157	-0.001	0.0	0.01	4
12/	SQ.	[0.23622047244094488, 0.306, 0.2545931758530184, 0.317]	[0.18503937007874016, 0.334, 0.20866141732283464, 0.345]	no-link	answer-question	0.0696	0.0512	0.0276	-0.028	-0.028	-0.017	4
12/	261	[0.23622047244094488, 0.306, 0.2545931758530184, 0.317]	[0.30446194225721784, 0.334, 0.32677165354330706, 0.345]	no-link	answer-answer	-0.0499	-0.0682	-0.0906	-0.028	-0.028	-0.017	4
12/	1/2	[0.23622047244094488, 0.306, 0.2545931758530184, 0.317]	[0.2690288713910761, 0.377, 0.29133858267716534, 0.388]	no-link	answer-answer	-0.0144	-0.0328	-0.0551	-0.071	-0.071	-0.06	4
12/	TRIM	[0.23622047244094488, 0.306, 0.2545931758530184, 0.317]	[0.18503937007874016, 0.378, 0.2178477690288714, 0.389]	no-link	answer-question	0.0696	0.0512	0.0184	-0.072	-0.072	-0.061	4
12/	14	[0.23622047244094488, 0.306, 0.2545931758530184, 0.317]	[0.2532808398950131, 0.378, 0.2664041994750656, 0.389]	no-link	answer-answer	0.0013	-0.0171	-0.0302	-0.072	-0.072	-0.061	4
12/	X	[0.23622047244094488, 0.306, 0.2545931758530184, 0.317]	[0.2926509186351706, 0.378, 0.30708661417322836, 0.388]	no-link	answer-answer	-0.0381	-0.0564	-0.0709	-0.072	-0.071	-0.061	4
12/	WARNING	[0.23622047244094488, 0.306, 0.2545931758530184, 0.317]	[0.18503937007874016, 0.422, 0.24671916010498687, 0.433]	no-link	answer-question	0.0696	0.0512	-0.0105	-0.116	-0.116	-0.105	4
12/	3A	[0.23622047244094488, 0.306, 0.2545931758530184, 0.317]	[0.25065616797900264, 0.422, 0.2690288713910761, 0.432]	no-link	answer-answer	0.0039	-0.0144	-0.0328	-0.116	-0.115	-0.105	4
12/	116	[0.23622047244094488, 0.306, 0.2545931758530184, 0.317]	[0.3293963254593176, 0.434, 0.3530183727034121, 0.447]	no-link	answer-answer	-0.0748	-0.0932	-0.1168	-0.128	-0.13	-0.117	4
12/	1/2"	[0.23622047244094488, 0.306, 0.2545931758530184, 0.317]	[0.27165354330708663, 0.436, 0.29133858267716534, 0.446]	no-link	answer-answer	-0.0171	-0.0354	-0.0551	-0.13	-0.129	-0.119	4
12/	8"	[0.23622047244094488, 0.306, 0.2545931758530184, 0.317]	[0.30577427821522307, 0.436, 0.32020997375328086, 0.446]	no-link	answer-answer	-0.0512	-0.0696	-0.084	-0.13	-0.129	-0.119	4
15/	97	[0.2545931758530184, 0.306, 0.27165354330708663, 0.317]	[0.27165354330708663, 0.307, 0.2847769028871391, 0.317]	word-word	answer-answer	0.0302	0.001	0.0171	0.0	0.0	0.011	4
15/	DATE	[0.2545931758530184, 0.306, 0.27165354330708663, 0.317]	[0.18503937007874016, 0.307, 0.2204724409448819, 0.317]	no-link	answer-answer	0.0866	0.0696	0.0341	-0.001	0.0	0.01	4
15/	SQ.	[0.2545931758530184, 0.306, 0.27165354330708663, 0.317]	[0.18503937007874016, 0.334, 0.20866141732283464, 0.345]	no-link	answer-question	0.0866	0.0696	0.0459	-0.028	-0.028	-0.017	4
15/	261	[0.2545931758530184, 0.306, 0.27165354330708663, 0.317]	[0.30446194225721784, 0.334, 0.32677165354330706, 0.345]	no-link	answer-answer	-0.0328	-0.0499	-0.0722	-0.028	-0.028	-0.017	4
15/	1/2	[0.2545931758530184, 0.306, 0.27165354330708663, 0.317]	[0.2690288713910761, 0.377, 0.29133858267716534, 0.388]	no-link	answer-answer	0.0026	-0.0144	-0.0367	-0.071	-0.071	-0.06	4
15/	TRIM	[0.2545931758530184, 0.306, 0.27165354330708663, 0.317]	[0.18503937007874016, 0.378, 0.2178477690288714, 0.389]	no-link	answer-question	0.0866	0.0696	0.0367	-0.072	-0.072	-0.061	4
15/	14	[0.2545931758530184, 0.306, 0.27165354330708663, 0.317]	[0.2532808398950131, 0.378, 0.2664041994750656, 0.389]	no-link	answer-answer	0.0184	0.0013	-0.0118	-0.072	-0.072	-0.061	4
15/	X	[0.2545931758530184, 0.306, 0.27165354330708663, 0.317]	[0.2926509186351706, 0.378, 0.30708661417322836, 0.388]	no-link	answer-answer	-0.021	-0.0381	-0.0525	-0.072	-0.071	-0.061	4
15/	WARNING	[0.2545931758530184, 0.306, 0.27165354330708663, 0.317]	[0.18503937007874016, 0.422, 0.24671916010498687, 0.433]	no-link	answer-question	0.0866	0.0696	0.0079	-0.116	-0.116	-0.105	4
15/	3A	[0.2545931758530184, 0.306, 0.27165354330708663, 0.317]	[0.25065616797900264, 0.422, 0.2690288713910761, 0.432]	no-link	answer-answer	0.021	0.0039	-0.0144	-0.116	-0.115	-0.105	4
15/	116	[0.2545931758530184, 0.306, 0.27165354330708663, 0.317]	[0.3293963254593176, 0.434, 0.3530183727034121, 0.447]	no-link	answer-answer	-0.0577	-0.0748	-0.0984	-0.128	-0.13	-0.117	4
15/	1/2"	[0.2545931758530184, 0.306, 0.27165354330708663, 0.317]	[0.27165354330708663, 0.436, 0.29133858267716534, 0.446]	no-link	answer-answer	0.0	-0.0171	-0.0367	-0.13	-0.129	-0.119	4
15/	8"	[0.2545931758530184, 0.306, 0.27165354330708663, 0.317]	[0.30577427821522307, 0.436, 0.32020997375328086, 0.446]	no-link	answer-answer	-0.0341	-0.0512	-0.0656	-0.13	-0.129	-0.119	4
15/	-	[0.2545931758530184, 0.306, 0.27165354330708663, 0.317]	[0.32020997375328086, 0.436, 0.32808398950131235, 0.447]	no-link	answer-answer	-0.0486	-0.0656	-0.0735	-0.13	-0.13	-0.119	4
DATE	SQ.	[0.18503937007874016, 0.307, 0.2204724409448819, 0.317]	[0.18503937007874016, 0.334, 0.20866141732283464, 0.345]	line-line	question-question	0.0236	0.027	0.0	0.028	-0.0354	0.038	4
DATE	261	[0.18503937007874016, 0.307, 0.2204724409448819, 0.317]	[0.30446194225721784, 0.334, 0.32677165354330706, 0.345]	no-link	question-answer	-0.084	-0.1194	-0.1417	-0.027	-0.028	-0.017	4
DATE	1/2	[0.18503937007874016, 0.307, 0.2204724409448819, 0.317]	[0.2690288713910761, 0.377, 0.29133858267716534, 0.388]	no-link	question-answer	-0.0486	-0.084	-0.1063	-0.07	-0.071	-0.06	4
DATE	TRIM	[0.18503937007874016, 0.307, 0.2204724409448819, 0.317]	[0.18503937007874016, 0.378, 0.2178477690288714, 0.389]	no-link	question-question	0.0354	0.0	-0.0328	-0.071	-0.072	-0.061	4
DATE	14	[0.18503937007874016, 0.307, 0.2204724409448819, 0.317]	[0.2532808398950131, 0.378, 0.2664041994750656, 0.389]	no-link	question-answer	-0.0328	-0.0682	-0.0814	-0.071	-0.072	-0.061	4
DATE	X	[0.18503937007874016, 0.307, 0.2204724409448819, 0.317]	[0.2926509186351706, 0.378, 0.30708661417322836, 0.388]	no-link	question-answer	-0.0722	-0.1076	-0.122	-0.071	-0.071	-0.061	4
DATE	WARNING	[0.18503937007874016, 0.307, 0.2204724409448819, 0.317]	[0.18503937007874016, 0.422, 0.24671916010498687, 0.433]	no-link	question-question	0.0354	0.0	-0.0617	-0.115	-0.116	-0.105	4
DATE	3A	[0.18503937007874016, 0.307, 0.2204724409448819, 0.317]	[0.25065616797900264, 0.422, 0.2690288713910761, 0.432]	no-link	question-answer	-0.0302	-0.0656	-0.084	-0.115	-0.115	-0.105	4
DATE	116	[0.18503937007874016, 0.307, 0.2204724409448819, 0.317]	[0.3293963254593176, 0.434, 0.3530183727034121, 0.447]	no-link	question-answer	-0.1089	-0.1444	-0.168	-0.127	-0.13	-0.117	4
DATE	1/2"	[0.18503937007874016, 0.307, 0.2204724409448819, 0.317]	[0.27165354330708663, 0.436, 0.29133858267716534, 0.446]	no-link	question-answer	-0.0512	-0.0866	-0.1063	-0.129	-0.129	-0.119	4
DATE	8"	[0.18503937007874016, 0.307, 0.2204724409448819, 0.317]	[0.30577427821522307, 0.436, 0.32020997375328086, 0.446]	no-link	question-answer	-0.0853	-0.1207	-0.1352	-0.129	-0.129	-0.119	4
DATE	-	[0.18503937007874016, 0.307, 0.2204724409448819, 0.317]	[0.32020997375328086, 0.436, 0.32808398950131235, 0.447]	no-link	question-answer	-0.0997	-0.1352	-0.143	-0.129	-0.13	-0.119	4
DATE	T	[0.18503937007874016, 0.307, 0.2204724409448819, 0.317]	[0.18503937007874016, 0.465, 0.1942257217847769, 0.475]	no-link	question-header	0.0354	0.0	-0.0092	-0.158	-0.158	-0.148	4
DATE	12/	[0.18503937007874016, 0.307, 0.2204724409448819, 0.317]	[0.23622047244094488, 0.306, 0.2545931758530184, 0.317]	question-answer	question-answer	0.0696	-0.001	0.0512	0.0	0.0157	0.01	4
SQ.	TRIM	[0.18503937007874016, 0.334, 0.20866141732283464, 0.345]	[0.18503937007874016, 0.378, 0.2178477690288714, 0.389]	line-line	question-question	0.0328	0.044	0.0	0.044	-0.0236	0.055	5
SQ.	261	[0.18503937007874016, 0.334, 0.20866141732283464, 0.345]	[0.30446194225721784, 0.334, 0.32677165354330706, 0.345]	no-link	question-answer	-0.0958	-0.1194	-0.1417	0.0	0.0	0.011	5
SQ.	1/2	[0.18503937007874016, 0.334, 0.20866141732283464, 0.345]	[0.2690288713910761, 0.377, 0.29133858267716534, 0.388]	no-link	question-answer	-0.0604	-0.084	-0.1063	-0.043	-0.043	-0.032	5
SQ.	14	[0.18503937007874016, 0.334, 0.20866141732283464, 0.345]	[0.2532808398950131, 0.378, 0.2664041994750656, 0.389]	no-link	question-answer	-0.0446	-0.0682	-0.0814	-0.044	-0.044	-0.033	5
SQ.	X	[0.18503937007874016, 0.334, 0.20866141732283464, 0.345]	[0.2926509186351706, 0.378, 0.30708661417322836, 0.388]	no-link	question-answer	-0.084	-0.1076	-0.122	-0.044	-0.043	-0.033	5
SQ.	WARNING	[0.18503937007874016, 0.334, 0.20866141732283464, 0.345]	[0.18503937007874016, 0.422, 0.24671916010498687, 0.433]	no-link	question-question	0.0236	0.0	-0.0617	-0.088	-0.088	-0.077	5
SQ.	3A	[0.18503937007874016, 0.334, 0.20866141732283464, 0.345]	[0.25065616797900264, 0.422, 0.2690288713910761, 0.432]	no-link	question-answer	-0.042	-0.0656	-0.084	-0.088	-0.087	-0.077	5
SQ.	116	[0.18503937007874016, 0.334, 0.20866141732283464, 0.345]	[0.3293963254593176, 0.434, 0.3530183727034121, 0.447]	no-link	question-answer	-0.1207	-0.1444	-0.168	-0.1	-0.102	-0.089	5
SQ.	1/2"	[0.18503937007874016, 0.334, 0.20866141732283464, 0.345]	[0.27165354330708663, 0.436, 0.29133858267716534, 0.446]	no-link	question-answer	-0.063	-0.0866	-0.1063	-0.102	-0.101	-0.091	5
SQ.	8"	[0.18503937007874016, 0.334, 0.20866141732283464, 0.345]	[0.30577427821522307, 0.436, 0.32020997375328086, 0.446]	no-link	question-answer	-0.0971	-0.1207	-0.1352	-0.102	-0.101	-0.091	5
SQ.	-	[0.18503937007874016, 0.334, 0.20866141732283464, 0.345]	[0.32020997375328086, 0.436, 0.32808398950131235, 0.447]	no-link	question-answer	-0.1115	-0.1352	-0.143	-0.102	-0.102	-0.091	5
SQ.	T	[0.18503937007874016, 0.334, 0.20866141732283464, 0.345]	[0.18503937007874016, 0.465, 0.1942257217847769, 0.475]	no-link	question-header	0.0236	0.0	-0.0092	-0.131	-0.13	-0.12	5
SQ.	&	[0.18503937007874016, 0.334, 0.20866141732283464, 0.345]	[0.1942257217847769, 0.465, 0.20341207349081364, 0.475]	no-link	question-question	0.0144	-0.0092	-0.0184	-0.131	-0.13	-0.12	5
SQ.	INCHES/FEET	[0.18503937007874016, 0.334, 0.20866141732283464, 0.345]	[0.21128608923884515, 0.334, 0.2952755905511811, 0.347]	word-word	question-question	0.1102	0.0	0.0262	0.002	0.0026	0.013	5
SQ.	261	[0.18503937007874016, 0.334, 0.20866141732283464, 0.345]	[0.30446194225721784, 0.334, 0.32677165354330706, 0.345]	question-answer	question-answer	0.1417	0.0	0.1194	0.0	0.0958	0.011	5
SQ.	OTT	[0.18503937007874016, 0.334, 0.20866141732283464, 0.345]	[0.18635170603674542, 0.507, 0.2099737532808399, 0.521]	no-link	question-question	0.0223	-0.0013	-0.0249	-0.173	-0.176	-0.162	5
261	sq	[0.30446194225721784, 0.334, 0.32677165354330706, 0.345]	[0.3293963254593176, 0.334, 0.34908136482939633, 0.345]	word-word	answer-answer	0.0446	0.0	0.0249	0.0	0.0026	0.011	5
261	TRIM	[0.30446194225721784, 0.334, 0.32677165354330706, 0.345]	[0.18503937007874016, 0.378, 0.2178477690288714, 0.389]	no-link	answer-question	0.1417	0.1194	0.0866	-0.044	-0.044	-0.033	5
261	14	[0.30446194225721784, 0.334, 0.32677165354330706, 0.345]	[0.2532808398950131, 0.378, 0.2664041994750656, 0.389]	no-link	answer-answer	0.0735	0.0512	0.0381	-0.044	-0.044	-0.033	5
261	X	[0.30446194225721784, 0.334, 0.32677165354330706, 0.345]	[0.2926509186351706, 0.378, 0.30708661417322836, 0.388]	no-link	answer-answer	0.0341	0.0118	-0.0026	-0.044	-0.043	-0.033	5
261	WARNING	[0.30446194225721784, 0.334, 0.32677165354330706, 0.345]	[0.18503937007874016, 0.422, 0.24671916010498687, 0.433]	no-link	answer-question	0.1417	0.1194	0.0577	-0.088	-0.088	-0.077	5
261	3A	[0.30446194225721784, 0.334, 0.32677165354330706, 0.345]	[0.25065616797900264, 0.422, 0.2690288713910761, 0.432]	no-link	answer-answer	0.0761	0.0538	0.0354	-0.088	-0.087	-0.077	5
261	116	[0.30446194225721784, 0.334, 0.32677165354330706, 0.345]	[0.3293963254593176, 0.434, 0.3530183727034121, 0.447]	no-link	answer-answer	-0.0026	-0.0249	-0.0486	-0.1	-0.102	-0.089	5
261	1/2"	[0.30446194225721784, 0.334, 0.32677165354330706, 0.345]	[0.27165354330708663, 0.436, 0.29133858267716534, 0.446]	no-link	answer-answer	0.0551	0.0328	0.0131	-0.102	-0.101	-0.091	5
261	8"	[0.30446194225721784, 0.334, 0.32677165354330706, 0.345]	[0.30577427821522307, 0.436, 0.32020997375328086, 0.446]	no-link	answer-answer	0.021	-0.0013	-0.0157	-0.102	-0.101	-0.091	5
261	-	[0.30446194225721784, 0.334, 0.32677165354330706, 0.345]	[0.32020997375328086, 0.436, 0.32808398950131235, 0.447]	no-link	answer-answer	0.0066	-0.0157	-0.0236	-0.102	-0.102	-0.091	5
261	T	[0.30446194225721784, 0.334, 0.32677165354330706, 0.345]	[0.18503937007874016, 0.465, 0.1942257217847769, 0.475]	no-link	answer-header	0.1417	0.1194	0.1102	-0.131	-0.13	-0.12	5
261	&	[0.30446194225721784, 0.334, 0.32677165354330706, 0.345]	[0.1942257217847769, 0.465, 0.20341207349081364, 0.475]	no-link	answer-question	0.1325	0.1102	0.101	-0.131	-0.13	-0.12	5
261	OTT	[0.30446194225721784, 0.334, 0.32677165354330706, 0.345]	[0.18635170603674542, 0.507, 0.2099737532808399, 0.521]	no-link	answer-question	0.1404	0.1181	0.0945	-0.173	-0.176	-0.162	5
1/2	X	[0.2690288713910761, 0.377, 0.29133858267716534, 0.388]	[0.2926509186351706, 0.378, 0.30708661417322836, 0.388]	word-word	answer-answer	0.0381	0.001	0.0236	0.0	0.0013	0.011	6
1/2	TRIM	[0.2690288713910761, 0.377, 0.29133858267716534, 0.388]	[0.18503937007874016, 0.378, 0.2178477690288714, 0.389]	no-link	answer-question	0.1063	0.084	0.0512	-0.001	-0.001	0.01	6
1/2	14	[0.2690288713910761, 0.377, 0.29133858267716534, 0.388]	[0.2532808398950131, 0.378, 0.2664041994750656, 0.389]	no-link	answer-answer	0.0381	0.0157	0.0026	-0.001	-0.001	0.01	6
1/2	WARNING	[0.2690288713910761, 0.377, 0.29133858267716534, 0.388]	[0.18503937007874016, 0.422, 0.24671916010498687, 0.433]	no-link	answer-question	0.1063	0.084	0.0223	-0.045	-0.045	-0.034	6
1/2	3A	[0.2690288713910761, 0.377, 0.29133858267716534, 0.388]	[0.25065616797900264, 0.422, 0.2690288713910761, 0.432]	no-link	answer-answer	0.0407	0.0184	0.0	-0.045	-0.044	-0.034	6
1/2	116	[0.2690288713910761, 0.377, 0.29133858267716534, 0.388]	[0.3293963254593176, 0.434, 0.3530183727034121, 0.447]	no-link	answer-answer	-0.0381	-0.0604	-0.084	-0.057	-0.059	-0.046	6
1/2	1/2"	[0.2690288713910761, 0.377, 0.29133858267716534, 0.388]	[0.27165354330708663, 0.436, 0.29133858267716534, 0.446]	no-link	answer-answer	0.0197	-0.0026	-0.0223	-0.059	-0.058	-0.048	6
1/2	8"	[0.2690288713910761, 0.377, 0.29133858267716534, 0.388]	[0.30577427821522307, 0.436, 0.32020997375328086, 0.446]	no-link	answer-answer	-0.0144	-0.0367	-0.0512	-0.059	-0.058	-0.048	6
1/2	-	[0.2690288713910761, 0.377, 0.29133858267716534, 0.388]	[0.32020997375328086, 0.436, 0.32808398950131235, 0.447]	no-link	answer-answer	-0.0289	-0.0512	-0.0591	-0.059	-0.059	-0.048	6
1/2	T	[0.2690288713910761, 0.377, 0.29133858267716534, 0.388]	[0.18503937007874016, 0.465, 0.1942257217847769, 0.475]	no-link	answer-header	0.1063	0.084	0.0748	-0.088	-0.087	-0.077	6
1/2	&	[0.2690288713910761, 0.377, 0.29133858267716534, 0.388]	[0.1942257217847769, 0.465, 0.20341207349081364, 0.475]	no-link	answer-question	0.0971	0.0748	0.0656	-0.088	-0.087	-0.077	6
1/2	OTT	[0.2690288713910761, 0.377, 0.29133858267716534, 0.388]	[0.18635170603674542, 0.507, 0.2099737532808399, 0.521]	no-link	answer-question	0.105	0.0827	0.0591	-0.13	-0.133	-0.119	6
TRIM	WARNING	[0.18503937007874016, 0.378, 0.2178477690288714, 0.389]	[0.18503937007874016, 0.422, 0.24671916010498687, 0.433]	line-line	question-question	0.0617	0.044	0.0	0.044	-0.0328	0.055	6
TRIM	14	[0.18503937007874016, 0.378, 0.2178477690288714, 0.389]	[0.2532808398950131, 0.378, 0.2664041994750656, 0.389]	no-link	question-answer	-0.0354	-0.0682	-0.0814	0.0	0.0	0.011	6
TRIM	X	[0.18503937007874016, 0.378, 0.2178477690288714, 0.389]	[0.2926509186351706, 0.378, 0.30708661417322836, 0.388]	no-link	question-answer	-0.0748	-0.1076	-0.122	0.0	0.001	0.011	6
TRIM	3A	[0.18503937007874016, 0.378, 0.2178477690288714, 0.389]	[0.25065616797900264, 0.422, 0.2690288713910761, 0.432]	no-link	question-answer	-0.0328	-0.0656	-0.084	-0.044	-0.043	-0.033	6
TRIM	116	[0.18503937007874016, 0.378, 0.2178477690288714, 0.389]	[0.3293963254593176, 0.434, 0.3530183727034121, 0.447]	no-link	question-answer	-0.1115	-0.1444	-0.168	-0.056	-0.058	-0.045	6
TRIM	1/2"	[0.18503937007874016, 0.378, 0.2178477690288714, 0.389]	[0.27165354330708663, 0.436, 0.29133858267716534, 0.446]	no-link	question-answer	-0.0538	-0.0866	-0.1063	-0.058	-0.057	-0.047	6
TRIM	8"	[0.18503937007874016, 0.378, 0.2178477690288714, 0.389]	[0.30577427821522307, 0.436, 0.32020997375328086, 0.446]	no-link	question-answer	-0.0879	-0.1207	-0.1352	-0.058	-0.057	-0.047	6
TRIM	-	[0.18503937007874016, 0.378, 0.2178477690288714, 0.389]	[0.32020997375328086, 0.436, 0.32808398950131235, 0.447]	no-link	question-answer	-0.1024	-0.1352	-0.143	-0.058	-0.058	-0.047	6
TRIM	T	[0.18503937007874016, 0.378, 0.2178477690288714, 0.389]	[0.18503937007874016, 0.465, 0.1942257217847769, 0.475]	no-link	question-header	0.0328	0.0	-0.0092	-0.087	-0.086	-0.076	6
TRIM	&	[0.18503937007874016, 0.378, 0.2178477690288714, 0.389]	[0.1942257217847769, 0.465, 0.20341207349081364, 0.475]	no-link	question-question	0.0236	-0.0092	-0.0184	-0.087	-0.086	-0.076	6
TRIM	OTT	[0.18503937007874016, 0.378, 0.2178477690288714, 0.389]	[0.18635170603674542, 0.507, 0.2099737532808399, 0.521]	no-link	question-question	0.0315	-0.0013	-0.0249	-0.129	-0.132	-0.118	6
TRIM	SIZE	[0.18503937007874016, 0.378, 0.2178477690288714, 0.389]	[0.2178477690288714, 0.378, 0.24671916010498687, 0.389]	word-word	question-question	0.0617	0.0	0.0328	0.0	0.0	0.011	6
TRIM	14	[0.18503937007874016, 0.378, 0.2178477690288714, 0.389]	[0.2532808398950131, 0.378, 0.2664041994750656, 0.389]	question-answer	question-answer	0.0814	0.0	0.0682	0.0	0.0354	0.011	6
14	1/2	[0.2532808398950131, 0.378, 0.2664041994750656, 0.389]	[0.2690288713910761, 0.377, 0.29133858267716534, 0.388]	word-word	answer-answer	0.0381	-0.001	0.0157	-0.001	0.0026	0.01	6
14	WARNING	[0.2532808398950131, 0.378, 0.2664041994750656, 0.389]	[0.18503937007874016, 0.422, 0.24671916010498687, 0.433]	no-link	answer-question	0.0814	0.0682	0.0066	-0.044	-0.044	-0.033	6
14	3A	[0.2532808398950131, 0.378, 0.2664041994750656, 0.389]	[0.25065616797900264, 0.422, 0.2690288713910761, 0.432]	no-link	answer-answer	0.0157	0.0026	-0.0157	-0.044	-0.043	-0.033	6
14	X	[0.2532808398950131, 0.378, 0.2664041994750656, 0.389]	[0.2926509186351706, 0.434, 0.30577427821522307, 0.447]	no-link	answer-answer	-0.0262	-0.0394	-0.0525	-0.056	-0.058	-0.045	6
14	116	[0.2532808398950131, 0.378, 0.2664041994750656, 0.389]	[0.3293963254593176, 0.434, 0.3530183727034121, 0.447]	no-link	answer-answer	-0.063	-0.0761	-0.0997	-0.056	-0.058	-0.045	6
14	1/2"	[0.2532808398950131, 0.378, 0.2664041994750656, 0.389]	[0.27165354330708663, 0.436, 0.29133858267716534, 0.446]	no-link	answer-answer	-0.0052	-0.0184	-0.0381	-0.058	-0.057	-0.047	6
14	8"	[0.2532808398950131, 0.378, 0.2664041994750656, 0.389]	[0.30577427821522307, 0.436, 0.32020997375328086, 0.446]	no-link	answer-answer	-0.0394	-0.0525	-0.0669	-0.058	-0.057	-0.047	6
14	-	[0.2532808398950131, 0.378, 0.2664041994750656, 0.389]	[0.32020997375328086, 0.436, 0.32808398950131235, 0.447]	no-link	answer-answer	-0.0538	-0.0669	-0.0748	-0.058	-0.058	-0.047	6
14	T	[0.2532808398950131, 0.378, 0.2664041994750656, 0.389]	[0.18503937007874016, 0.465, 0.1942257217847769, 0.475]	no-link	answer-header	0.0814	0.0682	0.0591	-0.087	-0.086	-0.076	6
14	&	[0.2532808398950131, 0.378, 0.2664041994750656, 0.389]	[0.1942257217847769, 0.465, 0.20341207349081364, 0.475]	no-link	answer-question	0.0722	0.0591	0.0499	-0.087	-0.086	-0.076	6
14	OTT	[0.2532808398950131, 0.378, 0.2664041994750656, 0.389]	[0.18635170603674542, 0.507, 0.2099737532808399, 0.521]	no-link	answer-question	0.0801	0.0669	0.0433	-0.129	-0.132	-0.118	6
14	Date	[0.2532808398950131, 0.378, 0.2664041994750656, 0.389]	[0.6377952755905512, 0.518, 0.6666666666666666, 0.529]	no-link	answer-header	-0.3714	-0.3845	-0.4134	-0.14	-0.14	-0.129	6
X	18"	[0.2926509186351706, 0.378, 0.30708661417322836, 0.388]	[0.3083989501312336, 0.377, 0.32545931758530183, 0.39]	word-word	answer-answer	0.0328	-0.001	0.0157	0.002	0.0013	0.012	6
X	WARNING	[0.2926509186351706, 0.378, 0.30708661417322836, 0.388]	[0.18503937007874016, 0.422, 0.24671916010498687, 0.433]	no-link	answer-answer	0.122	0.1076	0.0459	-0.044	-0.045	-0.034	6
X	3A	[0.2926509186351706, 0.378, 0.30708661417322836, 0.388]	[0.25065616797900264, 0.422, 0.2690288713910761, 0.432]	no-link	answer-answer	0.0564	0.042	0.0236	-0.044	-0.044	-0.034	6
X	14	[0.2926509186351706, 0.378, 0.30708661417322836, 0.388]	[0.2532808398950131, 0.434, 0.2677165354330709, 0.445]	no-link	answer-answer	0.0538	0.0394	0.0249	-0.056	-0.057	-0.046	6
X	116	[0.2926509186351706, 0.378, 0.30708661417322836, 0.388]	[0.3293963254593176, 0.434, 0.3530183727034121, 0.447]	no-link	answer-answer	-0.0223	-0.0367	-0.0604	-0.056	-0.059	-0.046	6
X	1/2"	[0.2926509186351706, 0.378, 0.30708661417322836, 0.388]	[0.27165354330708663, 0.436, 0.29133858267716534, 0.446]	no-link	answer-answer	0.0354	0.021	0.0013	-0.058	-0.058	-0.048	6
X	8"	[0.2926509186351706, 0.378, 0.30708661417322836, 0.388]	[0.30577427821522307, 0.436, 0.32020997375328086, 0.446]	no-link	answer-answer	0.0013	-0.0131	-0.0276	-0.058	-0.058	-0.048	6
X	-	[0.2926509186351706, 0.378, 0.30708661417322836, 0.388]	[0.32020997375328086, 0.436, 0.32808398950131235, 0.447]	no-link	answer-answer	-0.0131	-0.0276	-0.0354	-0.058	-0.059	-0.048	6
X	T	[0.2926509186351706, 0.378, 0.30708661417322836, 0.388]	[0.18503937007874016, 0.465, 0.1942257217847769, 0.475]	no-link	answer-header	0.122	0.1076	0.0984	-0.087	-0.087	-0.077	6
X	&	[0.2926509186351706, 0.378, 0.30708661417322836, 0.388]	[0.1942257217847769, 0.465, 0.20341207349081364, 0.475]	no-link	answer-question	0.1129	0.0984	0.0892	-0.087	-0.087	-0.077	6
X	OTT	[0.2926509186351706, 0.378, 0.30708661417322836, 0.388]	[0.18635170603674542, 0.507, 0.2099737532808399, 0.521]	no-link	answer-question	0.1207	0.1063	0.0827	-0.129	-0.133	-0.119	6
X	Date	[0.2926509186351706, 0.378, 0.30708661417322836, 0.388]	[0.6377952755905512, 0.518, 0.6666666666666666, 0.529]	no-link	answer-header	-0.3307	-0.3451	-0.374	-0.14	-0.141	-0.13	6
WARNING	T	[0.18503937007874016, 0.422, 0.24671916010498687, 0.433]	[0.18503937007874016, 0.465, 0.1942257217847769, 0.475]	line-line	question-question	0.0092	0.043	0.0	0.042	-0.0617	0.053	7
WARNING	3A	[0.18503937007874016, 0.422, 0.24671916010498687, 0.433]	[0.25065616797900264, 0.422, 0.2690288713910761, 0.432]	no-link	question-answer	-0.0039	-0.0656	-0.084	0.0	0.001	0.011	7
WARNING	14	[0.18503937007874016, 0.422, 0.24671916010498687, 0.433]	[0.2532808398950131, 0.434, 0.2677165354330709, 0.445]	no-link	question-answer	-0.0066	-0.0682	-0.0827	-0.012	-0.012	-0.001	7
WARNING	X	[0.18503937007874016, 0.422, 0.24671916010498687, 0.433]	[0.2926509186351706, 0.434, 0.30577427821522307, 0.447]	no-link	question-answer	-0.0459	-0.1076	-0.1207	-0.012	-0.014	-0.001	7
WARNING	116	[0.18503937007874016, 0.422, 0.24671916010498687, 0.433]	[0.3293963254593176, 0.434, 0.3530183727034121, 0.447]	no-link	question-answer	-0.0827	-0.1444	-0.168	-0.012	-0.014	-0.001	7
WARNING	1/2"	[0.18503937007874016, 0.422, 0.24671916010498687, 0.433]	[0.27165354330708663, 0.436, 0.29133858267716534, 0.446]	no-link	question-answer	-0.0249	-0.0866	-0.1063	-0.014	-0.013	-0.003	7
WARNING	8"	[0.18503937007874016, 0.422, 0.24671916010498687, 0.433]	[0.30577427821522307, 0.436, 0.32020997375328086, 0.446]	no-link	question-answer	-0.0591	-0.1207	-0.1352	-0.014	-0.013	-0.003	7
WARNING	-	[0.18503937007874016, 0.422, 0.24671916010498687, 0.433]	[0.32020997375328086, 0.436, 0.32808398950131235, 0.447]	no-link	question-answer	-0.0735	-0.1352	-0.143	-0.014	-0.014	-0.003	7
WARNING	&	[0.18503937007874016, 0.422, 0.24671916010498687, 0.433]	[0.1942257217847769, 0.465, 0.20341207349081364, 0.475]	no-link	question-question	0.0525	-0.0092	-0.0184	-0.043	-0.042	-0.032	7
WARNING	OTT	[0.18503937007874016, 0.422, 0.24671916010498687, 0.433]	[0.18635170603674542, 0.507, 0.2099737532808399, 0.521]	no-link	question-question	0.0604	-0.0013	-0.0249	-0.085	-0.088	-0.074	7
WARNING	Date	[0.18503937007874016, 0.422, 0.24671916010498687, 0.433]	[0.6377952755905512, 0.518, 0.6666666666666666, 0.529]	no-link	question-header	-0.3911	-0.4528	-0.4816	-0.096	-0.096	-0.085	7
WARNING	Department	[0.18503937007874016, 0.422, 0.24671916010498687, 0.433]	[0.44881889763779526, 0.52, 0.5183727034120735, 0.533]	no-link	question-header	-0.2021	-0.2638	-0.3333	-0.098	-0.1	-0.087	7
WARNING	3A	[0.18503937007874016, 0.422, 0.24671916010498687, 0.433]	[0.25065616797900264, 0.422, 0.2690288713910761, 0.432]	question-answer	question-answer	0.084	0.0	0.0656	-0.001	0.0039	0.01	7
3A	14	[0.25065616797900264, 0.422, 0.2690288713910761, 0.432]	[0.2532808398950131, 0.434, 0.2677165354330709, 0.445]	word-word	answer-answer	0.0171	0.012	0.0026	0.013	-0.0157	0.023	7
3A	X	[0.25065616797900264, 0.422, 0.2690288713910761, 0.432]	[0.2926509186351706, 0.434, 0.30577427821522307, 0.447]	no-link	answer-answer	-0.0236	-0.042	-0.0551	-0.012	-0.015	-0.002	7
3A	116	[0.25065616797900264, 0.422, 0.2690288713910761, 0.432]	[0.3293963254593176, 0.434, 0.3530183727034121, 0.447]	no-link	answer-answer	-0.0604	-0.0787	-0.1024	-0.012	-0.015	-0.002	7
3A	1/2"	[0.25065616797900264, 0.422, 0.2690288713910761, 0.432]	[0.27165354330708663, 0.436, 0.29133858267716534, 0.446]	no-link	answer-answer	-0.0026	-0.021	-0.0407	-0.014	-0.014	-0.004	7
3A	8"	[0.25065616797900264, 0.422, 0.2690288713910761, 0.432]	[0.30577427821522307, 0.436, 0.32020997375328086, 0.446]	no-link	answer-answer	-0.0367	-0.0551	-0.0696	-0.014	-0.014	-0.004	7
3A	-	[0.25065616797900264, 0.422, 0.2690288713910761, 0.432]	[0.32020997375328086, 0.436, 0.32808398950131235, 0.447]	no-link	answer-answer	-0.0512	-0.0696	-0.0774	-0.014	-0.015	-0.004	7
3A	T	[0.25065616797900264, 0.422, 0.2690288713910761, 0.432]	[0.18503937007874016, 0.465, 0.1942257217847769, 0.475]	no-link	answer-header	0.084	0.0656	0.0564	-0.043	-0.043	-0.033	7
3A	&	[0.25065616797900264, 0.422, 0.2690288713910761, 0.432]	[0.1942257217847769, 0.465, 0.20341207349081364, 0.475]	no-link	answer-question	0.0748	0.0564	0.0472	-0.043	-0.043	-0.033	7
3A	OTT	[0.25065616797900264, 0.422, 0.2690288713910761, 0.432]	[0.18635170603674542, 0.507, 0.2099737532808399, 0.521]	no-link	answer-question	0.0827	0.0643	0.0407	-0.085	-0.089	-0.075	7
3A	Date	[0.25065616797900264, 0.422, 0.2690288713910761, 0.432]	[0.6377952755905512, 0.518, 0.6666666666666666, 0.529]	no-link	answer-header	-0.3688	-0.3871	-0.416	-0.096	-0.097	-0.086	7
3A	Department	[0.25065616797900264, 0.422, 0.2690288713910761, 0.432]	[0.44881889763779526, 0.52, 0.5183727034120735, 0.533]	no-link	answer-header	-0.1798	-0.1982	-0.2677	-0.098	-0.101	-0.088	7
3A	Signature	[0.25065616797900264, 0.422, 0.2690288713910761, 0.432]	[0.2178477690288714, 0.524, 0.27165354330708663, 0.534]	no-link	answer-question	0.0512	0.0328	-0.021	-0.102	-0.102	-0.092	7
14	1/2"	[0.2532808398950131, 0.434, 0.2677165354330709, 0.445]	[0.27165354330708663, 0.436, 0.29133858267716534, 0.446]	word-word	answer-answer	0.0381	0.002	0.0184	0.001	0.0039	0.012	7
14	Department	[0.2532808398950131, 0.434, 0.2677165354330709, 0.445]	[0.44881889763779526, 0.52, 0.5183727034120735, 0.533]	no-link	answer-header	-0.1811	-0.1955	-0.2651	-0.086	-0.088	-0.075	7
14	Signature	[0.2532808398950131, 0.434, 0.2677165354330709, 0.445]	[0.2178477690288714, 0.524, 0.27165354330708663, 0.534]	no-link	answer-question	0.0499	0.0354	-0.0184	-0.09	-0.089	-0.079	7
X	8"	[0.2926509186351706, 0.434, 0.30577427821522307, 0.447]	[0.30577427821522307, 0.436, 0.32020997375328086, 0.446]	word-word	answer-answer	0.0276	0.002	0.0131	-0.001	0.0	0.012	7
X	Department	[0.2926509186351706, 0.434, 0.30577427821522307, 0.447]	[0.44881889763779526, 0.52, 0.5183727034120735, 0.533]	no-link	answer-header	-0.143	-0.1562	-0.2257	-0.086	-0.086	-0.073	7
X	Signature	[0.2926509186351706, 0.434, 0.30577427821522307, 0.447]	[0.2178477690288714, 0.524, 0.27165354330708663, 0.534]	no-link	answer-question	0.0879	0.0748	0.021	-0.09	-0.087	-0.077	7
116	sq."	[0.3293963254593176, 0.434, 0.3530183727034121, 0.447]	[0.3543307086614173, 0.436, 0.3805774278215223, 0.447]	word-word	answer-answer	0.0512	0.002	0.0249	0.0	0.0013	0.013	7
116	8"	[0.3293963254593176, 0.434, 0.3530183727034121, 0.447]	[0.30577427821522307, 0.436, 0.32020997375328086, 0.446]	no-link	answer-answer	0.0472	0.0236	0.0092	-0.002	0.001	0.011	7
116	-	[0.3293963254593176, 0.434, 0.3530183727034121, 0.447]	[0.32020997375328086, 0.436, 0.32808398950131235, 0.447]	no-link	answer-answer	0.0328	0.0092	0.0013	-0.002	0.0	0.011	7
116	T	[0.3293963254593176, 0.434, 0.3530183727034121, 0.447]	[0.18503937007874016, 0.465, 0.1942257217847769, 0.475]	no-link	answer-header	0.168	0.1444	0.1352	-0.031	-0.028	-0.018	7
116	&	[0.3293963254593176, 0.434, 0.3530183727034121, 0.447]	[0.1942257217847769, 0.465, 0.20341207349081364, 0.475]	no-link	answer-question	0.1588	0.1352	0.126	-0.031	-0.028	-0.018	7
116	OTT	[0.3293963254593176, 0.434, 0.3530183727034121, 0.447]	[0.18635170603674542, 0.507, 0.2099737532808399, 0.521]	no-link	answer-question	0.1667	0.143	0.1194	-0.073	-0.074	-0.06	7
116	Date	[0.3293963254593176, 0.434, 0.3530183727034121, 0.447]	[0.6377952755905512, 0.518, 0.6666666666666666, 0.529]	no-link	answer-header	-0.2848	-0.3084	-0.3373	-0.084	-0.082	-0.071	7
116	Department	[0.3293963254593176, 0.434, 0.3530183727034121, 0.447]	[0.44881889763779526, 0.52, 0.5183727034120735, 0.533]	no-link	answer-header	-0.0958	-0.1194	-0.189	-0.086	-0.086	-0.073	7
116	Signature	[0.3293963254593176, 0.434, 0.3530183727034121, 0.447]	[0.2178477690288714, 0.524, 0.27165354330708663, 0.534]	no-link	answer-question	0.1352	0.1115	0.0577	-0.09	-0.087	-0.077	7
1/2"	X	[0.27165354330708663, 0.436, 0.29133858267716534, 0.446]	[0.2926509186351706, 0.434, 0.30577427821522307, 0.447]	word-word	answer-answer	0.0341	-0.002	0.021	0.001	0.0013	0.011	7
1/2"	-	[0.27165354330708663, 0.436, 0.29133858267716534, 0.446]	[0.32020997375328086, 0.436, 0.32808398950131235, 0.447]	no-link	answer-answer	-0.0289	-0.0486	-0.0564	0.0	-0.001	0.01	7
1/2"	T	[0.27165354330708663, 0.436, 0.29133858267716534, 0.446]	[0.18503937007874016, 0.465, 0.1942257217847769, 0.475]	no-link	answer-header	0.1063	0.0866	0.0774	-0.029	-0.029	-0.019	7
1/2"	&	[0.27165354330708663, 0.436, 0.29133858267716534, 0.446]	[0.1942257217847769, 0.465, 0.20341207349081364, 0.475]	no-link	answer-question	0.0971	0.0774	0.0682	-0.029	-0.029	-0.019	7
1/2"	OTT	[0.27165354330708663, 0.436, 0.29133858267716534, 0.446]	[0.18635170603674542, 0.507, 0.2099737532808399, 0.521]	no-link	answer-question	0.105	0.0853	0.0617	-0.071	-0.075	-0.061	7
1/2"	Date	[0.27165354330708663, 0.436, 0.29133858267716534, 0.446]	[0.6377952755905512, 0.518, 0.6666666666666666, 0.529]	no-link	answer-header	-0.3465	-0.3661	-0.395	-0.082	-0.083	-0.072	7
1/2"	Department	[0.27165354330708663, 0.436, 0.29133858267716534, 0.446]	[0.44881889763779526, 0.52, 0.5183727034120735, 0.533]	no-link	answer-header	-0.1575	-0.1772	-0.2467	-0.084	-0.087	-0.074	7
1/2"	Signature	[0.27165354330708663, 0.436, 0.29133858267716534, 0.446]	[0.2178477690288714, 0.524, 0.27165354330708663, 0.534]	no-link	answer-question	0.0735	0.0538	0.0	-0.088	-0.088	-0.078	7
1/2"		[0.27165354330708663, 0.436, 0.29133858267716534, 0.446]	[0.6482939632545932, 0.529, 0.6706036745406824, 0.546]	no-link	answer-answer	-0.357	-0.3766	-0.399	-0.093	-0.1	-0.083	7
8"	-	[0.30577427821522307, 0.436, 0.32020997375328086, 0.446]	[0.32020997375328086, 0.436, 0.32808398950131235, 0.447]	word-word	answer-answer	0.0223	0.0	0.0144	0.001	0.0	0.011	7
8"	T	[0.30577427821522307, 0.436, 0.32020997375328086, 0.446]	[0.18503937007874016, 0.465, 0.1942257217847769, 0.475]	no-link	answer-header	0.1352	0.1207	0.1115	-0.029	-0.029	-0.019	7
8"	&	[0.30577427821522307, 0.436, 0.32020997375328086, 0.446]	[0.1942257217847769, 0.465, 0.20341207349081364, 0.475]	no-link	answer-question	0.126	0.1115	0.1024	-0.029	-0.029	-0.019	7
8"	OTT	[0.30577427821522307, 0.436, 0.32020997375328086, 0.446]	[0.18635170603674542, 0.507, 0.2099737532808399, 0.521]	no-link	answer-question	0.1339	0.1194	0.0958	-0.071	-0.075	-0.061	7
8"	Date	[0.30577427821522307, 0.436, 0.32020997375328086, 0.446]	[0.6377952755905512, 0.518, 0.6666666666666666, 0.529]	no-link	answer-header	-0.3176	-0.332	-0.3609	-0.082	-0.083	-0.072	7
8"	Department	[0.30577427821522307, 0.436, 0.32020997375328086, 0.446]	[0.44881889763779526, 0.52, 0.5183727034120735, 0.533]	no-link	answer-header	-0.1286	-0.143	-0.2126	-0.084	-0.087	-0.074	7
8"	Signature	[0.30577427821522307, 0.436, 0.32020997375328086, 0.446]	[0.2178477690288714, 0.524, 0.27165354330708663, 0.534]	no-link	answer-question	0.1024	0.0879	0.0341	-0.088	-0.088	-0.078	7
8"		[0.30577427821522307, 0.436, 0.32020997375328086, 0.446]	[0.6482939632545932, 0.529, 0.6706036745406824, 0.546]	no-link	answer-answer	-0.3281	-0.3425	-0.3648	-0.093	-0.1	-0.083	7
-	116	[0.32020997375328086, 0.436, 0.32808398950131235, 0.447]	[0.3293963254593176, 0.434, 0.3530183727034121, 0.447]	word-word	answer-answer	0.0328	-0.002	0.0092	0.0	0.0013	0.011	7
-	T	[0.32020997375328086, 0.436, 0.32808398950131235, 0.447]	[0.18503937007874016, 0.465, 0.1942257217847769, 0.475]	no-link	answer-question	0.143	0.1352	0.126	-0.029	-0.028	-0.018	7
-	&	[0.32020997375328086, 0.436, 0.32808398950131235, 0.447]	[0.1942257217847769, 0.465, 0.20341207349081364, 0.475]	no-link	answer-question	0.1339	0.126	0.1168	-0.029	-0.028	-0.018	7
-	OTT	[0.32020997375328086, 0.436, 0.32808398950131235, 0.447]	[0.18635170603674542, 0.507, 0.2099737532808399, 0.521]	no-link	answer-question	0.1417	0.1339	0.1102	-0.071	-0.074	-0.06	7
-	Date	[0.32020997375328086, 0.436, 0.32808398950131235, 0.447]	[0.6377952755905512, 0.518, 0.6666666666666666, 0.529]	no-link	answer-header	-0.3097	-0.3176	-0.3465	-0.082	-0.082	-0.071	7
-	Department	[0.32020997375328086, 0.436, 0.32808398950131235, 0.447]	[0.44881889763779526, 0.52, 0.5183727034120735, 0.533]	no-link	answer-header	-0.1207	-0.1286	-0.1982	-0.084	-0.086	-0.073	7
-	Signature	[0.32020997375328086, 0.436, 0.32808398950131235, 0.447]	[0.2178477690288714, 0.524, 0.27165354330708663, 0.534]	no-link	answer-question	0.1102	0.1024	0.0486	-0.088	-0.087	-0.077	7
-		[0.32020997375328086, 0.436, 0.32808398950131235, 0.447]	[0.6482939632545932, 0.529, 0.6706036745406824, 0.546]	no-link	answer-answer	-0.3202	-0.3281	-0.3504	-0.093	-0.099	-0.082	7
T	OTT	[0.18503937007874016, 0.465, 0.1942257217847769, 0.475]	[0.18635170603674542, 0.507, 0.2099737532808399, 0.521]	line-line	question-header	0.0249	0.042	0.0013	0.046	-0.0079	0.056	8
T	&	[0.18503937007874016, 0.465, 0.1942257217847769, 0.475]	[0.1942257217847769, 0.465, 0.20341207349081364, 0.475]	no-link	question-question	0.0	-0.0092	-0.0184	0.0	0.0	0.01	8
T	Date	[0.18503937007874016, 0.465, 0.1942257217847769, 0.475]	[0.6377952755905512, 0.518, 0.6666666666666666, 0.529]	no-link	question-header	-0.4436	-0.4528	-0.4816	-0.053	-0.054	-0.043	8
T	Department	[0.18503937007874016, 0.465, 0.1942257217847769, 0.475]	[0.44881889763779526, 0.52, 0.5183727034120735, 0.533]	no-link	question-header	-0.2546	-0.2638	-0.3333	-0.055	-0.058	-0.045	8
T	Signature	[0.18503937007874016, 0.465, 0.1942257217847769, 0.475]	[0.2178477690288714, 0.524, 0.27165354330708663, 0.534]	no-link	question-question	-0.0236	-0.0328	-0.0866	-0.059	-0.059	-0.049	8
T		[0.18503937007874016, 0.465, 0.1942257217847769, 0.475]	[0.6482939632545932, 0.529, 0.6706036745406824, 0.546]	no-link	question-answer	-0.4541	-0.4633	-0.4856	-0.064	-0.071	-0.054	8
T	&	[0.18503937007874016, 0.465, 0.1942257217847769, 0.475]	[0.1942257217847769, 0.465, 0.20341207349081364, 0.475]	word-word	question-question	0.0184	0.0	0.0092	0.0	0.0	0.01	8
&	N	[0.1942257217847769, 0.465, 0.20341207349081364, 0.475]	[0.20341207349081364, 0.465, 0.21391076115485563, 0.476]	word-word	question-question	0.0197	0.0	0.0092	0.001	0.0	0.011	8
&	OTT	[0.1942257217847769, 0.465, 0.20341207349081364, 0.475]	[0.18635170603674542, 0.507, 0.2099737532808399, 0.521]	no-link	question-question	0.0171	0.0079	-0.0157	-0.042	-0.046	-0.032	8
&	Date	[0.1942257217847769, 0.465, 0.20341207349081364, 0.475]	[0.6377952755905512, 0.518, 0.6666666666666666, 0.529]	no-link	question-header	-0.4344	-0.4436	-0.4724	-0.053	-0.054	-0.043	8
&	Department	[0.1942257217847769, 0.465, 0.20341207349081364, 0.475]	[0.44881889763779526, 0.52, 0.5183727034120735, 0.533]	no-link	question-header	-0.2454	-0.2546	-0.3241	-0.055	-0.058	-0.045	8
&	Signature	[0.1942257217847769, 0.465, 0.20341207349081364, 0.475]	[0.2178477690288714, 0.524, 0.27165354330708663, 0.534]	no-link	question-question	-0.0144	-0.0236	-0.0774	-0.059	-0.059	-0.049	8
&		[0.1942257217847769, 0.465, 0.20341207349081364, 0.475]	[0.6482939632545932, 0.529, 0.6706036745406824, 0.546]	no-link	question-answer	-0.4449	-0.4541	-0.4764	-0.064	-0.071	-0.054	8
T	NA	[0.18503937007874016, 0.465, 0.1942257217847769, 0.475]	[0.22572178477690288, 0.465, 0.24278215223097113, 0.475]	question-answer	question-answer	0.0577	0.0	0.0407	0.0	0.0315	0.01	8
OTT	Date	[0.18635170603674542, 0.507, 0.2099737532808399, 0.521]	[0.6377952755905512, 0.518, 0.6666666666666666, 0.529]	header-question	header-question	0.4803	0.011	0.4514	0.008	0.4278	0.022	9
OTT	Department	[0.18635170603674542, 0.507, 0.2099737532808399, 0.521]	[0.44881889763779526, 0.52, 0.5183727034120735, 0.533]	no-link	header-header	-0.2388	-0.2625	-0.332	-0.013	-0.012	0.001	9
OTT	Signature	[0.18635170603674542, 0.507, 0.2099737532808399, 0.521]	[0.2178477690288714, 0.524, 0.27165354330708663, 0.534]	no-link	header-question	-0.0079	-0.0315	-0.0853	-0.017	-0.013	-0.003	9
OTT		[0.18635170603674542, 0.507, 0.2099737532808399, 0.521]	[0.6482939632545932, 0.529, 0.6706036745406824, 0.546]	no-link	header-answer	-0.4383	-0.4619	-0.4843	-0.022	-0.025	-0.008	9
OTT	B	[0.18635170603674542, 0.507, 0.2099737532808399, 0.521]	[0.1837270341207349, 0.62, 0.1968503937007874, 0.631]	no-link	header-question	0.0262	0.0026	-0.0105	-0.113	-0.11	-0.099	9
OTT	Signature	[0.18635170603674542, 0.507, 0.2099737532808399, 0.521]	[0.2178477690288714, 0.524, 0.27165354330708663, 0.534]	line-line	header-question	0.0853	0.017	0.0315	0.013	0.0079	0.027	9
OTT	APPROVALS	[0.18635170603674542, 0.507, 0.2099737532808399, 0.521]	[0.21653543307086615, 0.508, 0.29396325459317585, 0.519]	word-word	header-header	0.1076	0.001	0.0302	-0.002	0.0066	0.012	9
OTT	Signature	[0.18635170603674542, 0.507, 0.2099737532808399, 0.521]	[0.2178477690288714, 0.524, 0.27165354330708663, 0.534]	header-question	header-question	0.0853	0.017	0.0315	0.013	0.0079	0.027	9
OTT	Department	[0.18635170603674542, 0.507, 0.2099737532808399, 0.521]	[0.44881889763779526, 0.52, 0.5183727034120735, 0.533]	header-question	header-question	0.332	0.013	0.2625	0.012	0.2388	0.026	9
OTT	APPROVALS	[0.18635170603674542, 0.507, 0.2099737532808399, 0.521]	[0.21653543307086615, 0.508, 0.29396325459317585, 0.519]	word-word	header-header	0.1076	0.001	0.0302	-0.002	0.0066	0.012	10
Date	OTT	[0.6377952755905512, 0.518, 0.6666666666666666, 0.529]	[0.18635170603674542, 0.507, 0.2099737532808399, 0.521]	question-header	question-header	-0.4278	-0.011	-0.4514	-0.008	-0.4803	0.003	9
Date	Department	[0.6377952755905512, 0.518, 0.6666666666666666, 0.529]	[0.44881889763779526, 0.52, 0.5183727034120735, 0.533]	no-link	question-header	0.2178	0.189	0.1194	-0.002	-0.004	0.009	9
Date	Signature	[0.6377952755905512, 0.518, 0.6666666666666666, 0.529]	[0.2178477690288714, 0.524, 0.27165354330708663, 0.534]	no-link	question-question	0.4488	0.4199	0.3661	-0.006	-0.005	0.005	9
Date		[0.6377952755905512, 0.518, 0.6666666666666666, 0.529]	[0.6482939632545932, 0.529, 0.6706036745406824, 0.546]	no-link	question-answer	0.0184	-0.0105	-0.0328	-0.011	-0.017	0.0	9
Date	B	[0.6377952755905512, 0.518, 0.6666666666666666, 0.529]	[0.1837270341207349, 0.62, 0.1968503937007874, 0.631]	no-link	question-question	0.4829	0.4541	0.4409	-0.102	-0.102	-0.091	9
Date	&	[0.6377952755905512, 0.518, 0.6666666666666666, 0.529]	[0.19553805774278216, 0.622, 0.2047244094488189, 0.632]	no-link	question-header	0.4711	0.4423	0.4331	-0.104	-0.103	-0.093	9
Date		[0.6377952755905512, 0.518, 0.6666666666666666, 0.529]	[0.6482939632545932, 0.529, 0.6706036745406824, 0.546]	question-answer	question-answer	0.0328	0.011	0.0105	0.017	-0.0184	0.028	9
Date	W	[0.6377952755905512, 0.518, 0.6666666666666666, 0.529]	[0.2020997375328084, 0.622, 0.2204724409448819, 0.635]	no-link	question-header	0.4646	0.4357	0.4173	-0.104	-0.106	-0.093	9
Department	OTT	[0.44881889763779526, 0.52, 0.5183727034120735, 0.533]	[0.18635170603674542, 0.507, 0.2099737532808399, 0.521]	question-header	question-header	-0.2388	-0.013	-0.2625	-0.012	-0.332	0.001	10
Department	Signature	[0.44881889763779526, 0.52, 0.5183727034120735, 0.533]	[0.2178477690288714, 0.524, 0.27165354330708663, 0.534]	no-link	question-question	0.3005	0.231	0.1772	-0.004	-0.001	0.009	10
Department		[0.44881889763779526, 0.52, 0.5183727034120735, 0.533]	[0.6482939632545932, 0.529, 0.6706036745406824, 0.546]	no-link	question-answer	-0.1299	-0.1995	-0.2218	-0.009	-0.013	0.004	10
Department	B	[0.44881889763779526, 0.52, 0.5183727034120735, 0.533]	[0.1837270341207349, 0.62, 0.1968503937007874, 0.631]	no-link	question-question	0.3346	0.2651	0.252	-0.1	-0.098	-0.087	10
Department	&	[0.44881889763779526, 0.52, 0.5183727034120735, 0.533]	[0.19553805774278216, 0.622, 0.2047244094488189, 0.632]	no-link	question-header	0.3228	0.2533	0.2441	-0.102	-0.099	-0.089	10
Department	W	[0.44881889763779526, 0.52, 0.5183727034120735, 0.533]	[0.2020997375328084, 0.622, 0.2204724409448819, 0.635]	no-link	question-header	0.3163	0.2467	0.2283	-0.102	-0.102	-0.089	10
Department		[0.44881889763779526, 0.52, 0.5183727034120735, 0.533]	[0.49343832020997375, 0.532, 0.5249343832020997, 0.546]	question-answer	question-answer	0.0761	0.012	0.0446	0.013	-0.0249	0.026	10
Signature	Department	[0.2178477690288714, 0.524, 0.27165354330708663, 0.534]	[0.44881889763779526, 0.52, 0.5183727034120735, 0.533]	question-question	question-question	0.3005	-0.004	0.231	-0.001	0.1772	0.009	10
Signature		[0.2178477690288714, 0.524, 0.27165354330708663, 0.534]	[0.6482939632545932, 0.529, 0.6706036745406824, 0.546]	no-link	question-answer	-0.3766	-0.4304	-0.4528	-0.005	-0.012	0.005	10
Signature	B	[0.2178477690288714, 0.524, 0.27165354330708663, 0.534]	[0.1837270341207349, 0.62, 0.1968503937007874, 0.631]	no-link	question-question	0.0879	0.0341	0.021	-0.096	-0.097	-0.086	10
Signature	&	[0.2178477690288714, 0.524, 0.27165354330708663, 0.534]	[0.19553805774278216, 0.622, 0.2047244094488189, 0.632]	no-link	question-header	0.0761	0.0223	0.0131	-0.098	-0.098	-0.088	10
Signature	W	[0.2178477690288714, 0.524, 0.27165354330708663, 0.534]	[0.2020997375328084, 0.622, 0.2204724409448819, 0.635]	no-link	question-header	0.0696	0.0157	-0.0026	-0.098	-0.101	-0.088	10
Signature	Date	[0.2178477690288714, 0.524, 0.27165354330708663, 0.534]	[0.6377952755905512, 0.633, 0.6653543307086615, 0.644]	no-link	question-header	-0.3661	-0.4199	-0.4475	-0.109	-0.11	-0.099	10
Signature	B	[0.2178477690288714, 0.524, 0.27165354330708663, 0.534]	[0.1837270341207349, 0.62, 0.1968503937007874, 0.631]	line-line	question-header	-0.021	0.096	-0.0341	0.097	-0.0879	0.107	10
Signature	OTT	[0.2178477690288714, 0.524, 0.27165354330708663, 0.534]	[0.18635170603674542, 0.507, 0.2099737532808399, 0.521]	question-header	question-header	-0.0079	-0.017	-0.0315	-0.013	-0.0853	-0.003	10
Signature		[0.2178477690288714, 0.524, 0.27165354330708663, 0.534]	[0.2388451443569554, 0.55, 0.28608923884514437, 0.561]	question-answer	question-answer	0.0682	0.026	0.021	0.027	-0.0328	0.037	10
		[0.6482939632545932, 0.529, 0.6706036745406824, 0.546]	[0.6692913385826772, 0.529, 0.6929133858267716, 0.544]	word-word	answer-answer	0.0446	0.0	0.021	-0.002	-0.0013	0.015	9
	B	[0.6482939632545932, 0.529, 0.6706036745406824, 0.546]	[0.1837270341207349, 0.62, 0.1968503937007874, 0.631]	no-link	answer-question	0.4869	0.4646	0.4514	-0.091	-0.085	-0.074	9
	&	[0.6482939632545932, 0.529, 0.6706036745406824, 0.546]	[0.19553805774278216, 0.622, 0.2047244094488189, 0.632]	no-link	answer-header	0.4751	0.4528	0.4436	-0.093	-0.086	-0.076	9
	W	[0.6482939632545932, 0.529, 0.6706036745406824, 0.546]	[0.2020997375328084, 0.622, 0.2204724409448819, 0.635]	no-link	answer-header	0.4685	0.4462	0.4278	-0.093	-0.089	-0.076	9
	Date	[0.6482939632545932, 0.529, 0.6706036745406824, 0.546]	[0.6377952755905512, 0.633, 0.6653543307086615, 0.644]	no-link	answer-header	0.0328	0.0105	-0.0171	-0.104	-0.098	-0.087	9
	Signature	[0.6482939632545932, 0.529, 0.6706036745406824, 0.546]	[0.21653543307086615, 0.634, 0.27296587926509186, 0.649]	no-link	answer-question	0.4541	0.4318	0.3753	-0.105	-0.103	-0.088	9
	Department	[0.6482939632545932, 0.529, 0.6706036745406824, 0.546]	[0.44881889763779526, 0.634, 0.5144356955380578, 0.645]	no-link	answer-question	0.2218	0.1995	0.1339	-0.105	-0.099	-0.088	9
		[0.6692913385826772, 0.529, 0.6929133858267716, 0.544]	[0.6929133858267716, 0.529, 0.7125984251968503, 0.544]	word-word	answer-answer	0.0433	0.0	0.0236	0.0	0.0	0.015	9
		[0.6929133858267716, 0.529, 0.7125984251968503, 0.544]	[0.6417322834645669, 0.547, 0.6745406824146981, 0.558]	word-word	answer-answer	-0.0184	0.018	-0.0512	0.014	-0.0709	0.029	9
		[0.49343832020997375, 0.532, 0.5249343832020997, 0.546]	[0.463254593175853, 0.545, 0.5196850393700787, 0.563]	word-word	answer-answer	0.0262	0.013	-0.0302	0.017	-0.0617	0.031	10
		[0.678477690288714, 0.546, 0.7060367454068242, 0.56]	[0.7073490813648294, 0.545, 0.7335958005249343, 0.56]	word-word	answer-answer	0.0551	-0.001	0.0289	0.0	0.0013	0.014	9
		[0.6417322834645669, 0.547, 0.6745406824146981, 0.558]	[0.678477690288714, 0.546, 0.7060367454068242, 0.56]	word-word	answer-answer	0.0643	-0.001	0.0367	0.002	0.0039	0.013	9
		[0.2388451443569554, 0.55, 0.28608923884514437, 0.561]	[0.25065616797900264, 0.531, 0.3425196850393701, 0.556]	word-word	answer-answer	0.1037	-0.019	0.0118	-0.005	-0.0354	0.006	10
B	Signature	[0.1837270341207349, 0.62, 0.1968503937007874, 0.631]	[0.21653543307086615, 0.634, 0.27296587926509186, 0.649]	line-line	header-question	0.0892	0.014	0.0328	0.018	0.0197	0.029	11
B	&	[0.1837270341207349, 0.62, 0.1968503937007874, 0.631]	[0.19553805774278216, 0.622, 0.2047244094488189, 0.632]	no-link	header-header	0.0013	-0.0118	-0.021	-0.002	-0.001	0.009	11
B	W	[0.1837270341207349, 0.62, 0.1968503937007874, 0.631]	[0.2020997375328084, 0.622, 0.2204724409448819, 0.635]	no-link	header-header	-0.0052	-0.0184	-0.0367	-0.002	-0.004	0.009	11
B	Date	[0.1837270341207349, 0.62, 0.1968503937007874, 0.631]	[0.6377952755905512, 0.633, 0.6653543307086615, 0.644]	no-link	header-header	-0.4409	-0.4541	-0.4816	-0.013	-0.013	-0.002	11
B	Department	[0.1837270341207349, 0.62, 0.1968503937007874, 0.631]	[0.44881889763779526, 0.634, 0.5144356955380578, 0.645]	no-link	header-question	-0.252	-0.2651	-0.3307	-0.014	-0.014	-0.003	11
B	&	[0.1837270341207349, 0.62, 0.1968503937007874, 0.631]	[0.19553805774278216, 0.622, 0.2047244094488189, 0.632]	word-word	header-header	0.021	0.002	0.0118	0.001	-0.0013	0.012	11
B	Signature	[0.1837270341207349, 0.62, 0.1968503937007874, 0.631]	[0.21653543307086615, 0.634, 0.27296587926509186, 0.649]	header-question	header-question	0.0892	0.014	0.0328	0.018	0.0197	0.029	11
B	Department	[0.1837270341207349, 0.62, 0.1968503937007874, 0.631]	[0.44881889763779526, 0.634, 0.5144356955380578, 0.645]	header-question	header-question	0.3307	0.014	0.2651	0.014	0.252	0.025	11
B	Date	[0.1837270341207349, 0.62, 0.1968503937007874, 0.631]	[0.6377952755905512, 0.633, 0.6653543307086615, 0.644]	header-question	header-question	0.4816	0.013	0.4541	0.013	0.4409	0.024	11
B	&	[0.1837270341207349, 0.62, 0.1968503937007874, 0.631]	[0.19553805774278216, 0.622, 0.2047244094488189, 0.632]	word-word	header-header	0.021	0.002	0.0118	0.001	-0.0013	0.012	12
&	W	[0.19553805774278216, 0.622, 0.2047244094488189, 0.632]	[0.2020997375328084, 0.622, 0.2204724409448819, 0.635]	word-word	header-header	0.0249	0.0	0.0066	0.003	-0.0026	0.013	11
W	APPROVALS	[0.2020997375328084, 0.622, 0.2204724409448819, 0.635]	[0.2204724409448819, 0.62, 0.2992125984251969, 0.634]	word-word	header-header	0.0971	-0.002	0.0184	-0.001	0.0	0.012	11
W	Date	[0.2020997375328084, 0.622, 0.2204724409448819, 0.635]	[0.6377952755905512, 0.633, 0.6653543307086615, 0.644]	no-link	header-header	-0.4173	-0.4357	-0.4633	-0.011	-0.009	0.002	11
W	Signature	[0.2020997375328084, 0.622, 0.2204724409448819, 0.635]	[0.21653543307086615, 0.634, 0.27296587926509186, 0.649]	no-link	header-question	0.0039	-0.0144	-0.0709	-0.012	-0.014	0.001	11
W	Department	[0.2020997375328084, 0.622, 0.2204724409448819, 0.635]	[0.44881889763779526, 0.634, 0.5144356955380578, 0.645]	no-link	header-question	-0.2283	-0.2467	-0.3123	-0.012	-0.01	0.001	11
&	W	[0.19553805774278216, 0.622, 0.2047244094488189, 0.632]	[0.2020997375328084, 0.622, 0.2204724409448819, 0.635]	word-word	header-header	0.0249	0.0	0.0066	0.003	-0.0026	0.013	12
W	APPROVALS	[0.2020997375328084, 0.622, 0.2204724409448819, 0.635]	[0.2204724409448819, 0.62, 0.2992125984251969, 0.634]	word-word	header-header	0.0971	-0.002	0.0184	-0.001	0.0	0.012	12
Date	B	[0.6377952755905512, 0.633, 0.6653543307086615, 0.644]	[0.1837270341207349, 0.62, 0.1968503937007874, 0.631]	question-header	question-header	-0.4409	-0.013	-0.4541	-0.013	-0.4816	-0.002	12
Signature	Department	[0.21653543307086615, 0.634, 0.27296587926509186, 0.649]	[0.44881889763779526, 0.634, 0.5144356955380578, 0.645]	question-question	question-question	0.2979	0.0	0.2323	-0.004	0.1759	0.011	12
Signature	B	[0.21653543307086615, 0.634, 0.27296587926509186, 0.649]	[0.1837270341207349, 0.62, 0.1968503937007874, 0.631]	question-header	question-header	-0.0197	-0.014	-0.0328	-0.018	-0.0892	-0.003	12
Department	Date	[0.44881889763779526, 0.634, 0.5144356955380578, 0.645]	[0.6377952755905512, 0.633, 0.6653543307086615, 0.644]	question-question	question-question	0.2165	-0.001	0.189	-0.001	0.1234	0.01	12
Department	B	[0.44881889763779526, 0.634, 0.5144356955380578, 0.645]	[0.1837270341207349, 0.62, 0.1968503937007874, 0.631]	question-header	question-header	-0.252	-0.014	-0.2651	-0.014	-0.3307	-0.003	12
