COMPOUND	COMPOUND	[0.4067357512953368, 0.078, 0.5284974093264249, 0.1]	[0.14248704663212436, 0.144, 0.23316062176165803, 0.159]	line-line	header-question	-0.1736	0.066	-0.2642	0.059	-0.386	0.081	0
COMPOUND	Genetic	[0.4067357512953368, 0.078, 0.5284974093264249, 0.1]	[0.6696891191709845, 0.147, 0.7227979274611399, 0.16]	no-link	header-question	-0.1412	-0.263	-0.3161	-0.069	-0.06	-0.047	0
COMPOUND	Assay	[0.4067357512953368, 0.078, 0.5284974093264249, 0.1]	[0.7266839378238342, 0.147, 0.7629533678756477, 0.161]	no-link	header-question	-0.1982	-0.3199	-0.3562	-0.069	-0.061	-0.047	0
COMPOUND	N/	[0.4067357512953368, 0.078, 0.5284974093264249, 0.1]	[0.2422279792746114, 0.175, 0.26424870466321243, 0.188]	no-link	header-answer	0.2863	0.1645	0.1425	-0.097	-0.088	-0.075	0
COMPOUND	Chem	[0.4067357512953368, 0.078, 0.5284974093264249, 0.1]	[0.14248704663212436, 0.176, 0.18652849740932642, 0.19]	no-link	header-question	0.386	0.2642	0.2202	-0.098	-0.09	-0.076	0
COMPOUND	Proprietary	[0.4067357512953368, 0.078, 0.5284974093264249, 0.1]	[0.2927461139896373, 0.203, 0.42357512953367876, 0.217]	no-link	header-answer	0.2358	0.114	-0.0168	-0.125	-0.117	-0.103	0
COMPOUND	Compound	[0.4067357512953368, 0.078, 0.5284974093264249, 0.1]	[0.14248704663212436, 0.204, 0.2189119170984456, 0.221]	no-link	header-question	0.386	0.2642	0.1878	-0.126	-0.121	-0.104	0
COMPOUND	S9	[0.4067357512953368, 0.078, 0.5284974093264249, 0.1]	[0.5686528497409327, 0.263, 0.594559585492228, 0.28]	no-link	header-answer	-0.0402	-0.1619	-0.1878	-0.185	-0.18	-0.163	0
COMPOUND	without	[0.4067357512953368, 0.078, 0.5284974093264249, 0.1]	[0.8523316062176166, 0.263, 0.9378238341968912, 0.277]	no-link	header-answer	-0.3238	-0.4456	-0.5311	-0.185	-0.177	-0.163	0
COMPOUND	Lymph:	[0.4067357512953368, 0.078, 0.5284974093264249, 0.1]	[0.32512953367875647, 0.264, 0.39248704663212436, 0.278]	no-link	header-answer	0.2034	0.0816	0.0142	-0.186	-0.178	-0.164	0
COMPOUND	negative	[0.4067357512953368, 0.078, 0.5284974093264249, 0.1]	[0.405440414507772, 0.264, 0.5, 0.281]	no-link	header-answer	0.1231	0.0013	-0.0933	-0.186	-0.181	-0.164	0
COMPOUND	activation,	[0.4067357512953368, 0.078, 0.5284974093264249, 0.1]	[0.6062176165803109, 0.264, 0.7331606217616581, 0.281]	no-link	header-answer	-0.0777	-0.1995	-0.3264	-0.186	-0.181	-0.164	0
COMPOUND	STRUCTURE	[0.4067357512953368, 0.078, 0.5284974093264249, 0.1]	[0.533678756476684, 0.08, 0.6463730569948186, 0.101]	word-word	header-header	0.2396	0.002	0.1269	0.001	0.0052	0.023	0
COMPOUND	positive	[0.4067357512953368, 0.078, 0.5284974093264249, 0.1]	[0.7474093264248705, 0.264, 0.8419689119170984, 0.282]	no-link	header-answer	-0.2189	-0.3407	-0.4352	-0.186	-0.182	-0.164	0
COMPOUND	Genetic	[0.14248704663212436, 0.144, 0.23316062176165803, 0.159]	[0.6696891191709845, 0.147, 0.7227979274611399, 0.16]	question-question	question-question	0.5803	0.003	0.5272	0.001	0.4365	0.016	1
COMPOUND	M.	[0.14248704663212436, 0.144, 0.23316062176165803, 0.159]	[0.28886010362694303, 0.265, 0.3082901554404145, 0.278]	no-link	question-answer	-0.0557	-0.1464	-0.1658	-0.121	-0.119	-0.106	1
COMPOUND	Chem	[0.14248704663212436, 0.144, 0.23316062176165803, 0.159]	[0.14248704663212436, 0.176, 0.18652849740932642, 0.19]	line-line	question-question	0.044	0.032	0.0	0.031	-0.0907	0.046	1
COMPOUND	with	[0.14248704663212436, 0.144, 0.23316062176165803, 0.159]	[0.5077720207253886, 0.265, 0.5582901554404145, 0.279]	no-link	question-answer	-0.2746	-0.3653	-0.4158	-0.121	-0.12	-0.106	1
COMPOUND	CODE	[0.14248704663212436, 0.144, 0.23316062176165803, 0.159]	[0.23704663212435234, 0.144, 0.2810880829015544, 0.158]	word-word	question-question	0.1386	0.0	0.0946	-0.001	0.0039	0.014	1
COMPOUND	ASSAY	[0.14248704663212436, 0.144, 0.23316062176165803, 0.159]	[0.14248704663212436, 0.271, 0.18911917098445596, 0.284]	no-link	question-question	0.0907	0.0	-0.0466	-0.127	-0.125	-0.112	1
COMPOUND	B83	[0.14248704663212436, 0.144, 0.23316062176165803, 0.159]	[0.2914507772020725, 0.145, 0.3238341968911917, 0.156]	question-answer	question-answer	0.1813	0.001	0.149	-0.003	0.0583	0.012	1
Genetic	Assay	[0.6696891191709845, 0.147, 0.7227979274611399, 0.16]	[0.7266839378238342, 0.147, 0.7629533678756477, 0.161]	word-word	question-question	0.0933	0.0	0.057	0.001	0.0039	0.014	1
Genetic	N/	[0.6696891191709845, 0.147, 0.7227979274611399, 0.16]	[0.2422279792746114, 0.175, 0.26424870466321243, 0.188]	no-link	question-answer	0.4806	0.4275	0.4054	-0.028	-0.028	-0.015	1
Genetic	Chem	[0.6696891191709845, 0.147, 0.7227979274611399, 0.16]	[0.14248704663212436, 0.176, 0.18652849740932642, 0.19]	no-link	question-question	0.5803	0.5272	0.4832	-0.029	-0.03	-0.016	1
Genetic	Proprietary	[0.6696891191709845, 0.147, 0.7227979274611399, 0.16]	[0.2927461139896373, 0.203, 0.42357512953367876, 0.217]	no-link	question-answer	0.4301	0.3769	0.2461	-0.056	-0.057	-0.043	1
Genetic	Compound	[0.6696891191709845, 0.147, 0.7227979274611399, 0.16]	[0.14248704663212436, 0.204, 0.2189119170984456, 0.221]	no-link	question-question	0.5803	0.5272	0.4508	-0.057	-0.061	-0.044	1
Genetic	S9	[0.6696891191709845, 0.147, 0.7227979274611399, 0.16]	[0.5686528497409327, 0.263, 0.594559585492228, 0.28]	no-link	question-answer	0.1541	0.101	0.0751	-0.116	-0.12	-0.103	1
Genetic	without	[0.6696891191709845, 0.147, 0.7227979274611399, 0.16]	[0.8523316062176166, 0.263, 0.9378238341968912, 0.277]	no-link	question-answer	-0.1295	-0.1826	-0.2681	-0.116	-0.117	-0.103	1
Genetic	Lymph:	[0.6696891191709845, 0.147, 0.7227979274611399, 0.16]	[0.32512953367875647, 0.264, 0.39248704663212436, 0.278]	no-link	question-answer	0.3977	0.3446	0.2772	-0.117	-0.118	-0.104	1
Genetic	negative	[0.6696891191709845, 0.147, 0.7227979274611399, 0.16]	[0.405440414507772, 0.264, 0.5, 0.281]	no-link	question-answer	0.3174	0.2642	0.1697	-0.117	-0.121	-0.104	1
Genetic	activation,	[0.6696891191709845, 0.147, 0.7227979274611399, 0.16]	[0.6062176165803109, 0.264, 0.7331606217616581, 0.281]	no-link	question-answer	0.1166	0.0635	-0.0635	-0.117	-0.121	-0.104	1
Genetic	positive	[0.6696891191709845, 0.147, 0.7227979274611399, 0.16]	[0.7474093264248705, 0.264, 0.8419689119170984, 0.282]	no-link	question-answer	-0.0246	-0.0777	-0.1723	-0.117	-0.122	-0.104	1
Genetic	M.	[0.6696891191709845, 0.147, 0.7227979274611399, 0.16]	[0.28886010362694303, 0.265, 0.3082901554404145, 0.278]	no-link	question-answer	0.4339	0.3808	0.3614	-0.118	-0.118	-0.105	1
Genetic	with	[0.6696891191709845, 0.147, 0.7227979274611399, 0.16]	[0.5077720207253886, 0.265, 0.5582901554404145, 0.279]	no-link	question-answer	0.215	0.1619	0.1114	-0.118	-0.119	-0.105	1
Genetic	ASSAY	[0.6696891191709845, 0.147, 0.7227979274611399, 0.16]	[0.14248704663212436, 0.271, 0.18911917098445596, 0.284]	no-link	question-question	0.5803	0.5272	0.4806	-0.124	-0.124	-0.111	1
Assay	No.	[0.7266839378238342, 0.147, 0.7629533678756477, 0.161]	[0.7668393782383419, 0.147, 0.7940414507772021, 0.16]	word-word	question-question	0.0674	0.0	0.0402	-0.001	0.0039	0.013	1
Assay	N/	[0.7266839378238342, 0.147, 0.7629533678756477, 0.161]	[0.2422279792746114, 0.175, 0.26424870466321243, 0.188]	no-link	question-answer	0.5207	0.4845	0.4624	-0.028	-0.027	-0.014	1
Assay	Chem	[0.7266839378238342, 0.147, 0.7629533678756477, 0.161]	[0.14248704663212436, 0.176, 0.18652849740932642, 0.19]	no-link	question-question	0.6205	0.5842	0.5402	-0.029	-0.029	-0.015	1
Assay	Proprietary	[0.7266839378238342, 0.147, 0.7629533678756477, 0.161]	[0.2927461139896373, 0.203, 0.42357512953367876, 0.217]	no-link	question-answer	0.4702	0.4339	0.3031	-0.056	-0.056	-0.042	1
Assay	Compound	[0.7266839378238342, 0.147, 0.7629533678756477, 0.161]	[0.14248704663212436, 0.204, 0.2189119170984456, 0.221]	no-link	question-question	0.6205	0.5842	0.5078	-0.057	-0.06	-0.043	1
Assay	S9	[0.7266839378238342, 0.147, 0.7629533678756477, 0.161]	[0.5686528497409327, 0.263, 0.594559585492228, 0.28]	no-link	question-answer	0.1943	0.158	0.1321	-0.116	-0.119	-0.102	1
Assay	without	[0.7266839378238342, 0.147, 0.7629533678756477, 0.161]	[0.8523316062176166, 0.263, 0.9378238341968912, 0.277]	no-link	question-answer	-0.0894	-0.1256	-0.2111	-0.116	-0.116	-0.102	1
Assay	Lymph:	[0.7266839378238342, 0.147, 0.7629533678756477, 0.161]	[0.32512953367875647, 0.264, 0.39248704663212436, 0.278]	no-link	question-answer	0.4378	0.4016	0.3342	-0.117	-0.117	-0.103	1
Assay	negative	[0.7266839378238342, 0.147, 0.7629533678756477, 0.161]	[0.405440414507772, 0.264, 0.5, 0.281]	no-link	question-answer	0.3575	0.3212	0.2267	-0.117	-0.12	-0.103	1
Assay	activation,	[0.7266839378238342, 0.147, 0.7629533678756477, 0.161]	[0.6062176165803109, 0.264, 0.7331606217616581, 0.281]	no-link	question-answer	0.1567	0.1205	-0.0065	-0.117	-0.12	-0.103	1
Assay	positive	[0.7266839378238342, 0.147, 0.7629533678756477, 0.161]	[0.7474093264248705, 0.264, 0.8419689119170984, 0.282]	no-link	question-answer	0.0155	-0.0207	-0.1153	-0.117	-0.121	-0.103	1
Assay	M.	[0.7266839378238342, 0.147, 0.7629533678756477, 0.161]	[0.28886010362694303, 0.265, 0.3082901554404145, 0.278]	no-link	question-answer	0.4741	0.4378	0.4184	-0.118	-0.117	-0.104	1
Assay	with	[0.7266839378238342, 0.147, 0.7629533678756477, 0.161]	[0.5077720207253886, 0.265, 0.5582901554404145, 0.279]	no-link	question-answer	0.2552	0.2189	0.1684	-0.118	-0.118	-0.104	1
Assay	ASSAY	[0.7266839378238342, 0.147, 0.7629533678756477, 0.161]	[0.14248704663212436, 0.271, 0.18911917098445596, 0.284]	no-link	question-question	0.6205	0.5842	0.5376	-0.124	-0.123	-0.11	1
Assay	border-	[0.7266839378238342, 0.147, 0.7629533678756477, 0.161]	[0.8769430051813472, 0.291, 0.9585492227979274, 0.309]	no-link	question-answer	-0.114	-0.1503	-0.2319	-0.144	-0.148	-0.13	1
Genetic	6692	[0.6696891191709845, 0.147, 0.7227979274611399, 0.16]	[0.8069948186528497, 0.145, 0.8523316062176166, 0.158]	question-answer	question-answer	0.1826	-0.002	0.1373	-0.002	0.0842	0.011	1
Genetic	border-	[0.6696891191709845, 0.147, 0.7227979274611399, 0.16]	[0.8769430051813472, 0.291, 0.9585492227979274, 0.309]	no-link	question-answer	-0.1541	-0.2073	-0.2889	-0.144	-0.149	-0.131	1
N/	A	[0.2422279792746114, 0.175, 0.26424870466321243, 0.188]	[0.2655440414507772, 0.175, 0.2759067357512953, 0.186]	word-word	answer-answer	0.0337	0.0	0.0233	-0.002	0.0013	0.011	2
N/	Chem	[0.2422279792746114, 0.175, 0.26424870466321243, 0.188]	[0.14248704663212436, 0.176, 0.18652849740932642, 0.19]	no-link	answer-question	0.1218	0.0997	0.0557	-0.001	-0.002	0.012	2
N/	Proprietary	[0.2422279792746114, 0.175, 0.26424870466321243, 0.188]	[0.2927461139896373, 0.203, 0.42357512953367876, 0.217]	no-link	answer-answer	-0.0285	-0.0505	-0.1813	-0.028	-0.029	-0.015	2
N/	Compound	[0.2422279792746114, 0.175, 0.26424870466321243, 0.188]	[0.14248704663212436, 0.204, 0.2189119170984456, 0.221]	no-link	answer-question	0.1218	0.0997	0.0233	-0.029	-0.033	-0.016	2
N/	S9	[0.2422279792746114, 0.175, 0.26424870466321243, 0.188]	[0.5686528497409327, 0.263, 0.594559585492228, 0.28]	no-link	answer-answer	-0.3044	-0.3264	-0.3523	-0.088	-0.092	-0.075	2
N/	without	[0.2422279792746114, 0.175, 0.26424870466321243, 0.188]	[0.8523316062176166, 0.263, 0.9378238341968912, 0.277]	no-link	answer-answer	-0.5881	-0.6101	-0.6956	-0.088	-0.089	-0.075	2
N/	Lymph:	[0.2422279792746114, 0.175, 0.26424870466321243, 0.188]	[0.32512953367875647, 0.264, 0.39248704663212436, 0.278]	no-link	answer-answer	-0.0609	-0.0829	-0.1503	-0.089	-0.09	-0.076	2
N/	negative	[0.2422279792746114, 0.175, 0.26424870466321243, 0.188]	[0.405440414507772, 0.264, 0.5, 0.281]	no-link	answer-answer	-0.1412	-0.1632	-0.2578	-0.089	-0.093	-0.076	2
N/	activation,	[0.2422279792746114, 0.175, 0.26424870466321243, 0.188]	[0.6062176165803109, 0.264, 0.7331606217616581, 0.281]	no-link	answer-answer	-0.342	-0.364	-0.4909	-0.089	-0.093	-0.076	2
N/	positive	[0.2422279792746114, 0.175, 0.26424870466321243, 0.188]	[0.7474093264248705, 0.264, 0.8419689119170984, 0.282]	no-link	answer-answer	-0.4832	-0.5052	-0.5997	-0.089	-0.094	-0.076	2
N/	M.	[0.2422279792746114, 0.175, 0.26424870466321243, 0.188]	[0.28886010362694303, 0.265, 0.3082901554404145, 0.278]	no-link	answer-answer	-0.0246	-0.0466	-0.0661	-0.09	-0.09	-0.077	2
N/	with	[0.2422279792746114, 0.175, 0.26424870466321243, 0.188]	[0.5077720207253886, 0.265, 0.5582901554404145, 0.279]	no-link	answer-answer	-0.2435	-0.2655	-0.3161	-0.09	-0.091	-0.077	2
N/	ASSAY	[0.2422279792746114, 0.175, 0.26424870466321243, 0.188]	[0.14248704663212436, 0.271, 0.18911917098445596, 0.284]	no-link	answer-question	0.1218	0.0997	0.0531	-0.096	-0.096	-0.083	2
N/	border-	[0.2422279792746114, 0.175, 0.26424870466321243, 0.188]	[0.8769430051813472, 0.291, 0.9585492227979274, 0.309]	no-link	answer-answer	-0.6127	-0.6347	-0.7163	-0.116	-0.121	-0.103	2
Chem	Compound	[0.14248704663212436, 0.176, 0.18652849740932642, 0.19]	[0.14248704663212436, 0.204, 0.2189119170984456, 0.221]	line-line	question-question	0.0764	0.028	0.0	0.031	-0.044	0.045	2
Chem	Proprietary	[0.14248704663212436, 0.176, 0.18652849740932642, 0.19]	[0.2927461139896373, 0.203, 0.42357512953367876, 0.217]	no-link	question-answer	-0.1062	-0.1503	-0.2811	-0.027	-0.027	-0.013	2
Chem	S9	[0.14248704663212436, 0.176, 0.18652849740932642, 0.19]	[0.5686528497409327, 0.263, 0.594559585492228, 0.28]	no-link	question-answer	-0.3821	-0.4262	-0.4521	-0.087	-0.09	-0.073	2
Chem	without	[0.14248704663212436, 0.176, 0.18652849740932642, 0.19]	[0.8523316062176166, 0.263, 0.9378238341968912, 0.277]	no-link	question-answer	-0.6658	-0.7098	-0.7953	-0.087	-0.087	-0.073	2
Chem	Lymph:	[0.14248704663212436, 0.176, 0.18652849740932642, 0.19]	[0.32512953367875647, 0.264, 0.39248704663212436, 0.278]	no-link	question-answer	-0.1386	-0.1826	-0.25	-0.088	-0.088	-0.074	2
Chem	negative	[0.14248704663212436, 0.176, 0.18652849740932642, 0.19]	[0.405440414507772, 0.264, 0.5, 0.281]	no-link	question-answer	-0.2189	-0.263	-0.3575	-0.088	-0.091	-0.074	2
Chem	activation,	[0.14248704663212436, 0.176, 0.18652849740932642, 0.19]	[0.6062176165803109, 0.264, 0.7331606217616581, 0.281]	no-link	question-answer	-0.4197	-0.4637	-0.5907	-0.088	-0.091	-0.074	2
Chem	positive	[0.14248704663212436, 0.176, 0.18652849740932642, 0.19]	[0.7474093264248705, 0.264, 0.8419689119170984, 0.282]	no-link	question-answer	-0.5609	-0.6049	-0.6995	-0.088	-0.092	-0.074	2
Chem	M.	[0.14248704663212436, 0.176, 0.18652849740932642, 0.19]	[0.28886010362694303, 0.265, 0.3082901554404145, 0.278]	no-link	question-answer	-0.1023	-0.1464	-0.1658	-0.089	-0.088	-0.075	2
Chem	with	[0.14248704663212436, 0.176, 0.18652849740932642, 0.19]	[0.5077720207253886, 0.265, 0.5582901554404145, 0.279]	no-link	question-answer	-0.3212	-0.3653	-0.4158	-0.089	-0.089	-0.075	2
Chem	ASSAY	[0.14248704663212436, 0.176, 0.18652849740932642, 0.19]	[0.14248704663212436, 0.271, 0.18911917098445596, 0.284]	no-link	question-question	0.044	0.0	-0.0466	-0.095	-0.094	-0.081	2
Chem	border-	[0.14248704663212436, 0.176, 0.18652849740932642, 0.19]	[0.8769430051813472, 0.291, 0.9585492227979274, 0.309]	no-link	question-answer	-0.6904	-0.7345	-0.8161	-0.115	-0.119	-0.101	2
Chem	activation;	[0.14248704663212436, 0.176, 0.18652849740932642, 0.19]	[0.2772020725388601, 0.295, 0.40414507772020725, 0.31]	no-link	question-answer	-0.0907	-0.1347	-0.2617	-0.119	-0.12	-0.105	2
Chem	Abstr#	[0.14248704663212436, 0.176, 0.18652849740932642, 0.19]	[0.1878238341968912, 0.176, 0.23704663212435234, 0.189]	word-word	question-question	0.0946	0.0	0.0453	-0.001	0.0013	0.013	2
Chem	Rerun:	[0.14248704663212436, 0.176, 0.18652849740932642, 0.19]	[0.4183937823834197, 0.295, 0.48575129533678757, 0.308]	no-link	question-answer	-0.2319	-0.2759	-0.3433	-0.119	-0.118	-0.105	2
Chem	N/	[0.14248704663212436, 0.176, 0.18652849740932642, 0.19]	[0.2422279792746114, 0.175, 0.26424870466321243, 0.188]	question-answer	question-answer	0.1218	-0.001	0.0997	-0.002	0.0557	0.012	2
Proprietary	Mixture	[0.2927461139896373, 0.203, 0.42357512953367876, 0.217]	[0.4339378238341969, 0.2, 0.5168393782383419, 0.217]	word-word	answer-answer	0.2241	-0.003	0.1412	0.0	0.0104	0.014	3
Proprietary	Compound	[0.2927461139896373, 0.203, 0.42357512953367876, 0.217]	[0.14248704663212436, 0.204, 0.2189119170984456, 0.221]	no-link	answer-question	0.2811	0.1503	0.0738	-0.001	-0.004	0.013	3
Proprietary	S9	[0.2927461139896373, 0.203, 0.42357512953367876, 0.217]	[0.5686528497409327, 0.263, 0.594559585492228, 0.28]	no-link	answer-answer	-0.1451	-0.2759	-0.3018	-0.06	-0.063	-0.046	3
Proprietary	without	[0.2927461139896373, 0.203, 0.42357512953367876, 0.217]	[0.8523316062176166, 0.263, 0.9378238341968912, 0.277]	no-link	answer-answer	-0.4288	-0.5596	-0.6451	-0.06	-0.06	-0.046	3
Proprietary	Lymph:	[0.2927461139896373, 0.203, 0.42357512953367876, 0.217]	[0.32512953367875647, 0.264, 0.39248704663212436, 0.278]	no-link	answer-answer	0.0984	-0.0324	-0.0997	-0.061	-0.061	-0.047	3
Proprietary	negative	[0.2927461139896373, 0.203, 0.42357512953367876, 0.217]	[0.405440414507772, 0.264, 0.5, 0.281]	no-link	answer-answer	0.0181	-0.1127	-0.2073	-0.061	-0.064	-0.047	3
Proprietary	activation,	[0.2927461139896373, 0.203, 0.42357512953367876, 0.217]	[0.6062176165803109, 0.264, 0.7331606217616581, 0.281]	no-link	answer-answer	-0.1826	-0.3135	-0.4404	-0.061	-0.064	-0.047	3
Proprietary	positive	[0.2927461139896373, 0.203, 0.42357512953367876, 0.217]	[0.7474093264248705, 0.264, 0.8419689119170984, 0.282]	no-link	answer-answer	-0.3238	-0.4547	-0.5492	-0.061	-0.065	-0.047	3
Proprietary	M.	[0.2927461139896373, 0.203, 0.42357512953367876, 0.217]	[0.28886010362694303, 0.265, 0.3082901554404145, 0.278]	no-link	answer-answer	0.1347	0.0039	-0.0155	-0.062	-0.061	-0.048	3
Proprietary	with	[0.2927461139896373, 0.203, 0.42357512953367876, 0.217]	[0.5077720207253886, 0.265, 0.5582901554404145, 0.279]	no-link	answer-answer	-0.0842	-0.215	-0.2655	-0.062	-0.062	-0.048	3
Proprietary	ASSAY	[0.2927461139896373, 0.203, 0.42357512953367876, 0.217]	[0.14248704663212436, 0.271, 0.18911917098445596, 0.284]	no-link	answer-question	0.2811	0.1503	0.1036	-0.068	-0.067	-0.054	3
Proprietary	border-	[0.2927461139896373, 0.203, 0.42357512953367876, 0.217]	[0.8769430051813472, 0.291, 0.9585492227979274, 0.309]	no-link	answer-answer	-0.4534	-0.5842	-0.6658	-0.088	-0.092	-0.074	3
Proprietary	activation;	[0.2927461139896373, 0.203, 0.42357512953367876, 0.217]	[0.2772020725388601, 0.295, 0.40414507772020725, 0.31]	no-link	answer-answer	0.1464	0.0155	-0.1114	-0.092	-0.093	-0.078	3
Proprietary	Rerun:	[0.2927461139896373, 0.203, 0.42357512953367876, 0.217]	[0.4183937823834197, 0.295, 0.48575129533678757, 0.308]	no-link	answer-answer	0.0052	-0.1256	-0.193	-0.092	-0.091	-0.078	3
Compound	ASSAY	[0.14248704663212436, 0.204, 0.2189119170984456, 0.221]	[0.14248704663212436, 0.271, 0.18911917098445596, 0.284]	line-line	question-question	0.0466	0.067	0.0	0.063	-0.0764	0.08	3
Compound	S9	[0.14248704663212436, 0.204, 0.2189119170984456, 0.221]	[0.5686528497409327, 0.263, 0.594559585492228, 0.28]	no-link	question-answer	-0.3497	-0.4262	-0.4521	-0.059	-0.059	-0.042	3
Compound	without	[0.14248704663212436, 0.204, 0.2189119170984456, 0.221]	[0.8523316062176166, 0.263, 0.9378238341968912, 0.277]	no-link	question-answer	-0.6334	-0.7098	-0.7953	-0.059	-0.056	-0.042	3
Compound	Lymph:	[0.14248704663212436, 0.204, 0.2189119170984456, 0.221]	[0.32512953367875647, 0.264, 0.39248704663212436, 0.278]	no-link	question-answer	-0.1062	-0.1826	-0.25	-0.06	-0.057	-0.043	3
Compound	negative	[0.14248704663212436, 0.204, 0.2189119170984456, 0.221]	[0.405440414507772, 0.264, 0.5, 0.281]	no-link	question-answer	-0.1865	-0.263	-0.3575	-0.06	-0.06	-0.043	3
Compound	activation,	[0.14248704663212436, 0.204, 0.2189119170984456, 0.221]	[0.6062176165803109, 0.264, 0.7331606217616581, 0.281]	no-link	question-answer	-0.3873	-0.4637	-0.5907	-0.06	-0.06	-0.043	3
Compound	positive	[0.14248704663212436, 0.204, 0.2189119170984456, 0.221]	[0.7474093264248705, 0.264, 0.8419689119170984, 0.282]	no-link	question-answer	-0.5285	-0.6049	-0.6995	-0.06	-0.061	-0.043	3
Compound	M.	[0.14248704663212436, 0.204, 0.2189119170984456, 0.221]	[0.28886010362694303, 0.265, 0.3082901554404145, 0.278]	no-link	question-answer	-0.0699	-0.1464	-0.1658	-0.061	-0.057	-0.044	3
Compound	with	[0.14248704663212436, 0.204, 0.2189119170984456, 0.221]	[0.5077720207253886, 0.265, 0.5582901554404145, 0.279]	no-link	question-answer	-0.2889	-0.3653	-0.4158	-0.061	-0.058	-0.044	3
Compound	border-	[0.14248704663212436, 0.204, 0.2189119170984456, 0.221]	[0.8769430051813472, 0.291, 0.9585492227979274, 0.309]	no-link	question-answer	-0.658	-0.7345	-0.8161	-0.087	-0.088	-0.07	3
Compound	activation;	[0.14248704663212436, 0.204, 0.2189119170984456, 0.221]	[0.2772020725388601, 0.295, 0.40414507772020725, 0.31]	no-link	question-answer	-0.0583	-0.1347	-0.2617	-0.091	-0.089	-0.074	3
Compound	Rerun:	[0.14248704663212436, 0.204, 0.2189119170984456, 0.221]	[0.4183937823834197, 0.295, 0.48575129533678757, 0.308]	no-link	question-answer	-0.1995	-0.2759	-0.3433	-0.091	-0.087	-0.074	3
Compound	Name	[0.14248704663212436, 0.204, 0.2189119170984456, 0.221]	[0.22927461139896374, 0.205, 0.2707253886010363, 0.219]	word-word	question-question	0.1282	0.001	0.0868	-0.002	0.0104	0.015	3
Compound	Proprietary	[0.14248704663212436, 0.204, 0.2189119170984456, 0.221]	[0.2927461139896373, 0.203, 0.42357512953367876, 0.217]	question-answer	question-answer	0.2811	-0.001	0.1503	-0.004	0.0738	0.013	3
Compound	activation	[0.14248704663212436, 0.204, 0.2189119170984456, 0.221]	[0.49740932642487046, 0.323, 0.6152849740932642, 0.34]	no-link	question-answer	-0.2785	-0.3549	-0.4728	-0.119	-0.119	-0.102	3
S9	activation,	[0.5686528497409327, 0.263, 0.594559585492228, 0.28]	[0.6062176165803109, 0.264, 0.7331606217616581, 0.281]	word-word	answer-answer	0.1645	0.001	0.0376	0.001	0.0117	0.018	4
S9	Lymph:	[0.5686528497409327, 0.263, 0.594559585492228, 0.28]	[0.32512953367875647, 0.264, 0.39248704663212436, 0.278]	no-link	answer-answer	0.2694	0.2435	0.1762	-0.001	0.002	0.016	4
S9	negative	[0.5686528497409327, 0.263, 0.594559585492228, 0.28]	[0.405440414507772, 0.264, 0.5, 0.281]	no-link	answer-answer	0.1891	0.1632	0.0687	-0.001	-0.001	0.016	4
S9	positive	[0.5686528497409327, 0.263, 0.594559585492228, 0.28]	[0.7474093264248705, 0.264, 0.8419689119170984, 0.282]	no-link	answer-answer	-0.1528	-0.1788	-0.2733	-0.001	-0.002	0.016	4
S9	M.	[0.5686528497409327, 0.263, 0.594559585492228, 0.28]	[0.28886010362694303, 0.265, 0.3082901554404145, 0.278]	no-link	answer-answer	0.3057	0.2798	0.2604	-0.002	0.002	0.015	4
S9	with	[0.5686528497409327, 0.263, 0.594559585492228, 0.28]	[0.5077720207253886, 0.265, 0.5582901554404145, 0.279]	no-link	answer-answer	0.0868	0.0609	0.0104	-0.002	0.001	0.015	4
S9	ASSAY	[0.5686528497409327, 0.263, 0.594559585492228, 0.28]	[0.14248704663212436, 0.271, 0.18911917098445596, 0.284]	no-link	answer-question	0.4521	0.4262	0.3795	-0.008	-0.004	0.009	4
S9	border-	[0.5686528497409327, 0.263, 0.594559585492228, 0.28]	[0.8769430051813472, 0.291, 0.9585492227979274, 0.309]	no-link	answer-answer	-0.2824	-0.3083	-0.3899	-0.028	-0.029	-0.011	4
S9	without	[0.5686528497409327, 0.263, 0.594559585492228, 0.28]	[0.6036269430051814, 0.293, 0.689119170984456, 0.308]	no-link	answer-answer	-0.0091	-0.035	-0.1205	-0.03	-0.028	-0.013	4
S9	activation;	[0.5686528497409327, 0.263, 0.594559585492228, 0.28]	[0.2772020725388601, 0.295, 0.40414507772020725, 0.31]	no-link	answer-answer	0.3174	0.2915	0.1645	-0.032	-0.03	-0.015	4
S9	Rerun:	[0.5686528497409327, 0.263, 0.594559585492228, 0.28]	[0.4183937823834197, 0.295, 0.48575129533678757, 0.308]	no-link	answer-answer	0.1762	0.1503	0.0829	-0.032	-0.028	-0.015	4
S9	activation	[0.5686528497409327, 0.263, 0.594559585492228, 0.28]	[0.49740932642487046, 0.323, 0.6152849740932642, 0.34]	no-link	answer-answer	0.0972	0.0712	-0.0466	-0.06	-0.06	-0.043	4
S9	-Technical	[0.5686528497409327, 0.263, 0.594559585492228, 0.28]	[0.6282383419689119, 0.323, 0.7461139896373057, 0.34]	no-link	answer-answer	-0.0337	-0.0596	-0.1775	-0.06	-0.06	-0.043	4
without	S9	[0.8523316062176166, 0.263, 0.9378238341968912, 0.277]	[0.24093264248704663, 0.295, 0.26424870466321243, 0.308]	word-word	answer-answer	-0.5881	0.032	-0.6114	0.031	-0.6969	0.045	4
without	negative	[0.8523316062176166, 0.263, 0.9378238341968912, 0.277]	[0.405440414507772, 0.264, 0.5, 0.281]	no-link	answer-answer	0.5324	0.4469	0.3523	-0.001	-0.004	0.013	4
without	activation,	[0.8523316062176166, 0.263, 0.9378238341968912, 0.277]	[0.6062176165803109, 0.264, 0.7331606217616581, 0.281]	no-link	answer-answer	0.3316	0.2461	0.1192	-0.001	-0.004	0.013	4
without	positive	[0.8523316062176166, 0.263, 0.9378238341968912, 0.277]	[0.7474093264248705, 0.264, 0.8419689119170984, 0.282]	no-link	answer-answer	0.1904	0.1049	0.0104	-0.001	-0.005	0.013	4
without	M.	[0.8523316062176166, 0.263, 0.9378238341968912, 0.277]	[0.28886010362694303, 0.265, 0.3082901554404145, 0.278]	no-link	answer-answer	0.649	0.5635	0.544	-0.002	-0.001	0.012	4
without	with	[0.8523316062176166, 0.263, 0.9378238341968912, 0.277]	[0.5077720207253886, 0.265, 0.5582901554404145, 0.279]	no-link	answer-answer	0.4301	0.3446	0.294	-0.002	-0.002	0.012	4
without	ASSAY	[0.8523316062176166, 0.263, 0.9378238341968912, 0.277]	[0.14248704663212436, 0.271, 0.18911917098445596, 0.284]	no-link	answer-question	0.7953	0.7098	0.6632	-0.008	-0.007	0.006	4
without	border-	[0.8523316062176166, 0.263, 0.9378238341968912, 0.277]	[0.8769430051813472, 0.291, 0.9585492227979274, 0.309]	no-link	answer-answer	0.0609	-0.0246	-0.1062	-0.028	-0.032	-0.014	4
without	activation;	[0.8523316062176166, 0.263, 0.9378238341968912, 0.277]	[0.2772020725388601, 0.295, 0.40414507772020725, 0.31]	no-link	answer-answer	0.6606	0.5751	0.4482	-0.032	-0.033	-0.018	4
without	Rerun:	[0.8523316062176166, 0.263, 0.9378238341968912, 0.277]	[0.4183937823834197, 0.295, 0.48575129533678757, 0.308]	no-link	answer-answer	0.5194	0.4339	0.3666	-0.032	-0.031	-0.018	4
without	activation	[0.8523316062176166, 0.263, 0.9378238341968912, 0.277]	[0.49740932642487046, 0.323, 0.6152849740932642, 0.34]	no-link	answer-answer	0.4404	0.3549	0.237	-0.06	-0.063	-0.046	4
without	-Technical	[0.8523316062176166, 0.263, 0.9378238341968912, 0.277]	[0.6282383419689119, 0.323, 0.7461139896373057, 0.34]	no-link	answer-answer	0.3096	0.2241	0.1062	-0.06	-0.063	-0.046	4
without	problems	[0.8523316062176166, 0.263, 0.9378238341968912, 0.277]	[0.7603626943005182, 0.323, 0.8523316062176166, 0.341]	no-link	answer-answer	0.1775	0.092	0.0	-0.06	-0.064	-0.046	4
Lymph:	negative	[0.32512953367875647, 0.264, 0.39248704663212436, 0.278]	[0.405440414507772, 0.264, 0.5, 0.281]	word-word	answer-answer	0.1749	0.0	0.0803	0.003	0.013	0.017	4
Lymph:	activation,	[0.32512953367875647, 0.264, 0.39248704663212436, 0.278]	[0.6062176165803109, 0.264, 0.7331606217616581, 0.281]	no-link	answer-answer	-0.2137	-0.2811	-0.408	0.0	-0.003	0.014	4
Lymph:	positive	[0.32512953367875647, 0.264, 0.39248704663212436, 0.278]	[0.7474093264248705, 0.264, 0.8419689119170984, 0.282]	no-link	answer-answer	-0.3549	-0.4223	-0.5168	0.0	-0.004	0.014	4
Lymph:	M.	[0.32512953367875647, 0.264, 0.39248704663212436, 0.278]	[0.28886010362694303, 0.265, 0.3082901554404145, 0.278]	no-link	answer-answer	0.1036	0.0363	0.0168	-0.001	0.0	0.013	4
Lymph:	with	[0.32512953367875647, 0.264, 0.39248704663212436, 0.278]	[0.5077720207253886, 0.265, 0.5582901554404145, 0.279]	no-link	answer-answer	-0.1153	-0.1826	-0.2332	-0.001	-0.001	0.013	4
Lymph:	ASSAY	[0.32512953367875647, 0.264, 0.39248704663212436, 0.278]	[0.14248704663212436, 0.271, 0.18911917098445596, 0.284]	no-link	answer-question	0.25	0.1826	0.136	-0.007	-0.006	0.007	4
Lymph:	border-	[0.32512953367875647, 0.264, 0.39248704663212436, 0.278]	[0.8769430051813472, 0.291, 0.9585492227979274, 0.309]	no-link	answer-answer	-0.4845	-0.5518	-0.6334	-0.027	-0.031	-0.013	4
Lymph:	without	[0.32512953367875647, 0.264, 0.39248704663212436, 0.278]	[0.6036269430051814, 0.293, 0.689119170984456, 0.308]	no-link	answer-answer	-0.2111	-0.2785	-0.364	-0.029	-0.03	-0.015	4
Lymph:	S9	[0.32512953367875647, 0.264, 0.39248704663212436, 0.278]	[0.24093264248704663, 0.295, 0.26424870466321243, 0.308]	no-link	answer-answer	0.1516	0.0842	0.0609	-0.031	-0.03	-0.017	4
Lymph:	activation;	[0.32512953367875647, 0.264, 0.39248704663212436, 0.278]	[0.2772020725388601, 0.295, 0.40414507772020725, 0.31]	no-link	answer-answer	0.1153	0.0479	-0.079	-0.031	-0.032	-0.017	4
Lymph:	Rerun:	[0.32512953367875647, 0.264, 0.39248704663212436, 0.278]	[0.4183937823834197, 0.295, 0.48575129533678757, 0.308]	no-link	answer-answer	-0.0259	-0.0933	-0.1606	-0.031	-0.03	-0.017	4
Lymph:	activation	[0.32512953367875647, 0.264, 0.39248704663212436, 0.278]	[0.49740932642487046, 0.323, 0.6152849740932642, 0.34]	no-link	answer-answer	-0.1049	-0.1723	-0.2902	-0.059	-0.062	-0.045	4
Lymph:	-Technical	[0.32512953367875647, 0.264, 0.39248704663212436, 0.278]	[0.6282383419689119, 0.323, 0.7461139896373057, 0.34]	no-link	answer-answer	-0.2358	-0.3031	-0.421	-0.059	-0.062	-0.045	4
Lymph:	problems	[0.32512953367875647, 0.264, 0.39248704663212436, 0.278]	[0.7603626943005182, 0.323, 0.8523316062176166, 0.341]	no-link	answer-answer	-0.3679	-0.4352	-0.5272	-0.059	-0.063	-0.045	4
Lymph:	line	[0.32512953367875647, 0.264, 0.39248704663212436, 0.278]	[0.24093264248704663, 0.324, 0.2862694300518135, 0.337]	no-link	answer-answer	0.1516	0.0842	0.0389	-0.06	-0.059	-0.046	4
negative	with	[0.405440414507772, 0.264, 0.5, 0.281]	[0.5077720207253886, 0.265, 0.5582901554404145, 0.279]	word-word	answer-answer	0.1528	0.001	0.1023	-0.002	0.0078	0.015	4
negative	positive	[0.405440414507772, 0.264, 0.5, 0.281]	[0.7474093264248705, 0.264, 0.8419689119170984, 0.282]	no-link	answer-answer	-0.2474	-0.342	-0.4365	0.0	-0.001	0.017	4
negative	M.	[0.405440414507772, 0.264, 0.5, 0.281]	[0.28886010362694303, 0.265, 0.3082901554404145, 0.278]	no-link	answer-answer	0.2111	0.1166	0.0972	-0.001	0.003	0.016	4
negative	ASSAY	[0.405440414507772, 0.264, 0.5, 0.281]	[0.14248704663212436, 0.271, 0.18911917098445596, 0.284]	no-link	answer-question	0.3575	0.263	0.2163	-0.007	-0.003	0.01	4
negative	border-	[0.405440414507772, 0.264, 0.5, 0.281]	[0.8769430051813472, 0.291, 0.9585492227979274, 0.309]	no-link	answer-answer	-0.3769	-0.4715	-0.5531	-0.027	-0.028	-0.01	4
negative	without	[0.405440414507772, 0.264, 0.5, 0.281]	[0.6036269430051814, 0.293, 0.689119170984456, 0.308]	no-link	answer-answer	-0.1036	-0.1982	-0.2837	-0.029	-0.027	-0.012	4
negative	S9	[0.405440414507772, 0.264, 0.5, 0.281]	[0.24093264248704663, 0.295, 0.26424870466321243, 0.308]	no-link	answer-answer	0.2591	0.1645	0.1412	-0.031	-0.027	-0.014	4
negative	activation;	[0.405440414507772, 0.264, 0.5, 0.281]	[0.2772020725388601, 0.295, 0.40414507772020725, 0.31]	no-link	answer-answer	0.2228	0.1282	0.0013	-0.031	-0.029	-0.014	4
negative	Rerun:	[0.405440414507772, 0.264, 0.5, 0.281]	[0.4183937823834197, 0.295, 0.48575129533678757, 0.308]	no-link	answer-answer	0.0816	-0.013	-0.0803	-0.031	-0.027	-0.014	4
negative	activation,	[0.405440414507772, 0.264, 0.5, 0.281]	[0.7344559585492227, 0.295, 0.8626943005181347, 0.309]	no-link	answer-answer	-0.2345	-0.329	-0.4573	-0.031	-0.028	-0.014	4
negative	activation	[0.405440414507772, 0.264, 0.5, 0.281]	[0.49740932642487046, 0.323, 0.6152849740932642, 0.34]	no-link	answer-answer	0.0026	-0.092	-0.2098	-0.059	-0.059	-0.042	4
negative	-Technical	[0.405440414507772, 0.264, 0.5, 0.281]	[0.6282383419689119, 0.323, 0.7461139896373057, 0.34]	no-link	answer-answer	-0.1282	-0.2228	-0.3407	-0.059	-0.059	-0.042	4
negative	problems	[0.405440414507772, 0.264, 0.5, 0.281]	[0.7603626943005182, 0.323, 0.8523316062176166, 0.341]	no-link	answer-answer	-0.2604	-0.3549	-0.4469	-0.059	-0.06	-0.042	4
negative	line	[0.405440414507772, 0.264, 0.5, 0.281]	[0.24093264248704663, 0.324, 0.2862694300518135, 0.337]	no-link	answer-answer	0.2591	0.1645	0.1192	-0.06	-0.056	-0.043	4
activation,	positive	[0.6062176165803109, 0.264, 0.7331606217616581, 0.281]	[0.7474093264248705, 0.264, 0.8419689119170984, 0.282]	word-word	answer-answer	0.2358	0.0	0.1412	0.001	0.0142	0.018	4
activation,	M.	[0.6062176165803109, 0.264, 0.7331606217616581, 0.281]	[0.28886010362694303, 0.265, 0.3082901554404145, 0.278]	no-link	answer-answer	0.4443	0.3174	0.2979	-0.001	0.003	0.016	4
activation,	with	[0.6062176165803109, 0.264, 0.7331606217616581, 0.281]	[0.5077720207253886, 0.265, 0.5582901554404145, 0.279]	no-link	answer-answer	0.2254	0.0984	0.0479	-0.001	0.002	0.016	4
activation,	ASSAY	[0.6062176165803109, 0.264, 0.7331606217616581, 0.281]	[0.14248704663212436, 0.271, 0.18911917098445596, 0.284]	no-link	answer-question	0.5907	0.4637	0.4171	-0.007	-0.003	0.01	4
activation,	border-	[0.6062176165803109, 0.264, 0.7331606217616581, 0.281]	[0.8769430051813472, 0.291, 0.9585492227979274, 0.309]	no-link	answer-answer	-0.1438	-0.2707	-0.3523	-0.027	-0.028	-0.01	4
activation,	without	[0.6062176165803109, 0.264, 0.7331606217616581, 0.281]	[0.6036269430051814, 0.293, 0.689119170984456, 0.308]	no-link	answer-answer	0.1295	0.0026	-0.0829	-0.029	-0.027	-0.012	4
activation,	S9	[0.6062176165803109, 0.264, 0.7331606217616581, 0.281]	[0.24093264248704663, 0.295, 0.26424870466321243, 0.308]	no-link	answer-answer	0.4922	0.3653	0.342	-0.031	-0.027	-0.014	4
activation,	activation;	[0.6062176165803109, 0.264, 0.7331606217616581, 0.281]	[0.2772020725388601, 0.295, 0.40414507772020725, 0.31]	no-link	answer-answer	0.456	0.329	0.2021	-0.031	-0.029	-0.014	4
activation,	Rerun:	[0.6062176165803109, 0.264, 0.7331606217616581, 0.281]	[0.4183937823834197, 0.295, 0.48575129533678757, 0.308]	no-link	answer-answer	0.3148	0.1878	0.1205	-0.031	-0.027	-0.014	4
activation,	negative	[0.6062176165803109, 0.264, 0.7331606217616581, 0.281]	[0.49740932642487046, 0.295, 0.5932642487046632, 0.31]	no-link	answer-answer	0.2358	0.1088	0.013	-0.031	-0.029	-0.014	4
activation,	activation	[0.6062176165803109, 0.264, 0.7331606217616581, 0.281]	[0.49740932642487046, 0.323, 0.6152849740932642, 0.34]	no-link	answer-answer	0.2358	0.1088	-0.0091	-0.059	-0.059	-0.042	4
activation,	-Technical	[0.6062176165803109, 0.264, 0.7331606217616581, 0.281]	[0.6282383419689119, 0.323, 0.7461139896373057, 0.34]	no-link	answer-answer	0.1049	-0.022	-0.1399	-0.059	-0.059	-0.042	4
activation,	problems	[0.6062176165803109, 0.264, 0.7331606217616581, 0.281]	[0.7603626943005182, 0.323, 0.8523316062176166, 0.341]	no-link	answer-answer	-0.0272	-0.1541	-0.2461	-0.059	-0.06	-0.042	4
activation,	line	[0.6062176165803109, 0.264, 0.7331606217616581, 0.281]	[0.24093264248704663, 0.324, 0.2862694300518135, 0.337]	no-link	answer-answer	0.4922	0.3653	0.3199	-0.06	-0.056	-0.043	4
positive	without	[0.7474093264248705, 0.264, 0.8419689119170984, 0.282]	[0.8523316062176166, 0.263, 0.9378238341968912, 0.277]	word-word	answer-answer	0.1904	-0.001	0.1049	-0.005	0.0104	0.013	4
positive	with	[0.7474093264248705, 0.264, 0.8419689119170984, 0.282]	[0.5077720207253886, 0.265, 0.5582901554404145, 0.279]	no-link	answer-answer	0.3342	0.2396	0.1891	-0.001	0.003	0.017	4
positive	ASSAY	[0.7474093264248705, 0.264, 0.8419689119170984, 0.282]	[0.14248704663212436, 0.271, 0.18911917098445596, 0.284]	no-link	answer-question	0.6995	0.6049	0.5583	-0.007	-0.002	0.011	4
positive	border-	[0.7474093264248705, 0.264, 0.8419689119170984, 0.282]	[0.8769430051813472, 0.291, 0.9585492227979274, 0.309]	no-link	answer-answer	-0.035	-0.1295	-0.2111	-0.027	-0.027	-0.009	4
positive	S9	[0.7474093264248705, 0.264, 0.8419689119170984, 0.282]	[0.24093264248704663, 0.295, 0.26424870466321243, 0.308]	no-link	answer-answer	0.601	0.5065	0.4832	-0.031	-0.026	-0.013	4
positive	activation;	[0.7474093264248705, 0.264, 0.8419689119170984, 0.282]	[0.2772020725388601, 0.295, 0.40414507772020725, 0.31]	no-link	answer-answer	0.5648	0.4702	0.3433	-0.031	-0.028	-0.013	4
positive	Rerun:	[0.7474093264248705, 0.264, 0.8419689119170984, 0.282]	[0.4183937823834197, 0.295, 0.48575129533678757, 0.308]	no-link	answer-answer	0.4236	0.329	0.2617	-0.031	-0.026	-0.013	4
positive	negative	[0.7474093264248705, 0.264, 0.8419689119170984, 0.282]	[0.49740932642487046, 0.295, 0.5932642487046632, 0.31]	no-link	answer-answer	0.3446	0.25	0.1541	-0.031	-0.028	-0.013	4
positive	activation,	[0.7474093264248705, 0.264, 0.8419689119170984, 0.282]	[0.7344559585492227, 0.295, 0.8626943005181347, 0.309]	no-link	answer-answer	0.1075	0.013	-0.1153	-0.031	-0.027	-0.013	4
positive	activation	[0.7474093264248705, 0.264, 0.8419689119170984, 0.282]	[0.49740932642487046, 0.323, 0.6152849740932642, 0.34]	no-link	answer-answer	0.3446	0.25	0.1321	-0.059	-0.058	-0.041	4
positive	-Technical	[0.7474093264248705, 0.264, 0.8419689119170984, 0.282]	[0.6282383419689119, 0.323, 0.7461139896373057, 0.34]	no-link	answer-answer	0.2137	0.1192	0.0013	-0.059	-0.058	-0.041	4
positive	problems	[0.7474093264248705, 0.264, 0.8419689119170984, 0.282]	[0.7603626943005182, 0.323, 0.8523316062176166, 0.341]	no-link	answer-answer	0.0816	-0.013	-0.1049	-0.059	-0.059	-0.041	4
positive	line	[0.7474093264248705, 0.264, 0.8419689119170984, 0.282]	[0.24093264248704663, 0.324, 0.2862694300518135, 0.337]	no-link	answer-answer	0.601	0.5065	0.4611	-0.06	-0.055	-0.042	4
M.	Lymph:	[0.28886010362694303, 0.265, 0.3082901554404145, 0.278]	[0.32512953367875647, 0.264, 0.39248704663212436, 0.278]	word-word	answer-answer	0.1036	-0.001	0.0363	0.0	0.0168	0.013	4
M.	ASSAY	[0.28886010362694303, 0.265, 0.3082901554404145, 0.278]	[0.14248704663212436, 0.271, 0.18911917098445596, 0.284]	no-link	answer-question	0.1658	0.1464	0.0997	-0.006	-0.006	0.007	4
M.	border-	[0.28886010362694303, 0.265, 0.3082901554404145, 0.278]	[0.8769430051813472, 0.291, 0.9585492227979274, 0.309]	no-link	answer-answer	-0.5687	-0.5881	-0.6697	-0.026	-0.031	-0.013	4
M.	without	[0.28886010362694303, 0.265, 0.3082901554404145, 0.278]	[0.6036269430051814, 0.293, 0.689119170984456, 0.308]	no-link	answer-answer	-0.2953	-0.3148	-0.4003	-0.028	-0.03	-0.015	4
M.	S9	[0.28886010362694303, 0.265, 0.3082901554404145, 0.278]	[0.24093264248704663, 0.295, 0.26424870466321243, 0.308]	no-link	answer-answer	0.0674	0.0479	0.0246	-0.03	-0.03	-0.017	4
M.	activation;	[0.28886010362694303, 0.265, 0.3082901554404145, 0.278]	[0.2772020725388601, 0.295, 0.40414507772020725, 0.31]	no-link	answer-answer	0.0311	0.0117	-0.1153	-0.03	-0.032	-0.017	4
M.	Rerun:	[0.28886010362694303, 0.265, 0.3082901554404145, 0.278]	[0.4183937823834197, 0.295, 0.48575129533678757, 0.308]	no-link	answer-answer	-0.1101	-0.1295	-0.1969	-0.03	-0.03	-0.017	4
M.	negative	[0.28886010362694303, 0.265, 0.3082901554404145, 0.278]	[0.49740932642487046, 0.295, 0.5932642487046632, 0.31]	no-link	answer-answer	-0.1891	-0.2085	-0.3044	-0.03	-0.032	-0.017	4
M.	activation,	[0.28886010362694303, 0.265, 0.3082901554404145, 0.278]	[0.7344559585492227, 0.295, 0.8626943005181347, 0.309]	no-link	answer-answer	-0.4262	-0.4456	-0.5738	-0.03	-0.031	-0.017	4
M.	with	[0.28886010362694303, 0.265, 0.3082901554404145, 0.278]	[0.8626943005181347, 0.32, 0.9119170984455959, 0.338]	no-link	answer-answer	-0.5544	-0.5738	-0.6231	-0.055	-0.06	-0.042	4
M.	activation	[0.28886010362694303, 0.265, 0.3082901554404145, 0.278]	[0.49740932642487046, 0.323, 0.6152849740932642, 0.34]	no-link	answer-answer	-0.1891	-0.2085	-0.3264	-0.058	-0.062	-0.045	4
M.	-Technical	[0.28886010362694303, 0.265, 0.3082901554404145, 0.278]	[0.6282383419689119, 0.323, 0.7461139896373057, 0.34]	no-link	answer-answer	-0.3199	-0.3394	-0.4573	-0.058	-0.062	-0.045	4
M.	problems	[0.28886010362694303, 0.265, 0.3082901554404145, 0.278]	[0.7603626943005182, 0.323, 0.8523316062176166, 0.341]	no-link	answer-answer	-0.4521	-0.4715	-0.5635	-0.058	-0.063	-0.045	4
M.	line	[0.28886010362694303, 0.265, 0.3082901554404145, 0.278]	[0.24093264248704663, 0.324, 0.2862694300518135, 0.337]	no-link	answer-answer	0.0674	0.0479	0.0026	-0.059	-0.059	-0.046	4
M.	positive	[0.28886010362694303, 0.265, 0.3082901554404145, 0.278]	[0.3005181347150259, 0.324, 0.39248704663212436, 0.337]	no-link	answer-answer	0.0078	-0.0117	-0.1036	-0.059	-0.059	-0.046	4
M.	5.	[0.28886010362694303, 0.265, 0.3082901554404145, 0.278]	[0.3225388601036269, 0.486, 0.344559585492228, 0.503]	no-link	answer-answer	-0.0142	-0.0337	-0.0557	-0.221	-0.225	-0.208	4
with	S9	[0.5077720207253886, 0.265, 0.5582901554404145, 0.279]	[0.5686528497409327, 0.263, 0.594559585492228, 0.28]	word-word	answer-answer	0.0868	-0.002	0.0609	0.001	0.0104	0.015	4
with	ASSAY	[0.5077720207253886, 0.265, 0.5582901554404145, 0.279]	[0.14248704663212436, 0.271, 0.18911917098445596, 0.284]	no-link	answer-question	0.4158	0.3653	0.3187	-0.006	-0.005	0.008	4
with	border-	[0.5077720207253886, 0.265, 0.5582901554404145, 0.279]	[0.8769430051813472, 0.291, 0.9585492227979274, 0.309]	no-link	answer-answer	-0.3187	-0.3692	-0.4508	-0.026	-0.03	-0.012	4
with	without	[0.5077720207253886, 0.265, 0.5582901554404145, 0.279]	[0.6036269430051814, 0.293, 0.689119170984456, 0.308]	no-link	answer-answer	-0.0453	-0.0959	-0.1813	-0.028	-0.029	-0.014	4
with	activation;	[0.5077720207253886, 0.265, 0.5582901554404145, 0.279]	[0.2772020725388601, 0.295, 0.40414507772020725, 0.31]	no-link	answer-answer	0.2811	0.2306	0.1036	-0.03	-0.031	-0.016	4
with	Rerun:	[0.5077720207253886, 0.265, 0.5582901554404145, 0.279]	[0.4183937823834197, 0.295, 0.48575129533678757, 0.308]	no-link	answer-answer	0.1399	0.0894	0.022	-0.03	-0.029	-0.016	4
with	negative	[0.5077720207253886, 0.265, 0.5582901554404145, 0.279]	[0.49740932642487046, 0.295, 0.5932642487046632, 0.31]	no-link	answer-answer	0.0609	0.0104	-0.0855	-0.03	-0.031	-0.016	4
with	activation,	[0.5077720207253886, 0.265, 0.5582901554404145, 0.279]	[0.7344559585492227, 0.295, 0.8626943005181347, 0.309]	no-link	answer-answer	-0.1762	-0.2267	-0.3549	-0.03	-0.03	-0.016	4
with	activation	[0.5077720207253886, 0.265, 0.5582901554404145, 0.279]	[0.49740932642487046, 0.323, 0.6152849740932642, 0.34]	no-link	answer-answer	0.0609	0.0104	-0.1075	-0.058	-0.061	-0.044	4
with	-Technical	[0.5077720207253886, 0.265, 0.5582901554404145, 0.279]	[0.6282383419689119, 0.323, 0.7461139896373057, 0.34]	no-link	answer-answer	-0.0699	-0.1205	-0.2383	-0.058	-0.061	-0.044	4
with	problems	[0.5077720207253886, 0.265, 0.5582901554404145, 0.279]	[0.7603626943005182, 0.323, 0.8523316062176166, 0.341]	no-link	answer-answer	-0.2021	-0.2526	-0.3446	-0.058	-0.062	-0.044	4
with	line	[0.5077720207253886, 0.265, 0.5582901554404145, 0.279]	[0.24093264248704663, 0.324, 0.2862694300518135, 0.337]	no-link	answer-answer	0.3174	0.2668	0.2215	-0.059	-0.058	-0.045	4
with	positive	[0.5077720207253886, 0.265, 0.5582901554404145, 0.279]	[0.3005181347150259, 0.324, 0.39248704663212436, 0.337]	no-link	answer-answer	0.2578	0.2073	0.1153	-0.059	-0.058	-0.045	4
with	5.	[0.5077720207253886, 0.265, 0.5582901554404145, 0.279]	[0.3225388601036269, 0.486, 0.344559585492228, 0.503]	no-link	answer-answer	0.2358	0.1852	0.1632	-0.221	-0.224	-0.207	4
with	(CALCULATED	[0.5077720207253886, 0.265, 0.5582901554404145, 0.279]	[0.16321243523316062, 0.49, 0.26295336787564766, 0.505]	no-link	answer-question	0.3951	0.3446	0.2448	-0.225	-0.226	-0.211	4
ASSAY	PH	[0.14248704663212436, 0.271, 0.18911917098445596, 0.284]	[0.13601036269430053, 0.493, 0.15932642487046633, 0.507]	line-line	question-question	0.0168	0.222	-0.0065	0.223	-0.0531	0.236	4
ASSAY	border-	[0.14248704663212436, 0.271, 0.18911917098445596, 0.284]	[0.8769430051813472, 0.291, 0.9585492227979274, 0.309]	no-link	question-answer	-0.6878	-0.7345	-0.8161	-0.02	-0.025	-0.007	4
ASSAY	without	[0.14248704663212436, 0.271, 0.18911917098445596, 0.284]	[0.6036269430051814, 0.293, 0.689119170984456, 0.308]	no-link	question-answer	-0.4145	-0.4611	-0.5466	-0.022	-0.024	-0.009	4
ASSAY	S9	[0.14248704663212436, 0.271, 0.18911917098445596, 0.284]	[0.24093264248704663, 0.295, 0.26424870466321243, 0.308]	no-link	question-answer	-0.0518	-0.0984	-0.1218	-0.024	-0.024	-0.011	4
ASSAY	activation;	[0.14248704663212436, 0.271, 0.18911917098445596, 0.284]	[0.2772020725388601, 0.295, 0.40414507772020725, 0.31]	no-link	question-answer	-0.0881	-0.1347	-0.2617	-0.024	-0.026	-0.011	4
ASSAY	Rerun:	[0.14248704663212436, 0.271, 0.18911917098445596, 0.284]	[0.4183937823834197, 0.295, 0.48575129533678757, 0.308]	no-link	question-answer	-0.2293	-0.2759	-0.3433	-0.024	-0.024	-0.011	4
ASSAY	negative	[0.14248704663212436, 0.271, 0.18911917098445596, 0.284]	[0.49740932642487046, 0.295, 0.5932642487046632, 0.31]	no-link	question-answer	-0.3083	-0.3549	-0.4508	-0.024	-0.026	-0.011	4
ASSAY	activation,	[0.14248704663212436, 0.271, 0.18911917098445596, 0.284]	[0.7344559585492227, 0.295, 0.8626943005181347, 0.309]	no-link	question-answer	-0.5453	-0.592	-0.7202	-0.024	-0.025	-0.011	4
ASSAY	with	[0.14248704663212436, 0.271, 0.18911917098445596, 0.284]	[0.8626943005181347, 0.32, 0.9119170984455959, 0.338]	no-link	question-answer	-0.6736	-0.7202	-0.7694	-0.049	-0.054	-0.036	4
ASSAY	activation	[0.14248704663212436, 0.271, 0.18911917098445596, 0.284]	[0.49740932642487046, 0.323, 0.6152849740932642, 0.34]	no-link	question-answer	-0.3083	-0.3549	-0.4728	-0.052	-0.056	-0.039	4
ASSAY	-Technical	[0.14248704663212436, 0.271, 0.18911917098445596, 0.284]	[0.6282383419689119, 0.323, 0.7461139896373057, 0.34]	no-link	question-answer	-0.4391	-0.4858	-0.6036	-0.052	-0.056	-0.039	4
ASSAY	problems	[0.14248704663212436, 0.271, 0.18911917098445596, 0.284]	[0.7603626943005182, 0.323, 0.8523316062176166, 0.341]	no-link	question-answer	-0.5712	-0.6179	-0.7098	-0.052	-0.057	-0.039	4
ASSAY	line	[0.14248704663212436, 0.271, 0.18911917098445596, 0.284]	[0.24093264248704663, 0.324, 0.2862694300518135, 0.337]	no-link	question-answer	-0.0518	-0.0984	-0.1438	-0.053	-0.053	-0.04	4
ASSAY	positive	[0.14248704663212436, 0.271, 0.18911917098445596, 0.284]	[0.3005181347150259, 0.324, 0.39248704663212436, 0.337]	no-link	question-answer	-0.1114	-0.158	-0.25	-0.053	-0.053	-0.04	4
ASSAY	5.	[0.14248704663212436, 0.271, 0.18911917098445596, 0.284]	[0.3225388601036269, 0.486, 0.344559585492228, 0.503]	no-link	question-answer	-0.1334	-0.1801	-0.2021	-0.215	-0.219	-0.202	4
ASSAY	(CALCULATED	[0.14248704663212436, 0.271, 0.18911917098445596, 0.284]	[0.16321243523316062, 0.49, 0.26295336787564766, 0.505]	no-link	question-question	0.0259	-0.0207	-0.1205	-0.219	-0.221	-0.206	4
ASSAY	RESULT	[0.14248704663212436, 0.271, 0.18911917098445596, 0.284]	[0.19300518134715025, 0.271, 0.24611398963730569, 0.285]	word-word	question-question	0.1036	0.0	0.0505	0.001	0.0039	0.014	4
ASSAY	M.	[0.14248704663212436, 0.271, 0.18911917098445596, 0.284]	[0.28886010362694303, 0.265, 0.3082901554404145, 0.278]	question-answer	question-answer	0.1658	-0.006	0.1464	-0.006	0.0997	0.007	4
border-	line	[0.8769430051813472, 0.291, 0.9585492227979274, 0.309]	[0.24093264248704663, 0.324, 0.2862694300518135, 0.337]	word-word	answer-answer	-0.5907	0.033	-0.636	0.028	-0.7176	0.046	4
border-	S9	[0.8769430051813472, 0.291, 0.9585492227979274, 0.309]	[0.24093264248704663, 0.295, 0.26424870466321243, 0.308]	no-link	answer-answer	0.7176	0.636	0.6127	-0.004	0.001	0.014	4
border-	activation;	[0.8769430051813472, 0.291, 0.9585492227979274, 0.309]	[0.2772020725388601, 0.295, 0.40414507772020725, 0.31]	no-link	answer-answer	0.6813	0.5997	0.4728	-0.004	-0.001	0.014	4
border-	Rerun:	[0.8769430051813472, 0.291, 0.9585492227979274, 0.309]	[0.4183937823834197, 0.295, 0.48575129533678757, 0.308]	no-link	answer-answer	0.5402	0.4585	0.3912	-0.004	0.001	0.014	4
border-	negative	[0.8769430051813472, 0.291, 0.9585492227979274, 0.309]	[0.49740932642487046, 0.295, 0.5932642487046632, 0.31]	no-link	answer-answer	0.4611	0.3795	0.2837	-0.004	-0.001	0.014	4
border-	activation,	[0.8769430051813472, 0.291, 0.9585492227979274, 0.309]	[0.7344559585492227, 0.295, 0.8626943005181347, 0.309]	no-link	answer-answer	0.2241	0.1425	0.0142	-0.004	0.0	0.014	4
border-	with	[0.8769430051813472, 0.291, 0.9585492227979274, 0.309]	[0.8626943005181347, 0.32, 0.9119170984455959, 0.338]	no-link	answer-answer	0.0959	0.0142	-0.035	-0.029	-0.029	-0.011	4
border-	activation	[0.8769430051813472, 0.291, 0.9585492227979274, 0.309]	[0.49740932642487046, 0.323, 0.6152849740932642, 0.34]	no-link	answer-answer	0.4611	0.3795	0.2617	-0.032	-0.031	-0.014	4
border-	-Technical	[0.8769430051813472, 0.291, 0.9585492227979274, 0.309]	[0.6282383419689119, 0.323, 0.7461139896373057, 0.34]	no-link	answer-answer	0.3303	0.2487	0.1308	-0.032	-0.031	-0.014	4
border-	problems	[0.8769430051813472, 0.291, 0.9585492227979274, 0.309]	[0.7603626943005182, 0.323, 0.8523316062176166, 0.341]	no-link	answer-answer	0.1982	0.1166	0.0246	-0.032	-0.032	-0.014	4
border-	positive	[0.8769430051813472, 0.291, 0.9585492227979274, 0.309]	[0.3005181347150259, 0.324, 0.39248704663212436, 0.337]	no-link	answer-answer	0.658	0.5764	0.4845	-0.033	-0.028	-0.015	4
border-	5.	[0.8769430051813472, 0.291, 0.9585492227979274, 0.309]	[0.3225388601036269, 0.486, 0.344559585492228, 0.503]	no-link	answer-answer	0.636	0.5544	0.5324	-0.195	-0.194	-0.177	4
border-	(CALCULATED	[0.8769430051813472, 0.291, 0.9585492227979274, 0.309]	[0.16321243523316062, 0.49, 0.26295336787564766, 0.505]	no-link	answer-question	0.7953	0.7137	0.614	-0.199	-0.196	-0.181	4
border-	PH	[0.8769430051813472, 0.291, 0.9585492227979274, 0.309]	[0.13601036269430053, 0.493, 0.15932642487046633, 0.507]	no-link	answer-question	0.8225	0.7409	0.7176	-0.202	-0.198	-0.184	4
border-	Yellow	[0.8769430051813472, 0.291, 0.9585492227979274, 0.309]	[0.31994818652849744, 0.546, 0.39378238341968913, 0.559]	no-link	answer-answer	0.6386	0.557	0.4832	-0.255	-0.25	-0.237	4
without	S9	[0.6036269430051814, 0.293, 0.689119170984456, 0.308]	[0.7007772020725389, 0.295, 0.7240932642487047, 0.308]	word-word	answer-answer	0.1205	0.002	0.0972	0.0	0.0117	0.015	4
without	line	[0.6036269430051814, 0.293, 0.689119170984456, 0.308]	[0.24093264248704663, 0.324, 0.2862694300518135, 0.337]	no-link	answer-answer	0.4482	0.3627	0.3174	-0.031	-0.029	-0.016	4
without	5.	[0.6036269430051814, 0.293, 0.689119170984456, 0.308]	[0.3225388601036269, 0.486, 0.344559585492228, 0.503]	no-link	answer-answer	0.3666	0.2811	0.2591	-0.193	-0.195	-0.178	4
without	(CALCULATED	[0.6036269430051814, 0.293, 0.689119170984456, 0.308]	[0.16321243523316062, 0.49, 0.26295336787564766, 0.505]	no-link	answer-question	0.5259	0.4404	0.3407	-0.197	-0.197	-0.182	4
without	PH	[0.6036269430051814, 0.293, 0.689119170984456, 0.308]	[0.13601036269430053, 0.493, 0.15932642487046633, 0.507]	no-link	answer-question	0.5531	0.4676	0.4443	-0.2	-0.199	-0.185	4
without	Yellow	[0.6036269430051814, 0.293, 0.689119170984456, 0.308]	[0.31994818652849744, 0.546, 0.39378238341968913, 0.559]	no-link	answer-answer	0.3692	0.2837	0.2098	-0.253	-0.251	-0.238	4
without	PHYSICAL	[0.6036269430051814, 0.293, 0.689119170984456, 0.308]	[0.133419689119171, 0.547, 0.20725388601036268, 0.564]	no-link	answer-question	0.5557	0.4702	0.3964	-0.254	-0.256	-0.239	4
S9	activation;	[0.24093264248704663, 0.295, 0.26424870466321243, 0.308]	[0.2772020725388601, 0.295, 0.40414507772020725, 0.31]	word-word	answer-answer	0.1632	0.0	0.0363	0.002	0.013	0.015	4
S9	problems	[0.24093264248704663, 0.295, 0.26424870466321243, 0.308]	[0.7603626943005182, 0.323, 0.8523316062176166, 0.341]	no-link	answer-answer	-0.4961	-0.5194	-0.6114	-0.028	-0.033	-0.015	4
S9	line	[0.24093264248704663, 0.295, 0.26424870466321243, 0.308]	[0.24093264248704663, 0.324, 0.2862694300518135, 0.337]	no-link	answer-answer	0.0233	0.0	-0.0453	-0.029	-0.029	-0.016	4
S9	5.	[0.24093264248704663, 0.295, 0.26424870466321243, 0.308]	[0.3225388601036269, 0.486, 0.344559585492228, 0.503]	no-link	answer-answer	-0.0583	-0.0816	-0.1036	-0.191	-0.195	-0.178	4
S9	(CALCULATED	[0.24093264248704663, 0.295, 0.26424870466321243, 0.308]	[0.16321243523316062, 0.49, 0.26295336787564766, 0.505]	no-link	answer-question	0.101	0.0777	-0.022	-0.195	-0.197	-0.182	4
S9	PH	[0.24093264248704663, 0.295, 0.26424870466321243, 0.308]	[0.13601036269430053, 0.493, 0.15932642487046633, 0.507]	no-link	answer-question	0.1282	0.1049	0.0816	-0.198	-0.199	-0.185	4
S9	Yellow	[0.24093264248704663, 0.295, 0.26424870466321243, 0.308]	[0.31994818652849744, 0.546, 0.39378238341968913, 0.559]	no-link	answer-answer	-0.0557	-0.079	-0.1528	-0.251	-0.251	-0.238	4
S9	PHYSICAL	[0.24093264248704663, 0.295, 0.26424870466321243, 0.308]	[0.133419689119171, 0.547, 0.20725388601036268, 0.564]	no-link	answer-question	0.1308	0.1075	0.0337	-0.252	-0.256	-0.239	4
activation;	Rerun:	[0.2772020725388601, 0.295, 0.40414507772020725, 0.31]	[0.4183937823834197, 0.295, 0.48575129533678757, 0.308]	word-word	answer-answer	0.2085	0.0	0.1412	-0.002	0.0142	0.013	4
activation;	negative	[0.2772020725388601, 0.295, 0.40414507772020725, 0.31]	[0.49740932642487046, 0.295, 0.5932642487046632, 0.31]	no-link	answer-answer	-0.0933	-0.2202	-0.3161	0.0	0.0	0.015	4
activation;	S9	[0.2772020725388601, 0.295, 0.40414507772020725, 0.31]	[0.7007772020725389, 0.295, 0.7240932642487047, 0.308]	no-link	answer-answer	-0.2966	-0.4236	-0.4469	0.0	0.002	0.015	4
activation;	activation,	[0.2772020725388601, 0.295, 0.40414507772020725, 0.31]	[0.7344559585492227, 0.295, 0.8626943005181347, 0.309]	no-link	answer-answer	-0.3303	-0.4573	-0.5855	0.0	0.001	0.015	4
activation;	with	[0.2772020725388601, 0.295, 0.40414507772020725, 0.31]	[0.8626943005181347, 0.32, 0.9119170984455959, 0.338]	no-link	answer-answer	-0.4585	-0.5855	-0.6347	-0.025	-0.028	-0.01	4
activation;	activation	[0.2772020725388601, 0.295, 0.40414507772020725, 0.31]	[0.49740932642487046, 0.323, 0.6152849740932642, 0.34]	no-link	answer-answer	-0.0933	-0.2202	-0.3381	-0.028	-0.03	-0.013	4
activation;	-Technical	[0.2772020725388601, 0.295, 0.40414507772020725, 0.31]	[0.6282383419689119, 0.323, 0.7461139896373057, 0.34]	no-link	answer-answer	-0.2241	-0.351	-0.4689	-0.028	-0.03	-0.013	4
activation;	problems	[0.2772020725388601, 0.295, 0.40414507772020725, 0.31]	[0.7603626943005182, 0.323, 0.8523316062176166, 0.341]	no-link	answer-answer	-0.3562	-0.4832	-0.5751	-0.028	-0.031	-0.013	4
activation;	line	[0.2772020725388601, 0.295, 0.40414507772020725, 0.31]	[0.24093264248704663, 0.324, 0.2862694300518135, 0.337]	no-link	answer-answer	0.1632	0.0363	-0.0091	-0.029	-0.027	-0.014	4
activation;	positive	[0.2772020725388601, 0.295, 0.40414507772020725, 0.31]	[0.3005181347150259, 0.324, 0.39248704663212436, 0.337]	no-link	answer-answer	0.1036	-0.0233	-0.1153	-0.029	-0.027	-0.014	4
activation;	5.	[0.2772020725388601, 0.295, 0.40414507772020725, 0.31]	[0.3225388601036269, 0.486, 0.344559585492228, 0.503]	no-link	answer-answer	0.0816	-0.0453	-0.0674	-0.191	-0.193	-0.176	4
activation;	(CALCULATED	[0.2772020725388601, 0.295, 0.40414507772020725, 0.31]	[0.16321243523316062, 0.49, 0.26295336787564766, 0.505]	no-link	answer-question	0.2409	0.114	0.0142	-0.195	-0.195	-0.18	4
activation;	PH	[0.2772020725388601, 0.295, 0.40414507772020725, 0.31]	[0.13601036269430053, 0.493, 0.15932642487046633, 0.507]	no-link	answer-question	0.2681	0.1412	0.1179	-0.198	-0.197	-0.183	4
activation;	Yellow	[0.2772020725388601, 0.295, 0.40414507772020725, 0.31]	[0.31994818652849744, 0.546, 0.39378238341968913, 0.559]	no-link	answer-answer	0.0842	-0.0427	-0.1166	-0.251	-0.249	-0.236	4
activation;	PHYSICAL	[0.2772020725388601, 0.295, 0.40414507772020725, 0.31]	[0.133419689119171, 0.547, 0.20725388601036268, 0.564]	no-link	answer-question	0.2707	0.1438	0.0699	-0.252	-0.254	-0.237	4
Rerun:	negative	[0.4183937823834197, 0.295, 0.48575129533678757, 0.308]	[0.49740932642487046, 0.295, 0.5932642487046632, 0.31]	word-word	answer-answer	0.1749	0.0	0.079	0.002	0.0117	0.015	4
Rerun:	S9	[0.4183937823834197, 0.295, 0.48575129533678757, 0.308]	[0.7007772020725389, 0.295, 0.7240932642487047, 0.308]	no-link	answer-answer	-0.215	-0.2824	-0.3057	0.0	0.0	0.013	4
Rerun:	activation,	[0.4183937823834197, 0.295, 0.48575129533678757, 0.308]	[0.7344559585492227, 0.295, 0.8626943005181347, 0.309]	no-link	answer-answer	-0.2487	-0.3161	-0.4443	0.0	-0.001	0.013	4
Rerun:	with	[0.4183937823834197, 0.295, 0.48575129533678757, 0.308]	[0.8626943005181347, 0.32, 0.9119170984455959, 0.338]	no-link	answer-answer	-0.3769	-0.4443	-0.4935	-0.025	-0.03	-0.012	4
Rerun:	activation	[0.4183937823834197, 0.295, 0.48575129533678757, 0.308]	[0.49740932642487046, 0.323, 0.6152849740932642, 0.34]	no-link	answer-answer	-0.0117	-0.079	-0.1969	-0.028	-0.032	-0.015	4
Rerun:	-Technical	[0.4183937823834197, 0.295, 0.48575129533678757, 0.308]	[0.6282383419689119, 0.323, 0.7461139896373057, 0.34]	no-link	answer-answer	-0.1425	-0.2098	-0.3277	-0.028	-0.032	-0.015	4
Rerun:	problems	[0.4183937823834197, 0.295, 0.48575129533678757, 0.308]	[0.7603626943005182, 0.323, 0.8523316062176166, 0.341]	no-link	answer-answer	-0.2746	-0.342	-0.4339	-0.028	-0.033	-0.015	4
Rerun:	line	[0.4183937823834197, 0.295, 0.48575129533678757, 0.308]	[0.24093264248704663, 0.324, 0.2862694300518135, 0.337]	no-link	answer-answer	0.2448	0.1775	0.1321	-0.029	-0.029	-0.016	4
Rerun:	positive	[0.4183937823834197, 0.295, 0.48575129533678757, 0.308]	[0.3005181347150259, 0.324, 0.39248704663212436, 0.337]	no-link	answer-answer	0.1852	0.1179	0.0259	-0.029	-0.029	-0.016	4
Rerun:	5.	[0.4183937823834197, 0.295, 0.48575129533678757, 0.308]	[0.3225388601036269, 0.486, 0.344559585492228, 0.503]	no-link	answer-answer	0.1632	0.0959	0.0738	-0.191	-0.195	-0.178	4
Rerun:	(CALCULATED	[0.4183937823834197, 0.295, 0.48575129533678757, 0.308]	[0.16321243523316062, 0.49, 0.26295336787564766, 0.505]	no-link	answer-question	0.3225	0.2552	0.1554	-0.195	-0.197	-0.182	4
Rerun:	PH	[0.4183937823834197, 0.295, 0.48575129533678757, 0.308]	[0.13601036269430053, 0.493, 0.15932642487046633, 0.507]	no-link	answer-question	0.3497	0.2824	0.2591	-0.198	-0.199	-0.185	4
Rerun:	Yellow	[0.4183937823834197, 0.295, 0.48575129533678757, 0.308]	[0.31994818652849744, 0.546, 0.39378238341968913, 0.559]	no-link	answer-answer	0.1658	0.0984	0.0246	-0.251	-0.251	-0.238	4
Rerun:	PHYSICAL	[0.4183937823834197, 0.295, 0.48575129533678757, 0.308]	[0.133419689119171, 0.547, 0.20725388601036268, 0.564]	no-link	answer-question	0.3523	0.285	0.2111	-0.252	-0.256	-0.239	4
Rerun:	N/	[0.4183937823834197, 0.295, 0.48575129533678757, 0.308]	[0.23575129533678757, 0.574, 0.2616580310880829, 0.591]	no-link	answer-answer	0.25	0.1826	0.1567	-0.279	-0.283	-0.266	4
negative	without	[0.49740932642487046, 0.295, 0.5932642487046632, 0.31]	[0.6036269430051814, 0.293, 0.689119170984456, 0.308]	word-word	answer-answer	0.1917	-0.002	0.1062	-0.002	0.0104	0.013	4
negative	5.	[0.49740932642487046, 0.295, 0.5932642487046632, 0.31]	[0.3225388601036269, 0.486, 0.344559585492228, 0.503]	no-link	answer-answer	0.2707	0.1749	0.1528	-0.191	-0.193	-0.176	4
negative	(CALCULATED	[0.49740932642487046, 0.295, 0.5932642487046632, 0.31]	[0.16321243523316062, 0.49, 0.26295336787564766, 0.505]	no-link	answer-question	0.4301	0.3342	0.2345	-0.195	-0.195	-0.18	4
negative	PH	[0.49740932642487046, 0.295, 0.5932642487046632, 0.31]	[0.13601036269430053, 0.493, 0.15932642487046633, 0.507]	no-link	answer-question	0.4573	0.3614	0.3381	-0.198	-0.197	-0.183	4
negative	Yellow	[0.49740932642487046, 0.295, 0.5932642487046632, 0.31]	[0.31994818652849744, 0.546, 0.39378238341968913, 0.559]	no-link	answer-answer	0.2733	0.1775	0.1036	-0.251	-0.249	-0.236	4
negative	PHYSICAL	[0.49740932642487046, 0.295, 0.5932642487046632, 0.31]	[0.133419689119171, 0.547, 0.20725388601036268, 0.564]	no-link	answer-question	0.4598	0.364	0.2902	-0.252	-0.254	-0.237	4
negative	N/	[0.49740932642487046, 0.295, 0.5932642487046632, 0.31]	[0.23575129533678757, 0.574, 0.2616580310880829, 0.591]	no-link	answer-answer	0.3575	0.2617	0.2358	-0.279	-0.281	-0.264	4
negative	C	[0.49740932642487046, 0.295, 0.5932642487046632, 0.31]	[0.3290155440414508, 0.577, 0.34585492227979275, 0.594]	no-link	answer-question	0.2642	0.1684	0.1516	-0.282	-0.284	-0.267	4
S9	activation,	[0.7007772020725389, 0.295, 0.7240932642487047, 0.308]	[0.7344559585492227, 0.295, 0.8626943005181347, 0.309]	word-word	answer-answer	0.1619	0.0	0.0337	0.001	0.0104	0.014	4
S9	N/	[0.7007772020725389, 0.295, 0.7240932642487047, 0.308]	[0.23575129533678757, 0.574, 0.2616580310880829, 0.591]	no-link	answer-answer	0.4883	0.465	0.4391	-0.279	-0.283	-0.266	4
S9	C	[0.7007772020725389, 0.295, 0.7240932642487047, 0.308]	[0.3290155440414508, 0.577, 0.34585492227979275, 0.594]	no-link	answer-question	0.3951	0.3718	0.3549	-0.282	-0.286	-0.269	4
activation,	border-	[0.7344559585492227, 0.295, 0.8626943005181347, 0.309]	[0.8769430051813472, 0.291, 0.9585492227979274, 0.309]	word-word	answer-answer	0.2241	-0.004	0.1425	0.0	0.0142	0.014	4
activation,	5.	[0.7344559585492227, 0.295, 0.8626943005181347, 0.309]	[0.3225388601036269, 0.486, 0.344559585492228, 0.503]	no-link	answer-answer	0.5402	0.4119	0.3899	-0.191	-0.194	-0.177	4
activation,	(CALCULATED	[0.7344559585492227, 0.295, 0.8626943005181347, 0.309]	[0.16321243523316062, 0.49, 0.26295336787564766, 0.505]	no-link	answer-question	0.6995	0.5712	0.4715	-0.195	-0.196	-0.181	4
activation,	PH	[0.7344559585492227, 0.295, 0.8626943005181347, 0.309]	[0.13601036269430053, 0.493, 0.15932642487046633, 0.507]	no-link	answer-question	0.7267	0.5984	0.5751	-0.198	-0.198	-0.184	4
activation,	Yellow	[0.7344559585492227, 0.295, 0.8626943005181347, 0.309]	[0.31994818652849744, 0.546, 0.39378238341968913, 0.559]	no-link	answer-answer	0.5427	0.4145	0.3407	-0.251	-0.25	-0.237	4
activation,	PHYSICAL	[0.7344559585492227, 0.295, 0.8626943005181347, 0.309]	[0.133419689119171, 0.547, 0.20725388601036268, 0.564]	no-link	answer-question	0.7293	0.601	0.5272	-0.252	-0.255	-0.238	4
activation,	N/	[0.7344559585492227, 0.295, 0.8626943005181347, 0.309]	[0.23575129533678757, 0.574, 0.2616580310880829, 0.591]	no-link	answer-answer	0.6269	0.4987	0.4728	-0.279	-0.282	-0.265	4
activation,	C	[0.7344559585492227, 0.295, 0.8626943005181347, 0.309]	[0.3290155440414508, 0.577, 0.34585492227979275, 0.594]	no-link	answer-question	0.5337	0.4054	0.3886	-0.282	-0.285	-0.268	4
activation,	mm	[0.7344559585492227, 0.295, 0.8626943005181347, 0.309]	[0.41450777202072536, 0.577, 0.44559585492227977, 0.592]	no-link	answer-question	0.4482	0.3199	0.2889	-0.282	-0.283	-0.268	4
with	the	[0.8626943005181347, 0.32, 0.9119170984455959, 0.338]	[0.9248704663212435, 0.324, 0.9598445595854922, 0.337]	word-word	answer-answer	0.0972	0.004	0.0622	-0.001	0.013	0.017	4
with	PH	[0.8626943005181347, 0.32, 0.9119170984455959, 0.338]	[0.13601036269430053, 0.493, 0.15932642487046633, 0.507]	no-link	answer-question	0.7759	0.7267	0.7034	-0.173	-0.169	-0.155	4
with	Yellow	[0.8626943005181347, 0.32, 0.9119170984455959, 0.338]	[0.31994818652849744, 0.546, 0.39378238341968913, 0.559]	no-link	answer-answer	0.592	0.5427	0.4689	-0.226	-0.221	-0.208	4
with	PHYSICAL	[0.8626943005181347, 0.32, 0.9119170984455959, 0.338]	[0.133419689119171, 0.547, 0.20725388601036268, 0.564]	no-link	answer-question	0.7785	0.7293	0.6554	-0.227	-0.226	-0.209	4
with	N/	[0.8626943005181347, 0.32, 0.9119170984455959, 0.338]	[0.23575129533678757, 0.574, 0.2616580310880829, 0.591]	no-link	answer-answer	0.6762	0.6269	0.601	-0.254	-0.253	-0.236	4
with	C	[0.8626943005181347, 0.32, 0.9119170984455959, 0.338]	[0.3290155440414508, 0.577, 0.34585492227979275, 0.594]	no-link	answer-question	0.5829	0.5337	0.5168	-0.257	-0.256	-0.239	4
with	mm	[0.8626943005181347, 0.32, 0.9119170984455959, 0.338]	[0.41450777202072536, 0.577, 0.44559585492227977, 0.592]	no-link	answer-question	0.4974	0.4482	0.4171	-0.257	-0.254	-0.239	4
with	bp/mp	[0.8626943005181347, 0.32, 0.9119170984455959, 0.338]	[0.15932642487046633, 0.578, 0.18652849740932642, 0.592]	no-link	answer-question	0.7526	0.7034	0.6762	-0.258	-0.254	-0.24	4
activation	-Technical	[0.49740932642487046, 0.323, 0.6152849740932642, 0.34]	[0.6282383419689119, 0.323, 0.7461139896373057, 0.34]	word-word	answer-answer	0.2487	0.0	0.1308	0.0	0.013	0.017	4
activation	problems	[0.49740932642487046, 0.323, 0.6152849740932642, 0.34]	[0.7603626943005182, 0.323, 0.8523316062176166, 0.341]	no-link	answer-answer	-0.1451	-0.263	-0.3549	0.0	-0.001	0.017	4
activation	line	[0.49740932642487046, 0.323, 0.6152849740932642, 0.34]	[0.24093264248704663, 0.324, 0.2862694300518135, 0.337]	no-link	answer-answer	0.3744	0.2565	0.2111	-0.001	0.003	0.016	4
activation	positive	[0.49740932642487046, 0.323, 0.6152849740932642, 0.34]	[0.3005181347150259, 0.324, 0.39248704663212436, 0.337]	no-link	answer-answer	0.3148	0.1969	0.1049	-0.001	0.003	0.016	4
activation	S9	[0.49740932642487046, 0.323, 0.6152849740932642, 0.34]	[0.46113989637305697, 0.324, 0.4883419689119171, 0.338]	no-link	answer-answer	0.1541	0.0363	0.0091	-0.001	0.002	0.016	4
activation	with	[0.49740932642487046, 0.323, 0.6152849740932642, 0.34]	[0.4015544041450777, 0.325, 0.4520725388601036, 0.338]	no-link	answer-answer	0.2137	0.0959	0.0453	-0.002	0.002	0.015	4
activation	5.	[0.49740932642487046, 0.323, 0.6152849740932642, 0.34]	[0.3225388601036269, 0.486, 0.344559585492228, 0.503]	no-link	answer-answer	0.2927	0.1749	0.1528	-0.163	-0.163	-0.146	4
activation	(CALCULATED	[0.49740932642487046, 0.323, 0.6152849740932642, 0.34]	[0.16321243523316062, 0.49, 0.26295336787564766, 0.505]	no-link	answer-question	0.4521	0.3342	0.2345	-0.167	-0.165	-0.15	4
activation	PH	[0.49740932642487046, 0.323, 0.6152849740932642, 0.34]	[0.13601036269430053, 0.493, 0.15932642487046633, 0.507]	no-link	answer-question	0.4793	0.3614	0.3381	-0.17	-0.167	-0.153	4
activation	Yellow	[0.49740932642487046, 0.323, 0.6152849740932642, 0.34]	[0.31994818652849744, 0.546, 0.39378238341968913, 0.559]	no-link	answer-answer	0.2953	0.1775	0.1036	-0.223	-0.219	-0.206	4
activation	PHYSICAL	[0.49740932642487046, 0.323, 0.6152849740932642, 0.34]	[0.133419689119171, 0.547, 0.20725388601036268, 0.564]	no-link	answer-question	0.4819	0.364	0.2902	-0.224	-0.224	-0.207	4
activation	N/	[0.49740932642487046, 0.323, 0.6152849740932642, 0.34]	[0.23575129533678757, 0.574, 0.2616580310880829, 0.591]	no-link	answer-answer	0.3795	0.2617	0.2358	-0.251	-0.251	-0.234	4
activation	C	[0.49740932642487046, 0.323, 0.6152849740932642, 0.34]	[0.3290155440414508, 0.577, 0.34585492227979275, 0.594]	no-link	answer-question	0.2863	0.1684	0.1516	-0.254	-0.254	-0.237	4
activation	mm	[0.49740932642487046, 0.323, 0.6152849740932642, 0.34]	[0.41450777202072536, 0.577, 0.44559585492227977, 0.592]	no-link	answer-question	0.2008	0.0829	0.0518	-0.254	-0.252	-0.237	4
activation	bp/mp	[0.49740932642487046, 0.323, 0.6152849740932642, 0.34]	[0.15932642487046633, 0.578, 0.18652849740932642, 0.592]	no-link	answer-question	0.456	0.3381	0.3109	-0.255	-0.252	-0.238	4
-Technical	problems	[0.6282383419689119, 0.323, 0.7461139896373057, 0.34]	[0.7603626943005182, 0.323, 0.8523316062176166, 0.341]	word-word	answer-answer	0.2241	0.0	0.1321	0.001	0.0142	0.018	4
-Technical	line	[0.6282383419689119, 0.323, 0.7461139896373057, 0.34]	[0.24093264248704663, 0.324, 0.2862694300518135, 0.337]	no-link	answer-answer	0.5052	0.3873	0.342	-0.001	0.003	0.016	4
-Technical	positive	[0.6282383419689119, 0.323, 0.7461139896373057, 0.34]	[0.3005181347150259, 0.324, 0.39248704663212436, 0.337]	no-link	answer-answer	0.4456	0.3277	0.2358	-0.001	0.003	0.016	4
-Technical	S9	[0.6282383419689119, 0.323, 0.7461139896373057, 0.34]	[0.46113989637305697, 0.324, 0.4883419689119171, 0.338]	no-link	answer-answer	0.285	0.1671	0.1399	-0.001	0.002	0.016	4
-Technical	with	[0.6282383419689119, 0.323, 0.7461139896373057, 0.34]	[0.4015544041450777, 0.325, 0.4520725388601036, 0.338]	no-link	answer-answer	0.3446	0.2267	0.1762	-0.002	0.002	0.015	4
-Technical	5.	[0.6282383419689119, 0.323, 0.7461139896373057, 0.34]	[0.3225388601036269, 0.486, 0.344559585492228, 0.503]	no-link	answer-answer	0.4236	0.3057	0.2837	-0.163	-0.163	-0.146	4
-Technical	(CALCULATED	[0.6282383419689119, 0.323, 0.7461139896373057, 0.34]	[0.16321243523316062, 0.49, 0.26295336787564766, 0.505]	no-link	answer-question	0.5829	0.465	0.3653	-0.167	-0.165	-0.15	4
-Technical	PH	[0.6282383419689119, 0.323, 0.7461139896373057, 0.34]	[0.13601036269430053, 0.493, 0.15932642487046633, 0.507]	no-link	answer-question	0.6101	0.4922	0.4689	-0.17	-0.167	-0.153	4
-Technical	Yellow	[0.6282383419689119, 0.323, 0.7461139896373057, 0.34]	[0.31994818652849744, 0.546, 0.39378238341968913, 0.559]	no-link	answer-answer	0.4262	0.3083	0.2345	-0.223	-0.219	-0.206	4
-Technical	PHYSICAL	[0.6282383419689119, 0.323, 0.7461139896373057, 0.34]	[0.133419689119171, 0.547, 0.20725388601036268, 0.564]	no-link	answer-question	0.6127	0.4948	0.421	-0.224	-0.224	-0.207	4
-Technical	N/	[0.6282383419689119, 0.323, 0.7461139896373057, 0.34]	[0.23575129533678757, 0.574, 0.2616580310880829, 0.591]	no-link	answer-answer	0.5104	0.3925	0.3666	-0.251	-0.251	-0.234	4
-Technical	C	[0.6282383419689119, 0.323, 0.7461139896373057, 0.34]	[0.3290155440414508, 0.577, 0.34585492227979275, 0.594]	no-link	answer-question	0.4171	0.2992	0.2824	-0.254	-0.254	-0.237	4
-Technical	mm	[0.6282383419689119, 0.323, 0.7461139896373057, 0.34]	[0.41450777202072536, 0.577, 0.44559585492227977, 0.592]	no-link	answer-question	0.3316	0.2137	0.1826	-0.254	-0.252	-0.237	4
-Technical	bp/mp	[0.6282383419689119, 0.323, 0.7461139896373057, 0.34]	[0.15932642487046633, 0.578, 0.18652849740932642, 0.592]	no-link	answer-question	0.5868	0.4689	0.4417	-0.255	-0.252	-0.238	4
problems	with	[0.7603626943005182, 0.323, 0.8523316062176166, 0.341]	[0.8626943005181347, 0.32, 0.9119170984455959, 0.338]	word-word	answer-answer	0.1516	-0.003	0.1023	-0.003	0.0104	0.015	4
problems	positive	[0.7603626943005182, 0.323, 0.8523316062176166, 0.341]	[0.3005181347150259, 0.324, 0.39248704663212436, 0.337]	no-link	answer-answer	0.5518	0.4598	0.3679	-0.001	0.004	0.017	4
problems	S9	[0.7603626943005182, 0.323, 0.8523316062176166, 0.341]	[0.46113989637305697, 0.324, 0.4883419689119171, 0.338]	no-link	answer-answer	0.3912	0.2992	0.272	-0.001	0.003	0.017	4
problems	5.	[0.7603626943005182, 0.323, 0.8523316062176166, 0.341]	[0.3225388601036269, 0.486, 0.344559585492228, 0.503]	no-link	answer-answer	0.5298	0.4378	0.4158	-0.163	-0.162	-0.145	4
problems	(CALCULATED	[0.7603626943005182, 0.323, 0.8523316062176166, 0.341]	[0.16321243523316062, 0.49, 0.26295336787564766, 0.505]	no-link	answer-question	0.6891	0.5972	0.4974	-0.167	-0.164	-0.149	4
problems	PH	[0.7603626943005182, 0.323, 0.8523316062176166, 0.341]	[0.13601036269430053, 0.493, 0.15932642487046633, 0.507]	no-link	answer-question	0.7163	0.6244	0.601	-0.17	-0.166	-0.152	4
problems	Yellow	[0.7603626943005182, 0.323, 0.8523316062176166, 0.341]	[0.31994818652849744, 0.546, 0.39378238341968913, 0.559]	no-link	answer-answer	0.5324	0.4404	0.3666	-0.223	-0.218	-0.205	4
problems	PHYSICAL	[0.7603626943005182, 0.323, 0.8523316062176166, 0.341]	[0.133419689119171, 0.547, 0.20725388601036268, 0.564]	no-link	answer-question	0.7189	0.6269	0.5531	-0.224	-0.223	-0.206	4
problems	N/	[0.7603626943005182, 0.323, 0.8523316062176166, 0.341]	[0.23575129533678757, 0.574, 0.2616580310880829, 0.591]	no-link	answer-answer	0.6166	0.5246	0.4987	-0.251	-0.25	-0.233	4
problems	C	[0.7603626943005182, 0.323, 0.8523316062176166, 0.341]	[0.3290155440414508, 0.577, 0.34585492227979275, 0.594]	no-link	answer-question	0.5233	0.4313	0.4145	-0.254	-0.253	-0.236	4
problems	mm	[0.7603626943005182, 0.323, 0.8523316062176166, 0.341]	[0.41450777202072536, 0.577, 0.44559585492227977, 0.592]	no-link	answer-question	0.4378	0.3459	0.3148	-0.254	-0.251	-0.236	4
problems	bp/mp	[0.7603626943005182, 0.323, 0.8523316062176166, 0.341]	[0.15932642487046633, 0.578, 0.18652849740932642, 0.592]	no-link	answer-question	0.693	0.601	0.5738	-0.255	-0.251	-0.237	4
line	positive	[0.24093264248704663, 0.324, 0.2862694300518135, 0.337]	[0.3005181347150259, 0.324, 0.39248704663212436, 0.337]	word-word	answer-answer	0.1516	0.0	0.0596	0.0	0.0142	0.013	4
line	S9	[0.24093264248704663, 0.324, 0.2862694300518135, 0.337]	[0.46113989637305697, 0.324, 0.4883419689119171, 0.338]	no-link	answer-answer	-0.1749	-0.2202	-0.2474	0.0	-0.001	0.013	4
line	with	[0.24093264248704663, 0.324, 0.2862694300518135, 0.337]	[0.4015544041450777, 0.325, 0.4520725388601036, 0.338]	no-link	answer-answer	-0.1153	-0.1606	-0.2111	-0.001	-0.001	0.012	4
line	5.	[0.24093264248704663, 0.324, 0.2862694300518135, 0.337]	[0.3225388601036269, 0.486, 0.344559585492228, 0.503]	no-link	answer-answer	-0.0363	-0.0816	-0.1036	-0.162	-0.166	-0.149	4
line	(CALCULATED	[0.24093264248704663, 0.324, 0.2862694300518135, 0.337]	[0.16321243523316062, 0.49, 0.26295336787564766, 0.505]	no-link	answer-question	0.1231	0.0777	-0.022	-0.166	-0.168	-0.153	4
line	PH	[0.24093264248704663, 0.324, 0.2862694300518135, 0.337]	[0.13601036269430053, 0.493, 0.15932642487046633, 0.507]	no-link	answer-question	0.1503	0.1049	0.0816	-0.169	-0.17	-0.156	4
line	Yellow	[0.24093264248704663, 0.324, 0.2862694300518135, 0.337]	[0.31994818652849744, 0.546, 0.39378238341968913, 0.559]	no-link	answer-answer	-0.0337	-0.079	-0.1528	-0.222	-0.222	-0.209	4
line	PHYSICAL	[0.24093264248704663, 0.324, 0.2862694300518135, 0.337]	[0.133419689119171, 0.547, 0.20725388601036268, 0.564]	no-link	answer-question	0.1528	0.1075	0.0337	-0.223	-0.227	-0.21	4
line	N/	[0.24093264248704663, 0.324, 0.2862694300518135, 0.337]	[0.23575129533678757, 0.574, 0.2616580310880829, 0.591]	no-link	answer-answer	0.0505	0.0052	-0.0207	-0.25	-0.254	-0.237	4
line	C	[0.24093264248704663, 0.324, 0.2862694300518135, 0.337]	[0.3290155440414508, 0.577, 0.34585492227979275, 0.594]	no-link	answer-question	-0.0427	-0.0881	-0.1049	-0.253	-0.257	-0.24	4
line	mm	[0.24093264248704663, 0.324, 0.2862694300518135, 0.337]	[0.41450777202072536, 0.577, 0.44559585492227977, 0.592]	no-link	answer-question	-0.1282	-0.1736	-0.2047	-0.253	-0.255	-0.24	4
line	bp/mp	[0.24093264248704663, 0.324, 0.2862694300518135, 0.337]	[0.15932642487046633, 0.578, 0.18652849740932642, 0.592]	no-link	answer-question	0.1269	0.0816	0.0544	-0.254	-0.255	-0.241	4
positive	with	[0.3005181347150259, 0.324, 0.39248704663212436, 0.337]	[0.4015544041450777, 0.325, 0.4520725388601036, 0.338]	word-word	answer-answer	0.1516	0.001	0.101	0.001	0.0091	0.014	4
positive	5.	[0.3005181347150259, 0.324, 0.39248704663212436, 0.337]	[0.3225388601036269, 0.486, 0.344559585492228, 0.503]	no-link	answer-answer	0.0699	-0.022	-0.044	-0.162	-0.166	-0.149	4
positive	(CALCULATED	[0.3005181347150259, 0.324, 0.39248704663212436, 0.337]	[0.16321243523316062, 0.49, 0.26295336787564766, 0.505]	no-link	answer-question	0.2293	0.1373	0.0376	-0.166	-0.168	-0.153	4
positive	PH	[0.3005181347150259, 0.324, 0.39248704663212436, 0.337]	[0.13601036269430053, 0.493, 0.15932642487046633, 0.507]	no-link	answer-question	0.2565	0.1645	0.1412	-0.169	-0.17	-0.156	4
positive	Yellow	[0.3005181347150259, 0.324, 0.39248704663212436, 0.337]	[0.31994818652849744, 0.546, 0.39378238341968913, 0.559]	no-link	answer-answer	0.0725	-0.0194	-0.0933	-0.222	-0.222	-0.209	4
positive	PHYSICAL	[0.3005181347150259, 0.324, 0.39248704663212436, 0.337]	[0.133419689119171, 0.547, 0.20725388601036268, 0.564]	no-link	answer-question	0.2591	0.1671	0.0933	-0.223	-0.227	-0.21	4
positive	N/	[0.3005181347150259, 0.324, 0.39248704663212436, 0.337]	[0.23575129533678757, 0.574, 0.2616580310880829, 0.591]	no-link	answer-answer	0.1567	0.0648	0.0389	-0.25	-0.254	-0.237	4
positive	C	[0.3005181347150259, 0.324, 0.39248704663212436, 0.337]	[0.3290155440414508, 0.577, 0.34585492227979275, 0.594]	no-link	answer-question	0.0635	-0.0285	-0.0453	-0.253	-0.257	-0.24	4
positive	mm	[0.3005181347150259, 0.324, 0.39248704663212436, 0.337]	[0.41450777202072536, 0.577, 0.44559585492227977, 0.592]	no-link	answer-question	-0.022	-0.114	-0.1451	-0.253	-0.255	-0.24	4
positive	bp/mp	[0.3005181347150259, 0.324, 0.39248704663212436, 0.337]	[0.15932642487046633, 0.578, 0.18652849740932642, 0.592]	no-link	answer-question	0.2332	0.1412	0.114	-0.254	-0.255	-0.241	4
S9	activation	[0.46113989637305697, 0.324, 0.4883419689119171, 0.338]	[0.49740932642487046, 0.323, 0.6152849740932642, 0.34]	word-word	answer-answer	0.1541	-0.001	0.0363	0.002	0.0091	0.016	4
S9	mm	[0.46113989637305697, 0.324, 0.4883419689119171, 0.338]	[0.41450777202072536, 0.577, 0.44559585492227977, 0.592]	no-link	answer-question	0.0738	0.0466	0.0155	-0.253	-0.254	-0.239	4
S9	bp/mp	[0.46113989637305697, 0.324, 0.4883419689119171, 0.338]	[0.15932642487046633, 0.578, 0.18652849740932642, 0.592]	no-link	answer-question	0.329	0.3018	0.2746	-0.254	-0.254	-0.24	4
with	S9	[0.4015544041450777, 0.325, 0.4520725388601036, 0.338]	[0.46113989637305697, 0.324, 0.4883419689119171, 0.338]	word-word	answer-answer	0.0868	-0.001	0.0596	0.0	0.0091	0.013	4
5.	26	[0.3225388601036269, 0.486, 0.344559585492228, 0.503]	[0.34585492227979275, 0.485, 0.36787564766839376, 0.502]	word-word	answer-answer	0.0453	-0.001	0.0233	-0.001	0.0013	0.016	5
5.	PH	[0.3225388601036269, 0.486, 0.344559585492228, 0.503]	[0.13601036269430053, 0.493, 0.15932642487046633, 0.507]	no-link	answer-question	0.2085	0.1865	0.1632	-0.007	-0.004	0.01	5
5.	Yellow	[0.3225388601036269, 0.486, 0.344559585492228, 0.503]	[0.31994818652849744, 0.546, 0.39378238341968913, 0.559]	no-link	answer-answer	0.0246	0.0026	-0.0712	-0.06	-0.056	-0.043	5
5.	PHYSICAL	[0.3225388601036269, 0.486, 0.344559585492228, 0.503]	[0.133419689119171, 0.547, 0.20725388601036268, 0.564]	no-link	answer-question	0.2111	0.1891	0.1153	-0.061	-0.061	-0.044	5
5.	N/	[0.3225388601036269, 0.486, 0.344559585492228, 0.503]	[0.23575129533678757, 0.574, 0.2616580310880829, 0.591]	no-link	answer-answer	0.1088	0.0868	0.0609	-0.088	-0.088	-0.071	5
5.	C	[0.3225388601036269, 0.486, 0.344559585492228, 0.503]	[0.3290155440414508, 0.577, 0.34585492227979275, 0.594]	no-link	answer-question	0.0155	-0.0065	-0.0233	-0.091	-0.091	-0.074	5
5.	mm	[0.3225388601036269, 0.486, 0.344559585492228, 0.503]	[0.41450777202072536, 0.577, 0.44559585492227977, 0.592]	no-link	answer-question	-0.0699	-0.092	-0.1231	-0.091	-0.089	-0.074	5
5.	bp/mp	[0.3225388601036269, 0.486, 0.344559585492228, 0.503]	[0.15932642487046633, 0.578, 0.18652849740932642, 0.592]	no-link	answer-question	0.1852	0.1632	0.136	-0.092	-0.089	-0.075	5
(CALCULATED	50%)	[0.16321243523316062, 0.49, 0.26295336787564766, 0.505]	[0.2655440414507772, 0.492, 0.3005181347150259, 0.506]	word-word	question-question	0.1373	0.002	0.1023	0.001	0.0026	0.016	5
(CALCULATED	PH	[0.16321243523316062, 0.49, 0.26295336787564766, 0.505]	[0.13601036269430053, 0.493, 0.15932642487046633, 0.507]	no-link	question-question	0.1269	0.0272	0.0039	-0.003	-0.002	0.012	5
(CALCULATED	Yellow	[0.16321243523316062, 0.49, 0.26295336787564766, 0.505]	[0.31994818652849744, 0.546, 0.39378238341968913, 0.559]	no-link	question-answer	-0.057	-0.1567	-0.2306	-0.056	-0.054	-0.041	5
(CALCULATED	PHYSICAL	[0.16321243523316062, 0.49, 0.26295336787564766, 0.505]	[0.133419689119171, 0.547, 0.20725388601036268, 0.564]	no-link	question-question	0.1295	0.0298	-0.044	-0.057	-0.059	-0.042	5
(CALCULATED	N/	[0.16321243523316062, 0.49, 0.26295336787564766, 0.505]	[0.23575129533678757, 0.574, 0.2616580310880829, 0.591]	no-link	question-answer	0.0272	-0.0725	-0.0984	-0.084	-0.086	-0.069	5
(CALCULATED	C	[0.16321243523316062, 0.49, 0.26295336787564766, 0.505]	[0.3290155440414508, 0.577, 0.34585492227979275, 0.594]	no-link	question-question	-0.0661	-0.1658	-0.1826	-0.087	-0.089	-0.072	5
(CALCULATED	mm	[0.16321243523316062, 0.49, 0.26295336787564766, 0.505]	[0.41450777202072536, 0.577, 0.44559585492227977, 0.592]	no-link	question-question	-0.1516	-0.2513	-0.2824	-0.087	-0.087	-0.072	5
(CALCULATED	bp/mp	[0.16321243523316062, 0.49, 0.26295336787564766, 0.505]	[0.15932642487046633, 0.578, 0.18652849740932642, 0.592]	no-link	question-question	0.1036	0.0039	-0.0233	-0.088	-0.087	-0.073	5
PH	PHYSICAL	[0.13601036269430053, 0.493, 0.15932642487046633, 0.507]	[0.133419689119171, 0.547, 0.20725388601036268, 0.564]	line-line	question-question	0.0712	0.054	-0.0026	0.057	-0.0259	0.071	5
PH	Yellow	[0.13601036269430053, 0.493, 0.15932642487046633, 0.507]	[0.31994818652849744, 0.546, 0.39378238341968913, 0.559]	no-link	question-answer	-0.1606	-0.1839	-0.2578	-0.053	-0.052	-0.039	5
PH	N/	[0.13601036269430053, 0.493, 0.15932642487046633, 0.507]	[0.23575129533678757, 0.574, 0.2616580310880829, 0.591]	no-link	question-answer	-0.0764	-0.0997	-0.1256	-0.081	-0.084	-0.067	5
PH	C	[0.13601036269430053, 0.493, 0.15932642487046633, 0.507]	[0.3290155440414508, 0.577, 0.34585492227979275, 0.594]	no-link	question-question	-0.1697	-0.193	-0.2098	-0.084	-0.087	-0.07	5
PH	mm	[0.13601036269430053, 0.493, 0.15932642487046633, 0.507]	[0.41450777202072536, 0.577, 0.44559585492227977, 0.592]	no-link	question-question	-0.2552	-0.2785	-0.3096	-0.084	-0.085	-0.07	5
PH	bp/mp	[0.13601036269430053, 0.493, 0.15932642487046633, 0.507]	[0.15932642487046633, 0.578, 0.18652849740932642, 0.592]	no-link	question-question	0.0	-0.0233	-0.0505	-0.085	-0.085	-0.071	5
PH	(CALCULATED	[0.13601036269430053, 0.493, 0.15932642487046633, 0.507]	[0.16321243523316062, 0.49, 0.26295336787564766, 0.505]	word-word	question-question	0.1269	-0.003	0.0272	-0.002	0.0039	0.012	5
PH	5.	[0.13601036269430053, 0.493, 0.15932642487046633, 0.507]	[0.3225388601036269, 0.486, 0.344559585492228, 0.503]	question-answer	question-answer	0.2085	-0.007	0.1865	-0.004	0.1632	0.01	5
Yellow	liquid	[0.31994818652849744, 0.546, 0.39378238341968913, 0.559]	[0.4028497409326425, 0.547, 0.4727979274611399, 0.561]	word-word	answer-answer	0.1528	0.001	0.0829	0.002	0.0091	0.015	6
Yellow	PHYSICAL	[0.31994818652849744, 0.546, 0.39378238341968913, 0.559]	[0.133419689119171, 0.547, 0.20725388601036268, 0.564]	no-link	answer-question	0.2604	0.1865	0.1127	-0.001	-0.005	0.012	6
Yellow	N/	[0.31994818652849744, 0.546, 0.39378238341968913, 0.559]	[0.23575129533678757, 0.574, 0.2616580310880829, 0.591]	no-link	answer-answer	0.158	0.0842	0.0583	-0.028	-0.032	-0.015	6
Yellow	C	[0.31994818652849744, 0.546, 0.39378238341968913, 0.559]	[0.3290155440414508, 0.577, 0.34585492227979275, 0.594]	no-link	answer-question	0.0648	-0.0091	-0.0259	-0.031	-0.035	-0.018	6
Yellow	mm	[0.31994818652849744, 0.546, 0.39378238341968913, 0.559]	[0.41450777202072536, 0.577, 0.44559585492227977, 0.592]	no-link	answer-question	-0.0207	-0.0946	-0.1256	-0.031	-0.033	-0.018	6
Yellow	bp/mp	[0.31994818652849744, 0.546, 0.39378238341968913, 0.559]	[0.15932642487046633, 0.578, 0.18652849740932642, 0.592]	no-link	answer-question	0.2345	0.1606	0.1334	-0.032	-0.033	-0.019	6
PHYSICAL	bp/mp	[0.133419689119171, 0.547, 0.20725388601036268, 0.564]	[0.15932642487046633, 0.578, 0.18652849740932642, 0.592]	line-line	question-question	0.0531	0.031	0.0259	0.028	-0.0479	0.045	6
PHYSICAL	N/	[0.133419689119171, 0.547, 0.20725388601036268, 0.564]	[0.23575129533678757, 0.574, 0.2616580310880829, 0.591]	no-link	question-answer	-0.0285	-0.1023	-0.1282	-0.027	-0.027	-0.01	6
PHYSICAL	C	[0.133419689119171, 0.547, 0.20725388601036268, 0.564]	[0.3290155440414508, 0.577, 0.34585492227979275, 0.594]	no-link	question-question	-0.1218	-0.1956	-0.2124	-0.03	-0.03	-0.013	6
PHYSICAL	mm	[0.133419689119171, 0.547, 0.20725388601036268, 0.564]	[0.41450777202072536, 0.577, 0.44559585492227977, 0.592]	no-link	question-question	-0.2073	-0.2811	-0.3122	-0.03	-0.028	-0.013	6
PHYSICAL	APPEARANCE	[0.133419689119171, 0.547, 0.20725388601036268, 0.564]	[0.21761658031088082, 0.549, 0.3121761658031088, 0.563]	word-word	question-question	0.1788	0.002	0.0842	-0.001	0.0104	0.016	6
PHYSICAL	Yellow	[0.133419689119171, 0.547, 0.20725388601036268, 0.564]	[0.31994818652849744, 0.546, 0.39378238341968913, 0.559]	question-answer	question-answer	0.2604	-0.001	0.1865	-0.005	0.1127	0.012	6
N/	A	[0.23575129533678757, 0.574, 0.2616580310880829, 0.591]	[0.26295336787564766, 0.575, 0.2759067357512953, 0.59]	word-word	answer-answer	0.0402	0.001	0.0272	-0.001	0.0013	0.016	7
N/	C	[0.23575129533678757, 0.574, 0.2616580310880829, 0.591]	[0.3290155440414508, 0.577, 0.34585492227979275, 0.594]	no-link	answer-question	-0.0674	-0.0933	-0.1101	-0.003	-0.003	0.014	7
N/	mm	[0.23575129533678757, 0.574, 0.2616580310880829, 0.591]	[0.41450777202072536, 0.577, 0.44559585492227977, 0.592]	no-link	answer-question	-0.1528	-0.1788	-0.2098	-0.003	-0.001	0.014	7
N/	bp/mp	[0.23575129533678757, 0.574, 0.2616580310880829, 0.591]	[0.15932642487046633, 0.578, 0.18652849740932642, 0.592]	no-link	answer-question	0.1023	0.0764	0.0492	-0.004	-0.001	0.013	7
C	mm	[0.3290155440414508, 0.577, 0.34585492227979275, 0.594]	[0.41450777202072536, 0.577, 0.44559585492227977, 0.592]	question-question	question-question	0.1166	0.0	0.0855	-0.002	0.0687	0.015	7
C	bp/mp	[0.3290155440414508, 0.577, 0.34585492227979275, 0.594]	[0.15932642487046633, 0.578, 0.18652849740932642, 0.592]	no-link	question-question	0.1865	0.1697	0.1425	-0.001	0.002	0.016	7
C	@	[0.3290155440414508, 0.577, 0.34585492227979275, 0.594]	[0.3471502590673575, 0.58, 0.3639896373056995, 0.594]	word-word	question-question	0.035	0.003	0.0181	0.0	0.0013	0.017	7
mm	Hg	[0.41450777202072536, 0.577, 0.44559585492227977, 0.592]	[0.44689119170984454, 0.577, 0.47020725388601037, 0.592]	word-word	question-question	0.0557	0.0	0.0324	0.0	0.0013	0.015	7
mm	bp/mp	[0.41450777202072536, 0.577, 0.44559585492227977, 0.592]	[0.15932642487046633, 0.578, 0.18652849740932642, 0.592]	no-link	question-question	0.2863	0.2552	0.228	-0.001	0.0	0.014	7
bp/mp	C	[0.15932642487046633, 0.578, 0.18652849740932642, 0.592]	[0.3290155440414508, 0.577, 0.34585492227979275, 0.594]	question-question	question-question	0.1865	-0.001	0.1697	0.002	0.1425	0.016	7
bp/mp		[0.15932642487046633, 0.578, 0.18652849740932642, 0.592]	[0.18652849740932642, 0.58, 0.20595854922279794, 0.594]	word-word	question-question	0.0466	0.002	0.0272	0.002	0.0	0.016	7
bp/mp	N/	[0.15932642487046633, 0.578, 0.18652849740932642, 0.592]	[0.23575129533678757, 0.574, 0.2616580310880829, 0.591]	question-answer	question-answer	0.1023	-0.004	0.0764	-0.001	0.0492	0.013	7
