TO:	SUBMISSION	[0.08885941644562334, 0.108, 0.11803713527851459, 0.122]	[0.5928381962864722, 0.109, 0.6936339522546419, 0.123]	question-header	question-header	0.6048	0.001	0.504	0.001	0.4748	0.015	0
TO:	S.	[0.08885941644562334, 0.108, 0.11803713527851459, 0.122]	[0.1856763925729443, 0.108, 0.20159151193633953, 0.121]	no-link	question-answer	-0.0676	-0.0968	-0.1127	0.0	0.001	0.014	0
TO:	P.	[0.08885941644562334, 0.108, 0.11803713527851459, 0.122]	[0.20159151193633953, 0.108, 0.21883289124668434, 0.121]	no-link	question-answer	-0.0836	-0.1127	-0.13	0.0	0.001	0.014	0
TO:	FROM:	[0.08885941644562334, 0.108, 0.11803713527851459, 0.122]	[0.09018567639257294, 0.138, 0.14323607427055704, 0.153]	no-link	question-question	0.0279	-0.0013	-0.0544	-0.03	-0.031	-0.016	0
TO:	W.	[0.08885941644562334, 0.108, 0.11803713527851459, 0.122]	[0.20291777188328913, 0.138, 0.22546419098143236, 0.153]	no-link	question-answer	-0.0849	-0.1141	-0.1366	-0.03	-0.031	-0.016	0
TO:	JUNE	[0.08885941644562334, 0.108, 0.11803713527851459, 0.122]	[0.4986737400530504, 0.139, 0.5397877984084881, 0.153]	no-link	question-question	-0.3806	-0.4098	-0.4509	-0.031	-0.031	-0.017	0
TO:	SEPT	[0.08885941644562334, 0.108, 0.11803713527851459, 0.122]	[0.6962864721485411, 0.14, 0.7360742705570292, 0.153]	no-link	question-question	-0.5782	-0.6074	-0.6472	-0.032	-0.031	-0.018	0
TO:	R.	[0.08885941644562334, 0.108, 0.11803713527851459, 0.122]	[0.1870026525198939, 0.14, 0.20159151193633953, 0.153]	no-link	question-answer	-0.069	-0.0981	-0.1127	-0.032	-0.031	-0.018	0
TO:	FROM:	[0.08885941644562334, 0.108, 0.11803713527851459, 0.122]	[0.09018567639257294, 0.138, 0.14323607427055704, 0.153]	line-line	question-question	0.0544	0.03	0.0013	0.031	-0.0279	0.045	0
TO:	S.	[0.08885941644562334, 0.108, 0.11803713527851459, 0.122]	[0.1856763925729443, 0.108, 0.20159151193633953, 0.121]	question-answer	question-answer	0.1127	0.0	0.0968	-0.001	0.0676	0.013	0
S.	P.	[0.1856763925729443, 0.108, 0.20159151193633953, 0.121]	[0.20159151193633953, 0.108, 0.21883289124668434, 0.121]	word-word	answer-answer	0.0332	0.0	0.0159	0.0	0.0	0.013	0
S.	SUBMISSION	[0.1856763925729443, 0.108, 0.20159151193633953, 0.121]	[0.5928381962864722, 0.109, 0.6936339522546419, 0.123]	no-link	answer-header	-0.3912	-0.4072	-0.508	-0.001	-0.002	0.012	0
S.	FROM:	[0.1856763925729443, 0.108, 0.20159151193633953, 0.121]	[0.09018567639257294, 0.138, 0.14323607427055704, 0.153]	no-link	answer-question	0.1114	0.0955	0.0424	-0.03	-0.032	-0.017	0
S.	W.	[0.1856763925729443, 0.108, 0.20159151193633953, 0.121]	[0.20291777188328913, 0.138, 0.22546419098143236, 0.153]	no-link	answer-answer	-0.0013	-0.0172	-0.0398	-0.03	-0.032	-0.017	0
S.	JUNE	[0.1856763925729443, 0.108, 0.20159151193633953, 0.121]	[0.4986737400530504, 0.139, 0.5397877984084881, 0.153]	no-link	answer-question	-0.2971	-0.313	-0.3541	-0.031	-0.032	-0.018	0
S.	SEPT	[0.1856763925729443, 0.108, 0.20159151193633953, 0.121]	[0.6962864721485411, 0.14, 0.7360742705570292, 0.153]	no-link	answer-question	-0.4947	-0.5106	-0.5504	-0.032	-0.032	-0.019	0
S.	R.	[0.1856763925729443, 0.108, 0.20159151193633953, 0.121]	[0.1870026525198939, 0.14, 0.20159151193633953, 0.153]	no-link	answer-answer	0.0146	-0.0013	-0.0159	-0.032	-0.032	-0.019	0
S.	AUG	[0.1856763925729443, 0.108, 0.20159151193633953, 0.121]	[0.5026525198938993, 0.169, 0.5344827586206896, 0.183]	no-link	answer-question	-0.3011	-0.317	-0.3488	-0.061	-0.062	-0.048	0
P.	ZOLOT	[0.20159151193633953, 0.108, 0.21883289124668434, 0.121]	[0.22015915119363394, 0.108, 0.2718832891246684, 0.121]	word-word	answer-answer	0.0703	0.0	0.0186	0.0	0.0013	0.013	0
P.	SUBMISSION	[0.20159151193633953, 0.108, 0.21883289124668434, 0.121]	[0.5928381962864722, 0.109, 0.6936339522546419, 0.123]	no-link	answer-question	-0.374	-0.3912	-0.492	-0.001	-0.002	0.012	0
P.	FROM:	[0.20159151193633953, 0.108, 0.21883289124668434, 0.121]	[0.09018567639257294, 0.138, 0.14323607427055704, 0.153]	no-link	answer-question	0.1286	0.1114	0.0584	-0.03	-0.032	-0.017	0
P.	W.	[0.20159151193633953, 0.108, 0.21883289124668434, 0.121]	[0.20291777188328913, 0.138, 0.22546419098143236, 0.153]	no-link	answer-answer	0.0159	-0.0013	-0.0239	-0.03	-0.032	-0.017	0
P.	JUNE	[0.20159151193633953, 0.108, 0.21883289124668434, 0.121]	[0.4986737400530504, 0.139, 0.5397877984084881, 0.153]	no-link	answer-question	-0.2798	-0.2971	-0.3382	-0.031	-0.032	-0.018	0
P.	SEPT	[0.20159151193633953, 0.108, 0.21883289124668434, 0.121]	[0.6962864721485411, 0.14, 0.7360742705570292, 0.153]	no-link	answer-question	-0.4775	-0.4947	-0.5345	-0.032	-0.032	-0.019	0
P.	R.	[0.20159151193633953, 0.108, 0.21883289124668434, 0.121]	[0.1870026525198939, 0.14, 0.20159151193633953, 0.153]	no-link	answer-answer	0.0318	0.0146	0.0	-0.032	-0.032	-0.019	0
P.	AUG	[0.20159151193633953, 0.108, 0.21883289124668434, 0.121]	[0.5026525198938993, 0.169, 0.5344827586206896, 0.183]	no-link	answer-question	-0.2838	-0.3011	-0.3329	-0.061	-0.062	-0.048	0
SUBMISSION	DATE	[0.5928381962864722, 0.109, 0.6936339522546419, 0.123]	[0.6962864721485411, 0.109, 0.7413793103448276, 0.123]	word-word	header-header	0.1485	0.0	0.1034	0.0	0.0027	0.014	0
SUBMISSION	FROM:	[0.5928381962864722, 0.109, 0.6936339522546419, 0.123]	[0.09018567639257294, 0.138, 0.14323607427055704, 0.153]	no-link	header-question	0.6034	0.5027	0.4496	-0.029	-0.03	-0.015	0
SUBMISSION	W.	[0.5928381962864722, 0.109, 0.6936339522546419, 0.123]	[0.20291777188328913, 0.138, 0.22546419098143236, 0.153]	no-link	header-answer	0.4907	0.3899	0.3674	-0.029	-0.03	-0.015	0
SUBMISSION	JUNE	[0.5928381962864722, 0.109, 0.6936339522546419, 0.123]	[0.4986737400530504, 0.139, 0.5397877984084881, 0.153]	no-link	header-question	0.195	0.0942	0.0531	-0.03	-0.03	-0.016	0
SUBMISSION	SEPT	[0.5928381962864722, 0.109, 0.6936339522546419, 0.123]	[0.6962864721485411, 0.14, 0.7360742705570292, 0.153]	no-link	header-question	-0.0027	-0.1034	-0.1432	-0.031	-0.03	-0.017	0
SUBMISSION	R.	[0.5928381962864722, 0.109, 0.6936339522546419, 0.123]	[0.1870026525198939, 0.14, 0.20159151193633953, 0.153]	no-link	header-answer	0.5066	0.4058	0.3912	-0.031	-0.03	-0.017	0
SUBMISSION	AUG	[0.5928381962864722, 0.109, 0.6936339522546419, 0.123]	[0.5026525198938993, 0.169, 0.5344827586206896, 0.183]	no-link	header-question	0.191	0.0902	0.0584	-0.06	-0.06	-0.046	0
SUBMISSION	JUNE	[0.5928381962864722, 0.109, 0.6936339522546419, 0.123]	[0.4986737400530504, 0.139, 0.5397877984084881, 0.153]	header-question	header-question	-0.0531	0.03	-0.0942	0.03	-0.195	0.044	0
SUBMISSION	SEPT	[0.5928381962864722, 0.109, 0.6936339522546419, 0.123]	[0.6962864721485411, 0.14, 0.7360742705570292, 0.153]	header-question	header-question	0.1432	0.031	0.1034	0.03	0.0027	0.044	0
SUBMISSION	NOV	[0.5928381962864722, 0.109, 0.6936339522546419, 0.123]	[0.7015915119363395, 0.171, 0.7387267904509284, 0.184]	header-question	header-question	0.1459	0.062	0.1088	0.061	0.008	0.075	0
SUBMISSION	AUG	[0.5928381962864722, 0.109, 0.6936339522546419, 0.123]	[0.5026525198938993, 0.169, 0.5344827586206896, 0.183]	header-question	header-question	-0.0584	0.06	-0.0902	0.06	-0.191	0.074	0
SUBMISSION	DATE	[0.5928381962864722, 0.109, 0.6936339522546419, 0.123]	[0.6962864721485411, 0.109, 0.7413793103448276, 0.123]	word-word	header-header	0.1485	0.0	0.1034	0.0	0.0027	0.014	1
SUBMISSION	DATE	[0.5928381962864722, 0.109, 0.6936339522546419, 0.123]	[0.6962864721485411, 0.109, 0.7413793103448276, 0.123]	word-word	header-header	0.1485	0.0	0.1034	0.0	0.0027	0.014	2
FROM:	JUNE	[0.09018567639257294, 0.138, 0.14323607427055704, 0.153]	[0.4986737400530504, 0.139, 0.5397877984084881, 0.153]	question-question	question-question	0.4496	0.001	0.4085	0.0	0.3554	0.015	1
FROM:	W.	[0.09018567639257294, 0.138, 0.14323607427055704, 0.153]	[0.20291777188328913, 0.138, 0.22546419098143236, 0.153]	no-link	question-answer	-0.0597	-0.1127	-0.1353	0.0	0.0	0.015	1
FROM:	SEPT	[0.09018567639257294, 0.138, 0.14323607427055704, 0.153]	[0.6962864721485411, 0.14, 0.7360742705570292, 0.153]	no-link	question-question	-0.5531	-0.6061	-0.6459	-0.002	0.0	0.013	1
FROM:	R.	[0.09018567639257294, 0.138, 0.14323607427055704, 0.153]	[0.1870026525198939, 0.14, 0.20159151193633953, 0.153]	no-link	question-answer	-0.0438	-0.0968	-0.1114	-0.002	0.0	0.013	1
FROM:	AUG	[0.09018567639257294, 0.138, 0.14323607427055704, 0.153]	[0.5026525198938993, 0.169, 0.5344827586206896, 0.183]	no-link	question-question	-0.3594	-0.4125	-0.4443	-0.031	-0.03	-0.016	1
FROM:	NOV	[0.09018567639257294, 0.138, 0.14323607427055704, 0.153]	[0.7015915119363395, 0.171, 0.7387267904509284, 0.184]	no-link	question-question	-0.5584	-0.6114	-0.6485	-0.033	-0.031	-0.018	1
FROM:	SPECIALS	[0.09018567639257294, 0.138, 0.14323607427055704, 0.153]	[0.27984084880636606, 0.199, 0.3660477453580902, 0.214]	no-link	question-answer	-0.1366	-0.1897	-0.2759	-0.061	-0.061	-0.046	1
FROM:	AUG	[0.09018567639257294, 0.138, 0.14323607427055704, 0.153]	[0.5026525198938993, 0.169, 0.5344827586206896, 0.183]	line-line	question-question	0.4443	0.031	0.4125	0.03	0.3594	0.045	1
FROM:	EXPANSION	[0.09018567639257294, 0.138, 0.14323607427055704, 0.153]	[0.3713527851458886, 0.2, 0.46021220159151194, 0.214]	no-link	question-answer	-0.2281	-0.2812	-0.37	-0.062	-0.061	-0.047	1
FROM:	R.	[0.09018567639257294, 0.138, 0.14323607427055704, 0.153]	[0.1870026525198939, 0.14, 0.20159151193633953, 0.153]	question-answer	question-answer	0.1114	0.002	0.0968	0.0	0.0438	0.015	1
FROM:	MARKETS	[0.09018567639257294, 0.138, 0.14323607427055704, 0.153]	[0.4708222811671088, 0.2, 0.5424403183023873, 0.213]	no-link	question-answer	-0.3276	-0.3806	-0.4523	-0.062	-0.06	-0.047	1
W.	Richardson	[0.20291777188328913, 0.138, 0.22546419098143236, 0.153]	[0.22546419098143236, 0.139, 0.3037135278514589, 0.156]	word-word	answer-answer	0.1008	0.001	0.0225	0.003	0.0	0.018	1
W.	JUNE	[0.20291777188328913, 0.138, 0.22546419098143236, 0.153]	[0.4986737400530504, 0.139, 0.5397877984084881, 0.153]	no-link	answer-question	-0.2732	-0.2958	-0.3369	-0.001	0.0	0.014	1
W.	SEPT	[0.20291777188328913, 0.138, 0.22546419098143236, 0.153]	[0.6962864721485411, 0.14, 0.7360742705570292, 0.153]	no-link	answer-question	-0.4708	-0.4934	-0.5332	-0.002	0.0	0.013	1
W.	R.	[0.20291777188328913, 0.138, 0.22546419098143236, 0.153]	[0.1870026525198939, 0.14, 0.20159151193633953, 0.153]	no-link	answer-answer	0.0385	0.0159	0.0013	-0.002	0.0	0.013	1
W.	AUG	[0.20291777188328913, 0.138, 0.22546419098143236, 0.153]	[0.5026525198938993, 0.169, 0.5344827586206896, 0.183]	no-link	answer-question	-0.2772	-0.2997	-0.3316	-0.031	-0.03	-0.016	1
W.	NOV	[0.20291777188328913, 0.138, 0.22546419098143236, 0.153]	[0.7015915119363395, 0.171, 0.7387267904509284, 0.184]	no-link	answer-question	-0.4761	-0.4987	-0.5358	-0.033	-0.031	-0.018	1
W.	SPECIALS	[0.20291777188328913, 0.138, 0.22546419098143236, 0.153]	[0.27984084880636606, 0.199, 0.3660477453580902, 0.214]	no-link	answer-answer	-0.0544	-0.0769	-0.1631	-0.061	-0.061	-0.046	1
W.	EXPANSION	[0.20291777188328913, 0.138, 0.22546419098143236, 0.153]	[0.3713527851458886, 0.2, 0.46021220159151194, 0.214]	no-link	answer-answer	-0.1459	-0.1684	-0.2573	-0.062	-0.061	-0.047	1
W.	MARKETS	[0.20291777188328913, 0.138, 0.22546419098143236, 0.153]	[0.4708222811671088, 0.2, 0.5424403183023873, 0.213]	no-link	answer-answer	-0.2454	-0.2679	-0.3395	-0.062	-0.06	-0.047	1
W.	PROGRESS	[0.20291777188328913, 0.138, 0.22546419098143236, 0.153]	[0.5464190981432361, 0.2, 0.629973474801061, 0.214]	no-link	answer-answer	-0.321	-0.3435	-0.4271	-0.062	-0.061	-0.047	1
JUNE	29	[0.4986737400530504, 0.139, 0.5397877984084881, 0.153]	[0.5397877984084881, 0.14, 0.5596816976127321, 0.152]	word-word	question-question	0.061	0.001	0.0411	-0.001	0.0	0.013	0
JUNE	SEPT	[0.4986737400530504, 0.139, 0.5397877984084881, 0.153]	[0.6962864721485411, 0.14, 0.7360742705570292, 0.153]	no-link	question-question	-0.1565	-0.1976	-0.2374	-0.001	0.0	0.013	0
JUNE	R.	[0.4986737400530504, 0.139, 0.5397877984084881, 0.153]	[0.1870026525198939, 0.14, 0.20159151193633953, 0.153]	no-link	question-answer	0.3528	0.3117	0.2971	-0.001	0.0	0.013	0
JUNE	AUG	[0.4986737400530504, 0.139, 0.5397877984084881, 0.153]	[0.5026525198938993, 0.169, 0.5344827586206896, 0.183]	no-link	question-question	0.0371	-0.004	-0.0358	-0.03	-0.03	-0.016	0
JUNE	NOV	[0.4986737400530504, 0.139, 0.5397877984084881, 0.153]	[0.7015915119363395, 0.171, 0.7387267904509284, 0.184]	no-link	question-question	-0.1618	-0.2029	-0.2401	-0.032	-0.031	-0.018	0
JUNE	SPECIALS	[0.4986737400530504, 0.139, 0.5397877984084881, 0.153]	[0.27984084880636606, 0.199, 0.3660477453580902, 0.214]	no-link	question-answer	0.2599	0.2188	0.1326	-0.06	-0.061	-0.046	0
JUNE	EXPANSION	[0.4986737400530504, 0.139, 0.5397877984084881, 0.153]	[0.3713527851458886, 0.2, 0.46021220159151194, 0.214]	no-link	question-answer	0.1684	0.1273	0.0385	-0.061	-0.061	-0.047	0
JUNE	MARKETS	[0.4986737400530504, 0.139, 0.5397877984084881, 0.153]	[0.4708222811671088, 0.2, 0.5424403183023873, 0.213]	no-link	question-answer	0.069	0.0279	-0.0438	-0.061	-0.06	-0.047	0
JUNE	PROGRESS	[0.4986737400530504, 0.139, 0.5397877984084881, 0.153]	[0.5464190981432361, 0.2, 0.629973474801061, 0.214]	no-link	question-answer	-0.0066	-0.0477	-0.1313	-0.061	-0.061	-0.047	0
JUNE	MAVERICK	[0.4986737400530504, 0.139, 0.5397877984084881, 0.153]	[0.1816976127320955, 0.202, 0.27718832891246686, 0.215]	no-link	question-answer	0.3581	0.317	0.2215	-0.063	-0.062	-0.049	0
JUNE	SEPT	[0.4986737400530504, 0.139, 0.5397877984084881, 0.153]	[0.6962864721485411, 0.14, 0.7360742705570292, 0.153]	question-question	question-question	0.2374	0.001	0.1976	0.0	0.1565	0.014	1
JUNE	SUBJECT:	[0.4986737400530504, 0.139, 0.5397877984084881, 0.153]	[0.09018567639257294, 0.203, 0.16710875331564987, 0.216]	no-link	question-question	0.4496	0.4085	0.3316	-0.064	-0.063	-0.05	1
JUNE	29	[0.4986737400530504, 0.139, 0.5397877984084881, 0.153]	[0.5397877984084881, 0.14, 0.5596816976127321, 0.152]	word-word	question-question	0.061	0.001	0.0411	-0.001	0.0	0.013	1
JUNE	SUBMISSION	[0.4986737400530504, 0.139, 0.5397877984084881, 0.153]	[0.5928381962864722, 0.109, 0.6936339522546419, 0.123]	question-header	question-header	0.195	-0.03	0.0942	-0.03	0.0531	-0.016	1
JUNE	GEOGRAPHY	[0.4986737400530504, 0.139, 0.5397877984084881, 0.153]	[0.22015915119363394, 0.237, 0.3222811671087533, 0.25]	no-link	question-header	0.3196	0.2785	0.1764	-0.098	-0.097	-0.084	1
SEPT	21	[0.6962864721485411, 0.14, 0.7360742705570292, 0.153]	[0.7374005305039788, 0.14, 0.7572944297082228, 0.153]	word-word	question-question	0.061	0.0	0.0411	0.0	0.0013	0.013	0
SEPT	AUG	[0.6962864721485411, 0.14, 0.7360742705570292, 0.153]	[0.5026525198938993, 0.169, 0.5344827586206896, 0.183]	no-link	question-question	0.2334	0.1936	0.1618	-0.029	-0.03	-0.016	0
SEPT	NOV	[0.6962864721485411, 0.14, 0.7360742705570292, 0.153]	[0.7015915119363395, 0.171, 0.7387267904509284, 0.184]	no-link	question-question	0.0345	-0.0053	-0.0424	-0.031	-0.031	-0.018	0
SEPT	SPECIALS	[0.6962864721485411, 0.14, 0.7360742705570292, 0.153]	[0.27984084880636606, 0.199, 0.3660477453580902, 0.214]	no-link	question-answer	0.4562	0.4164	0.3302	-0.059	-0.061	-0.046	0
SEPT	EXPANSION	[0.6962864721485411, 0.14, 0.7360742705570292, 0.153]	[0.3713527851458886, 0.2, 0.46021220159151194, 0.214]	no-link	question-answer	0.3647	0.3249	0.2361	-0.06	-0.061	-0.047	0
SEPT	MARKETS	[0.6962864721485411, 0.14, 0.7360742705570292, 0.153]	[0.4708222811671088, 0.2, 0.5424403183023873, 0.213]	no-link	question-answer	0.2653	0.2255	0.1538	-0.06	-0.06	-0.047	0
SEPT	PROGRESS	[0.6962864721485411, 0.14, 0.7360742705570292, 0.153]	[0.5464190981432361, 0.2, 0.629973474801061, 0.214]	no-link	question-answer	0.1897	0.1499	0.0663	-0.06	-0.061	-0.047	0
SEPT	MAVERICK	[0.6962864721485411, 0.14, 0.7360742705570292, 0.153]	[0.1816976127320955, 0.202, 0.27718832891246686, 0.215]	no-link	question-answer	0.5544	0.5146	0.4191	-0.062	-0.062	-0.049	0
SEPT	SUBJECT:	[0.6962864721485411, 0.14, 0.7360742705570292, 0.153]	[0.09018567639257294, 0.203, 0.16710875331564987, 0.216]	no-link	question-question	0.6459	0.6061	0.5292	-0.063	-0.063	-0.05	0
SEPT	GEOGRAPHY	[0.6962864721485411, 0.14, 0.7360742705570292, 0.153]	[0.22015915119363394, 0.237, 0.3222811671087533, 0.25]	no-link	question-header	0.5159	0.4761	0.374	-0.097	-0.097	-0.084	0
SEPT	FULL	[0.6962864721485411, 0.14, 0.7360742705570292, 0.153]	[0.3952254641909814, 0.262, 0.4376657824933687, 0.275]	no-link	question-question	0.3408	0.3011	0.2586	-0.122	-0.122	-0.109	0
R.	W.	[0.1870026525198939, 0.14, 0.20159151193633953, 0.153]	[0.20291777188328913, 0.138, 0.22546419098143236, 0.153]	word-word	answer-answer	0.0385	-0.002	0.0159	0.0	0.0013	0.013	1
R.	SEPT	[0.1870026525198939, 0.14, 0.20159151193633953, 0.153]	[0.6962864721485411, 0.14, 0.7360742705570292, 0.153]	no-link	answer-header	-0.4947	-0.5093	-0.5491	0.0	0.0	0.013	1
R.	AUG	[0.1870026525198939, 0.14, 0.20159151193633953, 0.153]	[0.5026525198938993, 0.169, 0.5344827586206896, 0.183]	no-link	answer-question	-0.3011	-0.3156	-0.3475	-0.029	-0.03	-0.016	1
R.	NOV	[0.1870026525198939, 0.14, 0.20159151193633953, 0.153]	[0.7015915119363395, 0.171, 0.7387267904509284, 0.184]	no-link	answer-question	-0.5	-0.5146	-0.5517	-0.031	-0.031	-0.018	1
R.	SPECIALS	[0.1870026525198939, 0.14, 0.20159151193633953, 0.153]	[0.27984084880636606, 0.199, 0.3660477453580902, 0.214]	no-link	answer-answer	-0.0782	-0.0928	-0.179	-0.059	-0.061	-0.046	1
R.	EXPANSION	[0.1870026525198939, 0.14, 0.20159151193633953, 0.153]	[0.3713527851458886, 0.2, 0.46021220159151194, 0.214]	no-link	answer-answer	-0.1698	-0.1844	-0.2732	-0.06	-0.061	-0.047	1
R.	MARKETS	[0.1870026525198939, 0.14, 0.20159151193633953, 0.153]	[0.4708222811671088, 0.2, 0.5424403183023873, 0.213]	no-link	answer-answer	-0.2692	-0.2838	-0.3554	-0.06	-0.06	-0.047	1
R.	PROGRESS	[0.1870026525198939, 0.14, 0.20159151193633953, 0.153]	[0.5464190981432361, 0.2, 0.629973474801061, 0.214]	no-link	answer-answer	-0.3448	-0.3594	-0.443	-0.06	-0.061	-0.047	1
R.	MAVERICK	[0.1870026525198939, 0.14, 0.20159151193633953, 0.153]	[0.1816976127320955, 0.202, 0.27718832891246686, 0.215]	no-link	answer-answer	0.0199	0.0053	-0.0902	-0.062	-0.062	-0.049	1
R.	SUBJECT:	[0.1870026525198939, 0.14, 0.20159151193633953, 0.153]	[0.09018567639257294, 0.203, 0.16710875331564987, 0.216]	no-link	answer-question	0.1114	0.0968	0.0199	-0.063	-0.063	-0.05	1
R.	GEOGRAPHY	[0.1870026525198939, 0.14, 0.20159151193633953, 0.153]	[0.22015915119363394, 0.237, 0.3222811671087533, 0.25]	no-link	answer-header	-0.0186	-0.0332	-0.1353	-0.097	-0.097	-0.084	1
R.	FULL	[0.1870026525198939, 0.14, 0.20159151193633953, 0.153]	[0.3952254641909814, 0.262, 0.4376657824933687, 0.275]	no-link	answer-question	-0.1936	-0.2082	-0.2507	-0.122	-0.122	-0.109	1
SEPT	21	[0.6962864721485411, 0.14, 0.7360742705570292, 0.153]	[0.7374005305039788, 0.14, 0.7572944297082228, 0.153]	word-word	question-question	0.061	0.0	0.0411	0.0	0.0013	0.013	1
SEPT	REGION:	[0.6962864721485411, 0.14, 0.7360742705570292, 0.153]	[0.08885941644562334, 0.263, 0.16578249336870027, 0.276]	no-link	question-question	0.6472	0.6074	0.5305	-0.123	-0.123	-0.11	1
SEPT	SUBMISSION	[0.6962864721485411, 0.14, 0.7360742705570292, 0.153]	[0.5928381962864722, 0.109, 0.6936339522546419, 0.123]	question-header	question-header	-0.0027	-0.031	-0.1034	-0.03	-0.1432	-0.017	1
AUG	10	[0.5026525198938993, 0.169, 0.5344827586206896, 0.183]	[0.5397877984084881, 0.169, 0.5557029177718833, 0.181]	word-word	question-question	0.0531	0.0	0.0371	-0.002	0.0053	0.012	0
AUG	NOV	[0.5026525198938993, 0.169, 0.5344827586206896, 0.183]	[0.7015915119363395, 0.171, 0.7387267904509284, 0.184]	no-link	question-question	-0.1671	-0.1989	-0.2361	-0.002	-0.001	0.012	0
AUG	SPECIALS	[0.5026525198938993, 0.169, 0.5344827586206896, 0.183]	[0.27984084880636606, 0.199, 0.3660477453580902, 0.214]	no-link	question-answer	0.2546	0.2228	0.1366	-0.03	-0.031	-0.016	0
AUG	EXPANSION	[0.5026525198938993, 0.169, 0.5344827586206896, 0.183]	[0.3713527851458886, 0.2, 0.46021220159151194, 0.214]	no-link	question-answer	0.1631	0.1313	0.0424	-0.031	-0.031	-0.017	0
AUG	MARKETS	[0.5026525198938993, 0.169, 0.5344827586206896, 0.183]	[0.4708222811671088, 0.2, 0.5424403183023873, 0.213]	no-link	question-answer	0.0637	0.0318	-0.0398	-0.031	-0.03	-0.017	0
AUG	PROGRESS	[0.5026525198938993, 0.169, 0.5344827586206896, 0.183]	[0.5464190981432361, 0.2, 0.629973474801061, 0.214]	no-link	question-answer	-0.0119	-0.0438	-0.1273	-0.031	-0.031	-0.017	0
AUG	MAVERICK	[0.5026525198938993, 0.169, 0.5344827586206896, 0.183]	[0.1816976127320955, 0.202, 0.27718832891246686, 0.215]	no-link	question-answer	0.3528	0.321	0.2255	-0.033	-0.032	-0.019	0
AUG	SUBJECT:	[0.5026525198938993, 0.169, 0.5344827586206896, 0.183]	[0.09018567639257294, 0.203, 0.16710875331564987, 0.216]	no-link	question-question	0.4443	0.4125	0.3355	-0.034	-0.033	-0.02	0
AUG	GEOGRAPHY	[0.5026525198938993, 0.169, 0.5344827586206896, 0.183]	[0.22015915119363394, 0.237, 0.3222811671087533, 0.25]	no-link	question-header	0.3143	0.2825	0.1804	-0.068	-0.067	-0.054	0
AUG	FULL	[0.5026525198938993, 0.169, 0.5344827586206896, 0.183]	[0.3952254641909814, 0.262, 0.4376657824933687, 0.275]	no-link	question-question	0.1393	0.1074	0.065	-0.093	-0.092	-0.079	0
AUG	REGION:	[0.5026525198938993, 0.169, 0.5344827586206896, 0.183]	[0.08885941644562334, 0.263, 0.16578249336870027, 0.276]	no-link	question-question	0.4456	0.4138	0.3369	-0.094	-0.093	-0.08	0
AUG	NOV	[0.5026525198938993, 0.169, 0.5344827586206896, 0.183]	[0.7015915119363395, 0.171, 0.7387267904509284, 0.184]	question-question	question-question	0.2361	0.002	0.1989	0.001	0.1671	0.015	2
AUG	PARTIAL	[0.5026525198938993, 0.169, 0.5344827586206896, 0.183]	[0.6737400530503979, 0.263, 0.73342175066313, 0.275]	no-link	question-header	-0.1393	-0.1711	-0.2308	-0.094	-0.092	-0.08	2
AUG	SUBJECT:	[0.5026525198938993, 0.169, 0.5344827586206896, 0.183]	[0.09018567639257294, 0.203, 0.16710875331564987, 0.216]	line-line	question-question	-0.3355	0.034	-0.4125	0.033	-0.4443	0.047	2
AUG	DIVISION:	[0.5026525198938993, 0.169, 0.5344827586206896, 0.183]	[0.09151193633952255, 0.311, 0.16976127320954906, 0.325]	no-link	question-question	0.443	0.4111	0.3329	-0.142	-0.142	-0.128	2
AUG	10	[0.5026525198938993, 0.169, 0.5344827586206896, 0.183]	[0.5397877984084881, 0.169, 0.5557029177718833, 0.181]	word-word	question-question	0.0531	0.0	0.0371	-0.002	0.0053	0.012	2
AUG	SUBMISSION	[0.5026525198938993, 0.169, 0.5344827586206896, 0.183]	[0.5928381962864722, 0.109, 0.6936339522546419, 0.123]	question-header	question-header	0.191	-0.06	0.0902	-0.06	0.0584	-0.046	2
AUG	x	[0.5026525198938993, 0.169, 0.5344827586206896, 0.183]	[0.596816976127321, 0.171, 0.6153846153846154, 0.184]	question-answer	question-answer	0.1127	0.002	0.0942	0.001	0.0623	0.015	2
NOV	9	[0.7015915119363395, 0.171, 0.7387267904509284, 0.184]	[0.7374005305039788, 0.169, 0.7519893899204244, 0.184]	word-word	question-question	0.0504	-0.002	0.0358	0.0	-0.0013	0.013	0
NOV	SPECIALS	[0.7015915119363395, 0.171, 0.7387267904509284, 0.184]	[0.27984084880636606, 0.199, 0.3660477453580902, 0.214]	no-link	question-answer	0.4589	0.4218	0.3355	-0.028	-0.03	-0.015	0
NOV	EXPANSION	[0.7015915119363395, 0.171, 0.7387267904509284, 0.184]	[0.3713527851458886, 0.2, 0.46021220159151194, 0.214]	no-link	question-answer	0.3674	0.3302	0.2414	-0.029	-0.03	-0.016	0
NOV	MARKETS	[0.7015915119363395, 0.171, 0.7387267904509284, 0.184]	[0.4708222811671088, 0.2, 0.5424403183023873, 0.213]	no-link	question-answer	0.2679	0.2308	0.1592	-0.029	-0.029	-0.016	0
NOV	PROGRESS	[0.7015915119363395, 0.171, 0.7387267904509284, 0.184]	[0.5464190981432361, 0.2, 0.629973474801061, 0.214]	no-link	question-answer	0.1923	0.1552	0.0716	-0.029	-0.03	-0.016	0
NOV	MAVERICK	[0.7015915119363395, 0.171, 0.7387267904509284, 0.184]	[0.1816976127320955, 0.202, 0.27718832891246686, 0.215]	no-link	question-answer	0.557	0.5199	0.4244	-0.031	-0.031	-0.018	0
NOV	SUBJECT:	[0.7015915119363395, 0.171, 0.7387267904509284, 0.184]	[0.09018567639257294, 0.203, 0.16710875331564987, 0.216]	no-link	question-question	0.6485	0.6114	0.5345	-0.032	-0.032	-0.019	0
NOV	GEOGRAPHY	[0.7015915119363395, 0.171, 0.7387267904509284, 0.184]	[0.22015915119363394, 0.237, 0.3222811671087533, 0.25]	no-link	question-header	0.5186	0.4814	0.3793	-0.066	-0.066	-0.053	0
NOV	FULL	[0.7015915119363395, 0.171, 0.7387267904509284, 0.184]	[0.3952254641909814, 0.262, 0.4376657824933687, 0.275]	no-link	question-question	0.3435	0.3064	0.2639	-0.091	-0.091	-0.078	0
NOV	REGION:	[0.7015915119363395, 0.171, 0.7387267904509284, 0.184]	[0.08885941644562334, 0.263, 0.16578249336870027, 0.276]	no-link	question-question	0.6499	0.6127	0.5358	-0.092	-0.092	-0.079	0
NOV	PARTIAL	[0.7015915119363395, 0.171, 0.7387267904509284, 0.184]	[0.6737400530503979, 0.263, 0.73342175066313, 0.275]	no-link	question-header	0.065	0.0279	-0.0318	-0.092	-0.091	-0.079	0
NOV	DIVISION:	[0.7015915119363395, 0.171, 0.7387267904509284, 0.184]	[0.09151193633952255, 0.311, 0.16976127320954906, 0.325]	no-link	question-question	0.6472	0.6101	0.5318	-0.14	-0.141	-0.127	0
NOV	DIVISION	[0.7015915119363395, 0.171, 0.7387267904509284, 0.184]	[0.1206896551724138, 0.336, 0.19230769230769232, 0.349]	no-link	question-question	0.618	0.5809	0.5093	-0.165	-0.165	-0.152	0
NOV	9	[0.7015915119363395, 0.171, 0.7387267904509284, 0.184]	[0.7374005305039788, 0.169, 0.7519893899204244, 0.184]	word-word	question-question	0.0504	-0.002	0.0358	0.0	-0.0013	0.013	2
NOV	SUBMISSION	[0.7015915119363395, 0.171, 0.7387267904509284, 0.184]	[0.5928381962864722, 0.109, 0.6936339522546419, 0.123]	question-header	question-header	-0.008	-0.062	-0.1088	-0.061	-0.1459	-0.048	2
SPECIALS	EXPANSION	[0.27984084880636606, 0.199, 0.3660477453580902, 0.214]	[0.3713527851458886, 0.2, 0.46021220159151194, 0.214]	word-word	answer-answer	0.1804	0.001	0.0915	0.0	0.0053	0.015	3
SPECIALS	MARKETS	[0.27984084880636606, 0.199, 0.3660477453580902, 0.214]	[0.4708222811671088, 0.2, 0.5424403183023873, 0.213]	no-link	answer-answer	-0.1048	-0.191	-0.2626	-0.001	0.001	0.014	3
SPECIALS	PROGRESS	[0.27984084880636606, 0.199, 0.3660477453580902, 0.214]	[0.5464190981432361, 0.2, 0.629973474801061, 0.214]	no-link	answer-answer	-0.1804	-0.2666	-0.3501	-0.001	0.0	0.014	3
SPECIALS	MAVERICK	[0.27984084880636606, 0.199, 0.3660477453580902, 0.214]	[0.1816976127320955, 0.202, 0.27718832891246686, 0.215]	no-link	answer-answer	0.1844	0.0981	0.0027	-0.003	-0.001	0.012	3
SPECIALS	SUBJECT:	[0.27984084880636606, 0.199, 0.3660477453580902, 0.214]	[0.09018567639257294, 0.203, 0.16710875331564987, 0.216]	no-link	answer-question	0.2759	0.1897	0.1127	-0.004	-0.002	0.011	3
SPECIALS	GEOGRAPHY	[0.27984084880636606, 0.199, 0.3660477453580902, 0.214]	[0.22015915119363394, 0.237, 0.3222811671087533, 0.25]	no-link	answer-header	0.1459	0.0597	-0.0424	-0.038	-0.036	-0.023	3
SPECIALS	FULL	[0.27984084880636606, 0.199, 0.3660477453580902, 0.214]	[0.3952254641909814, 0.262, 0.4376657824933687, 0.275]	no-link	answer-question	-0.0292	-0.1154	-0.1578	-0.063	-0.061	-0.048	3
SPECIALS	REGION:	[0.27984084880636606, 0.199, 0.3660477453580902, 0.214]	[0.08885941644562334, 0.263, 0.16578249336870027, 0.276]	no-link	answer-question	0.2772	0.191	0.1141	-0.064	-0.062	-0.049	3
SPECIALS	PARTIAL	[0.27984084880636606, 0.199, 0.3660477453580902, 0.214]	[0.6737400530503979, 0.263, 0.73342175066313, 0.275]	no-link	answer-header	-0.3077	-0.3939	-0.4536	-0.064	-0.061	-0.049	3
SPECIALS	DIVISION:	[0.27984084880636606, 0.199, 0.3660477453580902, 0.214]	[0.09151193633952255, 0.311, 0.16976127320954906, 0.325]	no-link	answer-question	0.2745	0.1883	0.1101	-0.112	-0.111	-0.097	3
SPECIALS	DIVISION	[0.27984084880636606, 0.199, 0.3660477453580902, 0.214]	[0.1206896551724138, 0.336, 0.19230769230769232, 0.349]	no-link	answer-question	0.2454	0.1592	0.0875	-0.137	-0.135	-0.122	3
EXPANSION	MARKETS	[0.3713527851458886, 0.2, 0.46021220159151194, 0.214]	[0.4708222811671088, 0.2, 0.5424403183023873, 0.213]	word-word	answer-answer	0.1711	0.0	0.0995	-0.001	0.0106	0.013	3
EXPANSION	PROGRESS	[0.3713527851458886, 0.2, 0.46021220159151194, 0.214]	[0.5464190981432361, 0.2, 0.629973474801061, 0.214]	no-link	answer-answer	-0.0862	-0.1751	-0.2586	0.0	0.0	0.014	3
EXPANSION	MAVERICK	[0.3713527851458886, 0.2, 0.46021220159151194, 0.214]	[0.1816976127320955, 0.202, 0.27718832891246686, 0.215]	no-link	answer-answer	0.2785	0.1897	0.0942	-0.002	-0.001	0.012	3
EXPANSION	SUBJECT:	[0.3713527851458886, 0.2, 0.46021220159151194, 0.214]	[0.09018567639257294, 0.203, 0.16710875331564987, 0.216]	no-link	answer-question	0.37	0.2812	0.2042	-0.003	-0.002	0.011	3
EXPANSION	GEOGRAPHY	[0.3713527851458886, 0.2, 0.46021220159151194, 0.214]	[0.22015915119363394, 0.237, 0.3222811671087533, 0.25]	no-link	answer-header	0.2401	0.1512	0.0491	-0.037	-0.036	-0.023	3
EXPANSION	FULL	[0.3713527851458886, 0.2, 0.46021220159151194, 0.214]	[0.3952254641909814, 0.262, 0.4376657824933687, 0.275]	no-link	answer-question	0.065	-0.0239	-0.0663	-0.062	-0.061	-0.048	3
EXPANSION	REGION:	[0.3713527851458886, 0.2, 0.46021220159151194, 0.214]	[0.08885941644562334, 0.263, 0.16578249336870027, 0.276]	no-link	answer-question	0.3714	0.2825	0.2056	-0.063	-0.062	-0.049	3
EXPANSION	PARTIAL	[0.3713527851458886, 0.2, 0.46021220159151194, 0.214]	[0.6737400530503979, 0.263, 0.73342175066313, 0.275]	no-link	answer-header	-0.2135	-0.3024	-0.3621	-0.063	-0.061	-0.049	3
EXPANSION	DIVISION:	[0.3713527851458886, 0.2, 0.46021220159151194, 0.214]	[0.09151193633952255, 0.311, 0.16976127320954906, 0.325]	no-link	answer-question	0.3687	0.2798	0.2016	-0.111	-0.111	-0.097	3
EXPANSION	DIVISION	[0.3713527851458886, 0.2, 0.46021220159151194, 0.214]	[0.1206896551724138, 0.336, 0.19230769230769232, 0.349]	no-link	answer-question	0.3395	0.2507	0.179	-0.136	-0.135	-0.122	3
EXPANSION	Detroit	[0.3713527851458886, 0.2, 0.46021220159151194, 0.214]	[0.5278514588859416, 0.337, 0.5742705570291777, 0.351]	no-link	answer-answer	-0.0676	-0.1565	-0.2029	-0.137	-0.137	-0.123	3
MARKETS	PROGRESS	[0.4708222811671088, 0.2, 0.5424403183023873, 0.213]	[0.5464190981432361, 0.2, 0.629973474801061, 0.214]	word-word	answer-answer	0.1592	0.0	0.0756	0.001	0.004	0.014	3
MARKETS	MAVERICK	[0.4708222811671088, 0.2, 0.5424403183023873, 0.213]	[0.1816976127320955, 0.202, 0.27718832891246686, 0.215]	no-link	answer-answer	0.3607	0.2891	0.1936	-0.002	-0.002	0.011	3
MARKETS	SUBJECT:	[0.4708222811671088, 0.2, 0.5424403183023873, 0.213]	[0.09018567639257294, 0.203, 0.16710875331564987, 0.216]	no-link	answer-question	0.4523	0.3806	0.3037	-0.003	-0.003	0.01	3
MARKETS	GEOGRAPHY	[0.4708222811671088, 0.2, 0.5424403183023873, 0.213]	[0.22015915119363394, 0.237, 0.3222811671087533, 0.25]	no-link	answer-header	0.3223	0.2507	0.1485	-0.037	-0.037	-0.024	3
MARKETS	FULL	[0.4708222811671088, 0.2, 0.5424403183023873, 0.213]	[0.3952254641909814, 0.262, 0.4376657824933687, 0.275]	no-link	answer-question	0.1472	0.0756	0.0332	-0.062	-0.062	-0.049	3
MARKETS	REGION:	[0.4708222811671088, 0.2, 0.5424403183023873, 0.213]	[0.08885941644562334, 0.263, 0.16578249336870027, 0.276]	no-link	answer-question	0.4536	0.382	0.305	-0.063	-0.063	-0.05	3
MARKETS	PARTIAL	[0.4708222811671088, 0.2, 0.5424403183023873, 0.213]	[0.6737400530503979, 0.263, 0.73342175066313, 0.275]	no-link	answer-header	-0.1313	-0.2029	-0.2626	-0.063	-0.062	-0.05	3
MARKETS	DIVISION:	[0.4708222811671088, 0.2, 0.5424403183023873, 0.213]	[0.09151193633952255, 0.311, 0.16976127320954906, 0.325]	no-link	answer-question	0.4509	0.3793	0.3011	-0.111	-0.112	-0.098	3
MARKETS	DIVISION	[0.4708222811671088, 0.2, 0.5424403183023873, 0.213]	[0.1206896551724138, 0.336, 0.19230769230769232, 0.349]	no-link	answer-question	0.4218	0.3501	0.2785	-0.136	-0.136	-0.123	3
MARKETS	Detroit	[0.4708222811671088, 0.2, 0.5424403183023873, 0.213]	[0.5278514588859416, 0.337, 0.5742705570291777, 0.351]	no-link	answer-answer	0.0146	-0.057	-0.1034	-0.137	-0.138	-0.124	3
PROGRESS	REPORT	[0.5464190981432361, 0.2, 0.629973474801061, 0.214]	[0.6339522546419099, 0.203, 0.6962864721485411, 0.215]	word-word	answer-answer	0.1499	0.003	0.0875	0.001	0.004	0.015	3
PROGRESS	SUBJECT:	[0.5464190981432361, 0.2, 0.629973474801061, 0.214]	[0.09018567639257294, 0.203, 0.16710875331564987, 0.216]	no-link	answer-question	0.5398	0.4562	0.3793	-0.003	-0.002	0.011	3
PROGRESS	GEOGRAPHY	[0.5464190981432361, 0.2, 0.629973474801061, 0.214]	[0.22015915119363394, 0.237, 0.3222811671087533, 0.25]	no-link	answer-header	0.4098	0.3263	0.2241	-0.037	-0.036	-0.023	3
PROGRESS	FULL	[0.5464190981432361, 0.2, 0.629973474801061, 0.214]	[0.3952254641909814, 0.262, 0.4376657824933687, 0.275]	no-link	answer-question	0.2347	0.1512	0.1088	-0.062	-0.061	-0.048	3
PROGRESS	REGION:	[0.5464190981432361, 0.2, 0.629973474801061, 0.214]	[0.08885941644562334, 0.263, 0.16578249336870027, 0.276]	no-link	answer-question	0.5411	0.4576	0.3806	-0.063	-0.062	-0.049	3
PROGRESS	PARTIAL	[0.5464190981432361, 0.2, 0.629973474801061, 0.214]	[0.6737400530503979, 0.263, 0.73342175066313, 0.275]	no-link	answer-header	-0.0438	-0.1273	-0.187	-0.063	-0.061	-0.049	3
PROGRESS	DIVISION:	[0.5464190981432361, 0.2, 0.629973474801061, 0.214]	[0.09151193633952255, 0.311, 0.16976127320954906, 0.325]	no-link	answer-question	0.5385	0.4549	0.3767	-0.111	-0.111	-0.097	3
PROGRESS	DIVISION	[0.5464190981432361, 0.2, 0.629973474801061, 0.214]	[0.1206896551724138, 0.336, 0.19230769230769232, 0.349]	no-link	answer-question	0.5093	0.4257	0.3541	-0.136	-0.135	-0.122	3
PROGRESS	Detroit	[0.5464190981432361, 0.2, 0.629973474801061, 0.214]	[0.5278514588859416, 0.337, 0.5742705570291777, 0.351]	no-link	answer-answer	0.1021	0.0186	-0.0279	-0.137	-0.137	-0.123	3
MAVERICK	SPECIALS	[0.1816976127320955, 0.202, 0.27718832891246686, 0.215]	[0.27984084880636606, 0.199, 0.3660477453580902, 0.214]	word-word	answer-answer	0.1844	-0.003	0.0981	-0.001	0.0027	0.012	3
MAVERICK	SUBJECT:	[0.1816976127320955, 0.202, 0.27718832891246686, 0.215]	[0.09018567639257294, 0.203, 0.16710875331564987, 0.216]	no-link	answer-answer	0.187	0.0915	0.0146	-0.001	-0.001	0.012	3
MAVERICK	GEOGRAPHY	[0.1816976127320955, 0.202, 0.27718832891246686, 0.215]	[0.22015915119363394, 0.237, 0.3222811671087533, 0.25]	no-link	answer-header	0.057	-0.0385	-0.1406	-0.035	-0.035	-0.022	3
MAVERICK	FULL	[0.1816976127320955, 0.202, 0.27718832891246686, 0.215]	[0.3952254641909814, 0.262, 0.4376657824933687, 0.275]	no-link	answer-question	-0.118	-0.2135	-0.256	-0.06	-0.06	-0.047	3
MAVERICK	REGION:	[0.1816976127320955, 0.202, 0.27718832891246686, 0.215]	[0.08885941644562334, 0.263, 0.16578249336870027, 0.276]	no-link	answer-question	0.1883	0.0928	0.0159	-0.061	-0.061	-0.048	3
MAVERICK	PARTIAL	[0.1816976127320955, 0.202, 0.27718832891246686, 0.215]	[0.6737400530503979, 0.263, 0.73342175066313, 0.275]	no-link	answer-header	-0.3966	-0.492	-0.5517	-0.061	-0.06	-0.048	3
MAVERICK	DIVISION:	[0.1816976127320955, 0.202, 0.27718832891246686, 0.215]	[0.09151193633952255, 0.311, 0.16976127320954906, 0.325]	no-link	answer-question	0.1857	0.0902	0.0119	-0.109	-0.11	-0.096	3
MAVERICK	DIVISION	[0.1816976127320955, 0.202, 0.27718832891246686, 0.215]	[0.1206896551724138, 0.336, 0.19230769230769232, 0.349]	no-link	answer-question	0.1565	0.061	-0.0106	-0.134	-0.134	-0.121	3
MAVERICK	Detroit	[0.1816976127320955, 0.202, 0.27718832891246686, 0.215]	[0.5278514588859416, 0.337, 0.5742705570291777, 0.351]	no-link	answer-answer	-0.2507	-0.3462	-0.3926	-0.135	-0.136	-0.122	3
SUBJECT:	GEOGRAPHY	[0.09018567639257294, 0.203, 0.16710875331564987, 0.216]	[0.22015915119363394, 0.237, 0.3222811671087533, 0.25]	line-line	question-question	0.2321	0.034	0.13	0.034	0.0531	0.047	3
SUBJECT:	FULL	[0.09018567639257294, 0.203, 0.16710875331564987, 0.216]	[0.3952254641909814, 0.262, 0.4376657824933687, 0.275]	no-link	question-question	-0.2281	-0.305	-0.3475	-0.059	-0.059	-0.046	3
SUBJECT:	REGION:	[0.09018567639257294, 0.203, 0.16710875331564987, 0.216]	[0.08885941644562334, 0.263, 0.16578249336870027, 0.276]	no-link	question-question	0.0782	0.0013	-0.0756	-0.06	-0.06	-0.047	3
SUBJECT:	PARTIAL	[0.09018567639257294, 0.203, 0.16710875331564987, 0.216]	[0.6737400530503979, 0.263, 0.73342175066313, 0.275]	no-link	question-header	-0.5066	-0.5836	-0.6432	-0.06	-0.059	-0.047	3
SUBJECT:	DIVISION:	[0.09018567639257294, 0.203, 0.16710875331564987, 0.216]	[0.09151193633952255, 0.311, 0.16976127320954906, 0.325]	no-link	question-question	0.0756	-0.0013	-0.0796	-0.108	-0.109	-0.095	3
SUBJECT:	DIVISION	[0.09018567639257294, 0.203, 0.16710875331564987, 0.216]	[0.1206896551724138, 0.336, 0.19230769230769232, 0.349]	no-link	question-question	0.0464	-0.0305	-0.1021	-0.133	-0.133	-0.12	3
SUBJECT:	Detroit	[0.09018567639257294, 0.203, 0.16710875331564987, 0.216]	[0.5278514588859416, 0.337, 0.5742705570291777, 0.351]	no-link	question-answer	-0.3607	-0.4377	-0.4841	-0.134	-0.135	-0.121	3
SUBJECT:	MAVERICK	[0.09018567639257294, 0.203, 0.16710875331564987, 0.216]	[0.1816976127320955, 0.202, 0.27718832891246686, 0.215]	question-answer	question-answer	0.187	-0.001	0.0915	-0.001	0.0146	0.012	3
SUBJECT:	#	[0.09018567639257294, 0.203, 0.16710875331564987, 0.216]	[0.6671087533156499, 0.338, 0.6777188328912467, 0.349]	no-link	question-question	-0.5	-0.5769	-0.5875	-0.135	-0.133	-0.122	3
GEOGRAPHY	REGION:	[0.22015915119363394, 0.237, 0.3222811671087533, 0.25]	[0.08885941644562334, 0.263, 0.16578249336870027, 0.276]	line-line	question-header	-0.0544	0.026	-0.1313	0.026	-0.2334	0.039	4
GEOGRAPHY	FULL	[0.22015915119363394, 0.237, 0.3222811671087533, 0.25]	[0.3952254641909814, 0.262, 0.4376657824933687, 0.275]	no-link	question-header	-0.0729	-0.1751	-0.2175	-0.025	-0.025	-0.012	4
GEOGRAPHY	PARTIAL	[0.22015915119363394, 0.237, 0.3222811671087533, 0.25]	[0.6737400530503979, 0.263, 0.73342175066313, 0.275]	no-link	question-header	-0.3515	-0.4536	-0.5133	-0.026	-0.025	-0.013	4
GEOGRAPHY	DIVISION:	[0.22015915119363394, 0.237, 0.3222811671087533, 0.25]	[0.09151193633952255, 0.311, 0.16976127320954906, 0.325]	no-link	question-question	0.2308	0.1286	0.0504	-0.074	-0.075	-0.061	4
GEOGRAPHY	DIVISION	[0.22015915119363394, 0.237, 0.3222811671087533, 0.25]	[0.1206896551724138, 0.336, 0.19230769230769232, 0.349]	no-link	question-question	0.2016	0.0995	0.0279	-0.099	-0.099	-0.086	4
GEOGRAPHY	Detroit	[0.22015915119363394, 0.237, 0.3222811671087533, 0.25]	[0.5278514588859416, 0.337, 0.5742705570291777, 0.351]	no-link	question-answer	-0.2056	-0.3077	-0.3541	-0.1	-0.101	-0.087	4
GEOGRAPHY	#	[0.22015915119363394, 0.237, 0.3222811671087533, 0.25]	[0.6671087533156499, 0.338, 0.6777188328912467, 0.349]	no-link	question-question	-0.3448	-0.4469	-0.4576	-0.101	-0.099	-0.088	4
FULL	PARTIAL	[0.3952254641909814, 0.262, 0.4376657824933687, 0.275]	[0.6737400530503979, 0.263, 0.73342175066313, 0.275]	question-question	question-question	0.3382	0.001	0.2785	0.0	0.2361	0.013	5
FULL	REGION:	[0.3952254641909814, 0.262, 0.4376657824933687, 0.275]	[0.08885941644562334, 0.263, 0.16578249336870027, 0.276]	no-link	question-question	0.3488	0.3064	0.2294	-0.001	-0.001	0.012	5
FULL	DIVISION:	[0.3952254641909814, 0.262, 0.4376657824933687, 0.275]	[0.09151193633952255, 0.311, 0.16976127320954906, 0.325]	no-link	question-question	0.3462	0.3037	0.2255	-0.049	-0.05	-0.036	5
FULL	DIVISION	[0.3952254641909814, 0.262, 0.4376657824933687, 0.275]	[0.1206896551724138, 0.336, 0.19230769230769232, 0.349]	no-link	question-question	0.317	0.2745	0.2029	-0.074	-0.074	-0.061	5
FULL	Detroit	[0.3952254641909814, 0.262, 0.4376657824933687, 0.275]	[0.5278514588859416, 0.337, 0.5742705570291777, 0.351]	no-link	question-answer	-0.0902	-0.1326	-0.179	-0.075	-0.076	-0.062	5
FULL	#	[0.3952254641909814, 0.262, 0.4376657824933687, 0.275]	[0.6671087533156499, 0.338, 0.6777188328912467, 0.349]	no-link	question-question	-0.2294	-0.2719	-0.2825	-0.076	-0.074	-0.063	5
FULL	REGION:	[0.3952254641909814, 0.262, 0.4376657824933687, 0.275]	[0.08885941644562334, 0.263, 0.16578249336870027, 0.276]	question-header	question-header	-0.2294	0.001	-0.3064	0.001	-0.3488	0.014	5
REGION:	FULL	[0.08885941644562334, 0.263, 0.16578249336870027, 0.276]	[0.3952254641909814, 0.262, 0.4376657824933687, 0.275]	header-question	header-question	0.3488	-0.001	0.3064	-0.001	0.2294	0.012	5
REGION:	PARTIAL	[0.08885941644562334, 0.263, 0.16578249336870027, 0.276]	[0.6737400530503979, 0.263, 0.73342175066313, 0.275]	no-link	header-header	-0.508	-0.5849	-0.6446	0.0	0.001	0.013	5
REGION:	DIVISION:	[0.08885941644562334, 0.263, 0.16578249336870027, 0.276]	[0.09151193633952255, 0.311, 0.16976127320954906, 0.325]	no-link	header-question	0.0743	-0.0027	-0.0809	-0.048	-0.049	-0.035	5
REGION:	DIVISION	[0.08885941644562334, 0.263, 0.16578249336870027, 0.276]	[0.1206896551724138, 0.336, 0.19230769230769232, 0.349]	no-link	header-question	0.0451	-0.0318	-0.1034	-0.073	-0.073	-0.06	5
REGION:	Detroit	[0.08885941644562334, 0.263, 0.16578249336870027, 0.276]	[0.5278514588859416, 0.337, 0.5742705570291777, 0.351]	no-link	header-answer	-0.3621	-0.439	-0.4854	-0.074	-0.075	-0.061	5
REGION:	#	[0.08885941644562334, 0.263, 0.16578249336870027, 0.276]	[0.6671087533156499, 0.338, 0.6777188328912467, 0.349]	no-link	header-question	-0.5013	-0.5782	-0.5889	-0.075	-0.073	-0.062	5
REGION:	DIVISION:	[0.08885941644562334, 0.263, 0.16578249336870027, 0.276]	[0.09151193633952255, 0.311, 0.16976127320954906, 0.325]	line-line	header-question	0.0809	0.048	0.0027	0.049	-0.0743	0.062	5
REGION:	PARTIAL	[0.08885941644562334, 0.263, 0.16578249336870027, 0.276]	[0.6737400530503979, 0.263, 0.73342175066313, 0.275]	header-question	header-question	0.6446	0.0	0.5849	-0.001	0.508	0.012	5
PARTIAL	REGION:	[0.6737400530503979, 0.263, 0.73342175066313, 0.275]	[0.08885941644562334, 0.263, 0.16578249336870027, 0.276]	question-header	question-header	-0.508	0.0	-0.5849	0.001	-0.6446	0.013	5
PARTIAL	DIVISION:	[0.6737400530503979, 0.263, 0.73342175066313, 0.275]	[0.09151193633952255, 0.311, 0.16976127320954906, 0.325]	no-link	question-question	0.6419	0.5822	0.504	-0.048	-0.05	-0.036	5
PARTIAL	FULL	[0.6737400530503979, 0.263, 0.73342175066313, 0.275]	[0.3952254641909814, 0.311, 0.4403183023872679, 0.325]	no-link	question-question	0.3382	0.2785	0.2334	-0.048	-0.05	-0.036	5
PARTIAL	DIVISION	[0.6737400530503979, 0.263, 0.73342175066313, 0.275]	[0.1206896551724138, 0.336, 0.19230769230769232, 0.349]	no-link	question-question	0.6127	0.5531	0.4814	-0.073	-0.074	-0.061	5
PARTIAL	Detroit	[0.6737400530503979, 0.263, 0.73342175066313, 0.275]	[0.5278514588859416, 0.337, 0.5742705570291777, 0.351]	no-link	question-answer	0.2056	0.1459	0.0995	-0.074	-0.076	-0.062	5
PARTIAL	#	[0.6737400530503979, 0.263, 0.73342175066313, 0.275]	[0.6671087533156499, 0.338, 0.6777188328912467, 0.349]	no-link	question-question	0.0663	0.0066	-0.004	-0.075	-0.074	-0.063	5
DIVISION:	FULL	[0.09151193633952255, 0.311, 0.16976127320954906, 0.325]	[0.3952254641909814, 0.311, 0.4403183023872679, 0.325]	question-question	question-question	0.3488	0.0	0.3037	0.0	0.2255	0.014	6
DIVISION:	DIVISION	[0.09151193633952255, 0.311, 0.16976127320954906, 0.325]	[0.1206896551724138, 0.336, 0.19230769230769232, 0.349]	no-link	question-question	0.0491	-0.0292	-0.1008	-0.025	-0.024	-0.011	6
DIVISION:	Detroit	[0.09151193633952255, 0.311, 0.16976127320954906, 0.325]	[0.5278514588859416, 0.337, 0.5742705570291777, 0.351]	no-link	question-answer	-0.3581	-0.4363	-0.4828	-0.026	-0.026	-0.012	6
DIVISION:	#	[0.09151193633952255, 0.311, 0.16976127320954906, 0.325]	[0.6671087533156499, 0.338, 0.6777188328912467, 0.349]	no-link	question-question	-0.4973	-0.5756	-0.5862	-0.027	-0.024	-0.013	6
DIVISION:	DIVISION	[0.09151193633952255, 0.311, 0.16976127320954906, 0.325]	[0.1206896551724138, 0.336, 0.19230769230769232, 0.349]	line-line	question-question	0.1008	0.025	0.0292	0.024	-0.0491	0.038	6
FULL	PARTIAL	[0.3952254641909814, 0.311, 0.4403183023872679, 0.325]	[0.6737400530503979, 0.312, 0.7360742705570292, 0.324]	question-question	question-question	0.3408	0.001	0.2785	-0.001	0.2334	0.013	6
FULL	X	[0.3952254641909814, 0.311, 0.4403183023872679, 0.325]	[0.48408488063660476, 0.311, 0.4986737400530504, 0.323]	question-answer	question-answer	0.1034	0.0	0.0889	-0.002	0.0438	0.012	6
DIVISION	DIVISION	[0.1206896551724138, 0.336, 0.19230769230769232, 0.349]	[0.3952254641909814, 0.338, 0.4588859416445623, 0.35]	question-question	question-question	0.3382	0.002	0.2745	0.001	0.2029	0.014	7
DIVISION	Detroit	[0.1206896551724138, 0.336, 0.19230769230769232, 0.349]	[0.5278514588859416, 0.337, 0.5742705570291777, 0.351]	no-link	question-answer	-0.3355	-0.4072	-0.4536	-0.001	-0.002	0.012	7
DIVISION	#	[0.1206896551724138, 0.336, 0.19230769230769232, 0.349]	[0.6671087533156499, 0.338, 0.6777188328912467, 0.349]	no-link	question-question	-0.4748	-0.5464	-0.557	-0.002	0.0	0.011	7
DIVISION	DIVISION	[0.1206896551724138, 0.336, 0.19230769230769232, 0.349]	[0.1206896551724138, 0.358, 0.19363395225464192, 0.372]	line-line	question-question	0.0729	0.022	0.0	0.023	-0.0716	0.036	7
DIVISION	NAME:	[0.1206896551724138, 0.336, 0.19230769230769232, 0.349]	[0.19363395225464192, 0.336, 0.246684350132626, 0.35]	word-word	question-question	0.126	0.0	0.0729	0.001	0.0013	0.014	7
DIVISION	Detroit	[0.1206896551724138, 0.336, 0.19230769230769232, 0.349]	[0.246684350132626, 0.338, 0.29442970822281167, 0.35]	question-answer	question-answer	0.1737	0.002	0.126	0.001	0.0544	0.014	7
Detroit	West	[0.5278514588859416, 0.337, 0.5742705570291777, 0.351]	[0.5769230769230769, 0.339, 0.610079575596817, 0.35]	word-word	answer-answer	0.0822	0.002	0.0491	-0.001	0.0027	0.013	7
Detroit	DIVISION	[0.5278514588859416, 0.337, 0.5742705570291777, 0.351]	[0.3952254641909814, 0.338, 0.4588859416445623, 0.35]	no-link	answer-question	0.179	0.1326	0.069	-0.001	0.001	0.013	7
Detroit	#	[0.5278514588859416, 0.337, 0.5742705570291777, 0.351]	[0.6671087533156499, 0.338, 0.6777188328912467, 0.349]	no-link	answer-question	-0.0928	-0.1393	-0.1499	-0.001	0.002	0.013	7
Detroit	North	[0.246684350132626, 0.338, 0.29442970822281167, 0.35]	[0.29973474801061006, 0.338, 0.33819628647214856, 0.35]	word-word	answer-answer	0.0915	0.0	0.0531	0.0	0.0053	0.012	7
DIVISION	#	[0.3952254641909814, 0.338, 0.4588859416445623, 0.35]	[0.6671087533156499, 0.338, 0.6777188328912467, 0.349]	question-question	question-question	0.2825	0.0	0.2719	-0.001	0.2082	0.011	7
DIVISION	NAME:	[0.3952254641909814, 0.338, 0.4588859416445623, 0.35]	[0.46684350132625996, 0.338, 0.5185676392572944, 0.35]	word-word	question-question	0.1233	0.0	0.0716	0.0	0.008	0.012	7
DIVISION	Detroit	[0.3952254641909814, 0.338, 0.4588859416445623, 0.35]	[0.5278514588859416, 0.337, 0.5742705570291777, 0.351]	question-answer	question-answer	0.179	-0.001	0.1326	0.001	0.069	0.013	7
#	REPS:	[0.6671087533156499, 0.338, 0.6777188328912467, 0.349]	[0.6777188328912467, 0.336, 0.7228116710875332, 0.351]	word-word	question-question	0.0557	-0.002	0.0106	0.002	0.0	0.013	7
#	DIVISION	[0.6671087533156499, 0.338, 0.6777188328912467, 0.349]	[0.1206896551724138, 0.358, 0.19363395225464192, 0.372]	no-link	question-question	0.557	0.5464	0.4735	-0.02	-0.023	-0.009	7
#	Detroit	[0.6671087533156499, 0.338, 0.6777188328912467, 0.349]	[0.2506631299734748, 0.358, 0.2957559681697613, 0.372]	no-link	question-answer	0.4271	0.4164	0.3714	-0.02	-0.023	-0.009	7
#	12	[0.6671087533156499, 0.338, 0.6777188328912467, 0.349]	[0.7745358090185677, 0.336, 0.7944297082228117, 0.349]	question-answer	question-answer	0.1273	-0.002	0.1074	0.0	0.0968	0.011	7
#	DISTRIBUTION	[0.6671087533156499, 0.338, 0.6777188328912467, 0.349]	[0.20689655172413793, 0.416, 0.33554376657824936, 0.431]	no-link	question-question	0.4708	0.4602	0.3316	-0.078	-0.082	-0.067	7
DIVISION	DIVISION	[0.1206896551724138, 0.358, 0.19363395225464192, 0.372]	[0.3925729442970822, 0.359, 0.46419098143236076, 0.373]	question-question	question-question	0.3435	0.001	0.2719	0.001	0.1989	0.015	8
DIVISION	DISTRIBUTION	[0.1206896551724138, 0.358, 0.19363395225464192, 0.372]	[0.20689655172413793, 0.416, 0.33554376657824936, 0.431]	no-link	question-question	-0.0133	-0.0862	-0.2149	-0.058	-0.059	-0.044	8
DIVISION	Ind/	[0.1206896551724138, 0.358, 0.19363395225464192, 0.372]	[0.6551724137931034, 0.472, 0.6856763925729443, 0.486]	no-link	question-question	-0.4615	-0.5345	-0.565	-0.114	-0.114	-0.1	8
DIVISION	DIVISION	[0.1206896551724138, 0.358, 0.19363395225464192, 0.372]	[0.1206896551724138, 0.38, 0.19363395225464192, 0.394]	line-line	question-question	0.0729	0.022	0.0	0.022	-0.0729	0.036	8
DIVISION	NAME:	[0.1206896551724138, 0.358, 0.19363395225464192, 0.372]	[0.1962864721485411, 0.359, 0.2480106100795756, 0.376]	word-word	question-question	0.1273	0.001	0.0756	0.004	0.0027	0.018	8
DIVISION	Number	[0.1206896551724138, 0.358, 0.19363395225464192, 0.372]	[0.36074270557029176, 0.475, 0.41909814323607425, 0.488]	no-link	question-question	-0.1671	-0.2401	-0.2984	-0.117	-0.116	-0.103	8
DIVISION	Detroit	[0.1206896551724138, 0.358, 0.19363395225464192, 0.372]	[0.2506631299734748, 0.358, 0.2957559681697613, 0.372]	question-answer	question-answer	0.1751	0.0	0.13	0.0	0.057	0.014	8
Detroit	South	[0.2506631299734748, 0.358, 0.2957559681697613, 0.372]	[0.29973474801061006, 0.36, 0.3421750663129973, 0.372]	word-word	answer-answer	0.0915	0.002	0.0491	0.0	0.004	0.014	8
Detroit	DISTRIBUTION	[0.2506631299734748, 0.358, 0.2957559681697613, 0.372]	[0.20689655172413793, 0.416, 0.33554376657824936, 0.431]	no-link	answer-question	0.0889	0.0438	-0.0849	-0.058	-0.059	-0.044	8
Detroit	Ind/	[0.2506631299734748, 0.358, 0.2957559681697613, 0.372]	[0.6551724137931034, 0.472, 0.6856763925729443, 0.486]	no-link	answer-question	-0.3594	-0.4045	-0.435	-0.114	-0.114	-0.1	8
Detroit	Number	[0.2506631299734748, 0.358, 0.2957559681697613, 0.372]	[0.36074270557029176, 0.475, 0.41909814323607425, 0.488]	no-link	answer-question	-0.065	-0.1101	-0.1684	-0.117	-0.116	-0.103	8
DIVISION	#	[0.3925729442970822, 0.359, 0.46419098143236076, 0.373]	[0.6671087533156499, 0.36, 0.6803713527851459, 0.372]	question-question	question-question	0.2878	0.001	0.2745	-0.001	0.2029	0.013	8
DIVISION	NAME:	[0.3925729442970822, 0.359, 0.46419098143236076, 0.373]	[0.46949602122015915, 0.358, 0.5185676392572944, 0.372]	word-word	question-question	0.126	-0.001	0.0769	-0.001	0.0053	0.013	8
DIVISION	Lor	[0.3925729442970822, 0.359, 0.46419098143236076, 0.373]	[0.6856763925729443, 0.475, 0.7122015915119363, 0.487]	no-link	question-question	-0.2215	-0.2931	-0.3196	-0.116	-0.114	-0.102	8
DIVISION	Detroit	[0.3925729442970822, 0.359, 0.46419098143236076, 0.373]	[0.5212201591511937, 0.361, 0.5702917771883289, 0.373]	question-answer	question-answer	0.1777	0.002	0.1286	0.0	0.057	0.014	8
#	REPS:	[0.6671087533156499, 0.36, 0.6803713527851459, 0.372]	[0.6816976127320955, 0.359, 0.7214854111405835, 0.373]	word-word	question-question	0.0544	-0.001	0.0146	0.001	0.0013	0.013	8
#	Ind/	[0.6671087533156499, 0.36, 0.6803713527851459, 0.372]	[0.6551724137931034, 0.472, 0.6856763925729443, 0.486]	no-link	question-question	0.0252	0.0119	-0.0186	-0.112	-0.114	-0.1	8
#	Number	[0.6671087533156499, 0.36, 0.6803713527851459, 0.372]	[0.36074270557029176, 0.475, 0.41909814323607425, 0.488]	no-link	question-question	0.3196	0.3064	0.248	-0.115	-0.116	-0.103	8
#	Lor	[0.6671087533156499, 0.36, 0.6803713527851459, 0.372]	[0.6856763925729443, 0.475, 0.7122015915119363, 0.487]	no-link	question-question	-0.0053	-0.0186	-0.0451	-0.115	-0.115	-0.103	8
#	of	[0.6671087533156499, 0.36, 0.6803713527851459, 0.372]	[0.8076923076923077, 0.477, 0.8209549071618037, 0.487]	no-link	question-question	-0.1273	-0.1406	-0.1538	-0.117	-0.115	-0.105	8
#	13	[0.6671087533156499, 0.36, 0.6803713527851459, 0.372]	[0.773209549071618, 0.356, 0.7917771883289124, 0.373]	question-answer	question-answer	0.1247	-0.004	0.1061	0.001	0.0928	0.013	8
Detroit	East	[0.5212201591511937, 0.361, 0.5702917771883289, 0.373]	[0.5755968169761273, 0.363, 0.6047745358090185, 0.373]	word-word	answer-answer	0.0836	0.002	0.0544	0.0	0.0053	0.012	8
Detroit	Lor	[0.5212201591511937, 0.361, 0.5702917771883289, 0.373]	[0.6856763925729443, 0.475, 0.7122015915119363, 0.487]	no-link	answer-question	-0.1154	-0.1645	-0.191	-0.114	-0.114	-0.102	8
Detroit	of	[0.5212201591511937, 0.361, 0.5702917771883289, 0.373]	[0.8076923076923077, 0.477, 0.8209549071618037, 0.487]	no-link	answer-question	-0.2374	-0.2865	-0.2997	-0.116	-0.114	-0.104	8
DIVISION	#	[0.39389920424403185, 0.379, 0.46286472148541113, 0.394]	[0.6644562334217506, 0.382, 0.6803713527851459, 0.394]	question-question	question-question	0.2865	0.003	0.2706	0.0	0.2016	0.015	9
DIVISION	of	[0.39389920424403185, 0.379, 0.46286472148541113, 0.394]	[0.8076923076923077, 0.477, 0.8209549071618037, 0.487]	no-link	question-question	-0.3448	-0.4138	-0.4271	-0.098	-0.093	-0.083	9
DIVISION	NAME:	[0.39389920424403185, 0.379, 0.46286472148541113, 0.394]	[0.46684350132625996, 0.381, 0.5212201591511937, 0.394]	word-word	question-question	0.1273	0.002	0.0729	0.0	0.004	0.015	9
DIVISION	DIVISION	[0.1206896551724138, 0.38, 0.19363395225464192, 0.394]	[0.39389920424403185, 0.379, 0.46286472148541113, 0.394]	question-question	question-question	0.3422	-0.001	0.2732	0.0	0.2003	0.014	9
DIVISION	DISTRIBUTION	[0.1206896551724138, 0.38, 0.19363395225464192, 0.394]	[0.20689655172413793, 0.416, 0.33554376657824936, 0.431]	line-line	question-question	0.2149	0.036	0.0862	0.037	0.0133	0.051	9
DIVISION	NAME:	[0.1206896551724138, 0.38, 0.19363395225464192, 0.394]	[0.1962864721485411, 0.38, 0.2493368700265252, 0.395]	word-word	question-question	0.1286	0.0	0.0756	0.001	0.0027	0.015	9
DIVISION	Name	[0.1206896551724138, 0.38, 0.19363395225464192, 0.394]	[0.48938992042440316, 0.481, 0.5305039787798409, 0.496]	no-link	question-question	-0.2958	-0.3687	-0.4098	-0.101	-0.102	-0.087	9
DIVISION	Detroit	[0.1206896551724138, 0.38, 0.19363395225464192, 0.394]	[0.2546419098143236, 0.381, 0.29973474801061006, 0.395]	question-answer	question-answer	0.179	0.001	0.134	0.001	0.061	0.015	9
Detroit	Central	[0.2546419098143236, 0.381, 0.29973474801061006, 0.395]	[0.29973474801061006, 0.38, 0.34615384615384615, 0.395]	word-word	answer-answer	0.0915	-0.001	0.0451	0.0	0.0	0.014	9
Detroit	Name	[0.2546419098143236, 0.381, 0.29973474801061006, 0.395]	[0.48938992042440316, 0.481, 0.5305039787798409, 0.496]	no-link	answer-question	-0.1897	-0.2347	-0.2759	-0.1	-0.101	-0.086	9
#	REPS:	[0.6644562334217506, 0.382, 0.6803713527851459, 0.394]	[0.6803713527851459, 0.382, 0.7214854111405835, 0.395]	word-word	question-question	0.057	0.0	0.0159	0.001	0.0	0.013	9
#	Name	[0.6644562334217506, 0.382, 0.6803713527851459, 0.394]	[0.48938992042440316, 0.481, 0.5305039787798409, 0.496]	no-link	question-question	0.191	0.1751	0.134	-0.099	-0.102	-0.087	9
#	7	[0.6644562334217506, 0.382, 0.6803713527851459, 0.394]	[0.7758620689655172, 0.38, 0.7917771883289124, 0.394]	question-answer	question-answer	0.1273	-0.002	0.1114	0.0	0.0955	0.012	9
DISTRIBUTION	Name	[0.20689655172413793, 0.416, 0.33554376657824936, 0.431]	[0.10610079575596817, 0.485, 0.14854111405835543, 0.495]	line-line	question-question	-0.0584	0.069	-0.1008	0.064	-0.2294	0.079	10
DISTRIBUTION	Ind/	[0.20689655172413793, 0.416, 0.33554376657824936, 0.431]	[0.6551724137931034, 0.472, 0.6856763925729443, 0.486]	no-link	question-question	-0.3196	-0.4483	-0.4788	-0.056	-0.055	-0.041	10
DISTRIBUTION	Number	[0.20689655172413793, 0.416, 0.33554376657824936, 0.431]	[0.36074270557029176, 0.475, 0.41909814323607425, 0.488]	no-link	question-question	-0.0252	-0.1538	-0.2122	-0.059	-0.057	-0.044	10
DISTRIBUTION	Lor	[0.20689655172413793, 0.416, 0.33554376657824936, 0.431]	[0.6856763925729443, 0.475, 0.7122015915119363, 0.487]	no-link	question-question	-0.3501	-0.4788	-0.5053	-0.059	-0.056	-0.044	10
DISTRIBUTION	of	[0.20689655172413793, 0.416, 0.33554376657824936, 0.431]	[0.8076923076923077, 0.477, 0.8209549071618037, 0.487]	no-link	question-question	-0.4721	-0.6008	-0.6141	-0.061	-0.056	-0.046	10
Ind/	Number	[0.6551724137931034, 0.472, 0.6856763925729443, 0.486]	[0.746684350132626, 0.477, 0.8050397877984085, 0.488]	question-question	question-question	0.1499	0.005	0.0915	0.002	0.061	0.016	11
Ind/	Lor	[0.6551724137931034, 0.472, 0.6856763925729443, 0.486]	[0.6856763925729443, 0.475, 0.7122015915119363, 0.487]	no-link	question-question	0.0	-0.0305	-0.057	-0.003	-0.001	0.011	11
Ind/	of	[0.6551724137931034, 0.472, 0.6856763925729443, 0.486]	[0.8076923076923077, 0.477, 0.8209549071618037, 0.487]	no-link	question-question	-0.122	-0.1525	-0.1658	-0.005	-0.001	0.009	11
Ind/	Name	[0.6551724137931034, 0.472, 0.6856763925729443, 0.486]	[0.48938992042440316, 0.481, 0.5305039787798409, 0.496]	no-link	question-question	0.1963	0.1658	0.1247	-0.009	-0.01	0.005	11
Ind/	Lor	[0.6551724137931034, 0.472, 0.6856763925729443, 0.486]	[0.6856763925729443, 0.475, 0.7122015915119363, 0.487]	word-word	question-question	0.057	0.003	0.0305	0.001	0.0	0.015	11
Number	Name	[0.36074270557029176, 0.475, 0.41909814323607425, 0.488]	[0.48938992042440316, 0.481, 0.5305039787798409, 0.496]	question-question	question-question	0.1698	0.006	0.1286	0.008	0.0703	0.021	11
Number	Lor	[0.36074270557029176, 0.475, 0.41909814323607425, 0.488]	[0.6856763925729443, 0.475, 0.7122015915119363, 0.487]	no-link	question-question	-0.2666	-0.3249	-0.3515	0.0	0.001	0.013	11
Number	of	[0.36074270557029176, 0.475, 0.41909814323607425, 0.488]	[0.8076923076923077, 0.477, 0.8209549071618037, 0.487]	no-link	question-question	-0.3886	-0.4469	-0.4602	-0.002	0.001	0.011	11
Number	Ind/	[0.36074270557029176, 0.475, 0.41909814323607425, 0.488]	[0.27453580901856767, 0.478, 0.3010610079575597, 0.487]	no-link	question-question	0.1446	0.0862	0.0597	-0.003	0.001	0.01	11
Number	245/	[0.36074270557029176, 0.475, 0.41909814323607425, 0.488]	[0.27586206896551724, 0.509, 0.3037135278514589, 0.52]	no-link	question-answer	0.1432	0.0849	0.057	-0.034	-0.032	-0.021	11
Number	of	[0.36074270557029176, 0.475, 0.41909814323607425, 0.488]	[0.4204244031830239, 0.478, 0.4389920424403183, 0.488]	word-word	question-question	0.0782	0.003	0.0597	0.0	0.0013	0.013	11
Number	Meijer	[0.36074270557029176, 0.475, 0.41909814323607425, 0.488]	[0.09018567639257294, 0.51, 0.13527851458885942, 0.521]	no-link	question-answer	0.3289	0.2706	0.2255	-0.035	-0.033	-0.022	11
Number	70	[0.36074270557029176, 0.475, 0.41909814323607425, 0.488]	[0.39389920424403185, 0.509, 0.4124668435013263, 0.524]	question-answer	question-answer	0.0517	0.034	0.0332	0.036	-0.0252	0.049	11
Number	Ultra	[0.36074270557029176, 0.475, 0.41909814323607425, 0.488]	[0.09151193633952255, 0.532, 0.1246684350132626, 0.544]	no-link	question-answer	0.3276	0.2692	0.2361	-0.057	-0.056	-0.044	11
Number	121	[0.36074270557029176, 0.475, 0.41909814323607425, 0.488]	[0.38992042440318303, 0.528, 0.4151193633952255, 0.543]	question-answer	question-answer	0.0544	0.053	0.0292	0.055	-0.0292	0.068	11
Number	223/	[0.36074270557029176, 0.475, 0.41909814323607425, 0.488]	[0.27453580901856767, 0.532, 0.3063660477453581, 0.543]	no-link	question-answer	0.1446	0.0862	0.0544	-0.057	-0.055	-0.044	11
Lor	Volume	[0.6856763925729443, 0.475, 0.7122015915119363, 0.487]	[0.6618037135278515, 0.49, 0.7068965517241379, 0.503]	word-word	question-question	0.0212	0.015	-0.0239	0.016	-0.0504	0.028	11
Lor	of	[0.6856763925729443, 0.475, 0.7122015915119363, 0.487]	[0.8076923076923077, 0.477, 0.8209549071618037, 0.487]	no-link	question-question	-0.0955	-0.122	-0.1353	-0.002	0.0	0.01	11
Lor	Ind/	[0.6856763925729443, 0.475, 0.7122015915119363, 0.487]	[0.27453580901856767, 0.478, 0.3010610079575597, 0.487]	no-link	question-question	0.4377	0.4111	0.3846	-0.003	0.0	0.009	11
Lor	Name	[0.6856763925729443, 0.475, 0.7122015915119363, 0.487]	[0.48938992042440316, 0.481, 0.5305039787798409, 0.496]	no-link	question-question	0.2228	0.1963	0.1552	-0.006	-0.009	0.006	11
Lor	245/	[0.6856763925729443, 0.475, 0.7122015915119363, 0.487]	[0.27586206896551724, 0.509, 0.3037135278514589, 0.52]	no-link	question-answer	0.4363	0.4098	0.382	-0.034	-0.033	-0.022	11
Lor	Meijer	[0.6856763925729443, 0.475, 0.7122015915119363, 0.487]	[0.09018567639257294, 0.51, 0.13527851458885942, 0.521]	no-link	question-answer	0.622	0.5955	0.5504	-0.035	-0.034	-0.023	11
Lor	Ultra	[0.6856763925729443, 0.475, 0.7122015915119363, 0.487]	[0.09151193633952255, 0.532, 0.1246684350132626, 0.544]	no-link	question-answer	0.6207	0.5942	0.561	-0.057	-0.057	-0.045	11
Lor	223/	[0.6856763925729443, 0.475, 0.7122015915119363, 0.487]	[0.27453580901856767, 0.532, 0.3063660477453581, 0.543]	no-link	question-answer	0.4377	0.4111	0.3793	-0.057	-0.056	-0.045	11
Number	of	[0.746684350132626, 0.477, 0.8050397877984085, 0.488]	[0.8076923076923077, 0.477, 0.8209549071618037, 0.487]	word-word	question-question	0.0743	0.0	0.061	-0.001	0.0027	0.01	11
of	Stores	[0.8076923076923077, 0.477, 0.8209549071618037, 0.487]	[0.7625994694960212, 0.492, 0.8090185676392573, 0.505]	word-word	question-question	0.0013	0.015	-0.0451	0.018	-0.0584	0.028	11
of	Ind/	[0.8076923076923077, 0.477, 0.8209549071618037, 0.487]	[0.27453580901856767, 0.478, 0.3010610079575597, 0.487]	no-link	question-question	0.5464	0.5332	0.5066	-0.001	0.0	0.009	11
of	Lor	[0.8076923076923077, 0.477, 0.8209549071618037, 0.487]	[0.30238726790450926, 0.479, 0.3302387267904509, 0.488]	no-link	question-question	0.5186	0.5053	0.4775	-0.002	-0.001	0.008	11
of	Name	[0.8076923076923077, 0.477, 0.8209549071618037, 0.487]	[0.48938992042440316, 0.481, 0.5305039787798409, 0.496]	no-link	question-question	0.3316	0.3183	0.2772	-0.004	-0.009	0.006	11
of	245/	[0.8076923076923077, 0.477, 0.8209549071618037, 0.487]	[0.27586206896551724, 0.509, 0.3037135278514589, 0.52]	no-link	question-answer	0.5451	0.5318	0.504	-0.032	-0.033	-0.022	11
of	Meijer	[0.8076923076923077, 0.477, 0.8209549071618037, 0.487]	[0.09018567639257294, 0.51, 0.13527851458885942, 0.521]	no-link	question-answer	0.7308	0.7175	0.6724	-0.033	-0.034	-0.023	11
of	Ultra	[0.8076923076923077, 0.477, 0.8209549071618037, 0.487]	[0.09151193633952255, 0.532, 0.1246684350132626, 0.544]	no-link	question-answer	0.7294	0.7162	0.683	-0.055	-0.057	-0.045	11
of	223/	[0.8076923076923077, 0.477, 0.8209549071618037, 0.487]	[0.27453580901856767, 0.532, 0.3063660477453581, 0.543]	no-link	question-answer	0.5464	0.5332	0.5013	-0.055	-0.056	-0.045	11
Ind/	Number	[0.27453580901856767, 0.478, 0.3010610079575597, 0.487]	[0.36074270557029176, 0.475, 0.41909814323607425, 0.488]	question-question	question-question	0.1446	-0.003	0.0862	0.001	0.0597	0.01	11
Ind/	245/	[0.27453580901856767, 0.478, 0.3010610079575597, 0.487]	[0.27586206896551724, 0.509, 0.3037135278514589, 0.52]	no-link	question-answer	0.0252	-0.0013	-0.0292	-0.031	-0.033	-0.022	11
Ind/	Meijer	[0.27453580901856767, 0.478, 0.3010610079575597, 0.487]	[0.09018567639257294, 0.51, 0.13527851458885942, 0.521]	no-link	question-answer	0.2109	0.1844	0.1393	-0.032	-0.034	-0.023	11
Ind/	Ultra	[0.27453580901856767, 0.478, 0.3010610079575597, 0.487]	[0.09151193633952255, 0.532, 0.1246684350132626, 0.544]	no-link	question-answer	0.2095	0.183	0.1499	-0.054	-0.057	-0.045	11
Ind/	223/	[0.27453580901856767, 0.478, 0.3010610079575597, 0.487]	[0.27453580901856767, 0.532, 0.3063660477453581, 0.543]	no-link	question-answer	0.0265	0.0	-0.0318	-0.054	-0.056	-0.045	11
Ind/	Lor	[0.27453580901856767, 0.478, 0.3010610079575597, 0.487]	[0.30238726790450926, 0.479, 0.3302387267904509, 0.488]	word-word	question-question	0.0557	0.001	0.0279	0.001	0.0013	0.01	11
Ind/	245/	[0.27453580901856767, 0.478, 0.3010610079575597, 0.487]	[0.27586206896551724, 0.509, 0.3037135278514589, 0.52]	question-answer	question-answer	0.0292	0.031	0.0013	0.033	-0.0252	0.042	11
Ind/	223/	[0.27453580901856767, 0.478, 0.3010610079575597, 0.487]	[0.27453580901856767, 0.532, 0.3063660477453581, 0.543]	question-answer	question-answer	0.0318	0.054	0.0	0.056	-0.0265	0.065	11
of	Stores	[0.4204244031830239, 0.478, 0.4389920424403183, 0.488]	[0.3779840848806366, 0.494, 0.4217506631299735, 0.505]	word-word	question-question	0.0013	0.016	-0.0424	0.017	-0.061	0.027	11
Lor	Volume	[0.30238726790450926, 0.479, 0.3302387267904509, 0.488]	[0.27320954907161804, 0.492, 0.3249336870026525, 0.505]	word-word	question-question	0.0225	0.013	-0.0292	0.017	-0.057	0.026	11
Name	Ind/	[0.48938992042440316, 0.481, 0.5305039787798409, 0.496]	[0.6551724137931034, 0.472, 0.6856763925729443, 0.486]	question-question	question-question	0.1963	-0.009	0.1658	-0.01	0.1247	0.005	11
Name	of	[0.48938992042440316, 0.481, 0.5305039787798409, 0.496]	[0.53315649867374, 0.481, 0.5503978779840849, 0.494]	no-link	question-question	-0.0027	-0.0438	-0.061	0.0	0.002	0.015	11
Name	245/	[0.48938992042440316, 0.481, 0.5305039787798409, 0.496]	[0.27586206896551724, 0.509, 0.3037135278514589, 0.52]	no-link	question-answer	0.2546	0.2135	0.1857	-0.028	-0.024	-0.013	11
Name	Meijer	[0.48938992042440316, 0.481, 0.5305039787798409, 0.496]	[0.09018567639257294, 0.51, 0.13527851458885942, 0.521]	no-link	question-answer	0.4403	0.3992	0.3541	-0.029	-0.025	-0.014	11
Name	Ultra	[0.48938992042440316, 0.481, 0.5305039787798409, 0.496]	[0.09151193633952255, 0.532, 0.1246684350132626, 0.544]	no-link	question-answer	0.439	0.3979	0.3647	-0.051	-0.048	-0.036	11
Name	223/	[0.48938992042440316, 0.481, 0.5305039787798409, 0.496]	[0.27453580901856767, 0.532, 0.3063660477453581, 0.543]	no-link	question-answer	0.256	0.2149	0.183	-0.051	-0.047	-0.036	11
Name	of	[0.48938992042440316, 0.481, 0.5305039787798409, 0.496]	[0.53315649867374, 0.481, 0.5503978779840849, 0.494]	word-word	question-question	0.061	0.0	0.0438	-0.002	0.0027	0.013	11
of	Account	[0.53315649867374, 0.481, 0.5503978779840849, 0.494]	[0.5557029177718833, 0.486, 0.6087533156498673, 0.497]	word-word	question-question	0.0756	0.005	0.0225	0.003	0.0053	0.016	11
of	Account	[0.15384615384615385, 0.482, 0.17374005305039789, 0.493]	[0.17374005305039789, 0.486, 0.22944297082228116, 0.497]	word-word	question-question	0.0756	0.004	0.0199	0.004	0.0	0.015	11
Name	Ind/	[0.10610079575596817, 0.485, 0.14854111405835543, 0.495]	[0.27453580901856767, 0.478, 0.3010610079575597, 0.487]	question-question	question-question	0.195	-0.007	0.1684	-0.008	0.126	0.002	11
Name	of	[0.10610079575596817, 0.485, 0.14854111405835543, 0.495]	[0.15384615384615385, 0.482, 0.17374005305039789, 0.493]	word-word	question-question	0.0676	-0.003	0.0477	-0.002	0.0053	0.008	11
Name	Meijer	[0.10610079575596817, 0.485, 0.14854111405835543, 0.495]	[0.09018567639257294, 0.51, 0.13527851458885942, 0.521]	question-answer	question-answer	0.0292	0.025	-0.0159	0.026	-0.0584	0.036	11
Name	Ultra	[0.10610079575596817, 0.485, 0.14854111405835543, 0.495]	[0.09151193633952255, 0.532, 0.1246684350132626, 0.544]	question-answer	question-answer	0.0186	0.047	-0.0146	0.049	-0.057	0.059	11
245/	19	[0.27586206896551724, 0.509, 0.3037135278514589, 0.52]	[0.3063660477453581, 0.509, 0.3249336870026525, 0.521]	word-word	answer-answer	0.0491	0.0	0.0305	0.001	0.0027	0.012	11
245/	Ultra	[0.27586206896551724, 0.509, 0.3037135278514589, 0.52]	[0.09151193633952255, 0.532, 0.1246684350132626, 0.544]	no-link	answer-answer	0.2122	0.1844	0.1512	-0.023	-0.024	-0.012	11
245/	223/	[0.27586206896551724, 0.509, 0.3037135278514589, 0.52]	[0.27453580901856767, 0.532, 0.3063660477453581, 0.543]	no-link	answer-answer	0.0292	0.0013	-0.0305	-0.023	-0.023	-0.012	11
Meijer	Gas	[0.09018567639257294, 0.51, 0.13527851458885942, 0.521]	[0.13793103448275862, 0.51, 0.16312997347480107, 0.524]	word-word	answer-answer	0.0729	0.0	0.0477	0.003	0.0027	0.014	11
Meijer	223/	[0.09018567639257294, 0.51, 0.13527851458885942, 0.521]	[0.27453580901856767, 0.532, 0.3063660477453581, 0.543]	no-link	answer-answer	-0.1393	-0.1844	-0.2162	-0.022	-0.022	-0.011	11
Ultra	Diamond	[0.09151193633952255, 0.532, 0.1246684350132626, 0.544]	[0.129973474801061, 0.531, 0.1870026525198939, 0.544]	word-word	answer-answer	0.0955	-0.001	0.0385	0.0	0.0053	0.012	11
223/	25	[0.27453580901856767, 0.532, 0.3063660477453581, 0.543]	[0.3063660477453581, 0.532, 0.32360742705570295, 0.541]	word-word	answer-answer	0.0491	0.0	0.0318	-0.002	0.0	0.009	11
