EPL	EXPERIMENTAL	[0.08997429305912596, 0.13, 0.15809768637532134, 0.158]	[0.18123393316195371, 0.168, 0.29048843187660667, 0.182]	line-line	header-header	0.2005	0.038	0.0913	0.024	0.0231	0.052	0
EPL	LABORATORIES,	[0.08997429305912596, 0.13, 0.15809768637532134, 0.158]	[0.390745501285347, 0.168, 0.5077120822622108, 0.181]	no-link	header-header	-0.2326	-0.3008	-0.4177	-0.038	-0.023	-0.01	0
EPL	PATHOLOGY	[0.08997429305912596, 0.13, 0.15809768637532134, 0.158]	[0.2994858611825193, 0.169, 0.38688946015424164, 0.182]	no-link	header-header	-0.1414	-0.2095	-0.2969	-0.039	-0.024	-0.011	0
EPL	QUALITY	[0.08997429305912596, 0.13, 0.15809768637532134, 0.158]	[0.3856041131105398, 0.218, 0.448586118251928, 0.232]	no-link	header-question	-0.2275	-0.2956	-0.3586	-0.088	-0.074	-0.06	0
EPL	ASSURANCE	[0.08997429305912596, 0.13, 0.15809768637532134, 0.158]	[0.45758354755784064, 0.218, 0.5398457583547558, 0.232]	no-link	header-header	-0.2995	-0.3676	-0.4499	-0.088	-0.074	-0.06	0
EPL	REPORT	[0.08997429305912596, 0.13, 0.15809768637532134, 0.158]	[0.3740359897172236, 0.232, 0.43316195372750643, 0.245]	no-link	header-header	-0.2159	-0.2841	-0.3432	-0.102	-0.087	-0.074	0
EPL	Client	[0.08997429305912596, 0.13, 0.15809768637532134, 0.158]	[0.13624678663239073, 0.274, 0.19408740359897173, 0.289]	no-link	header-question	0.0219	-0.0463	-0.1041	-0.144	-0.131	-0.116	0
EPL	Laboratories,	[0.08997429305912596, 0.13, 0.15809768637532134, 0.158]	[0.3496143958868895, 0.274, 0.4665809768637532, 0.289]	no-link	header-answer	-0.1915	-0.2596	-0.3766	-0.144	-0.131	-0.116	0
EPL	Borriston	[0.08997429305912596, 0.13, 0.15809768637532134, 0.158]	[0.2570694087403599, 0.275, 0.34190231362467866, 0.288]	no-link	header-answer	-0.099	-0.1671	-0.2519	-0.145	-0.13	-0.117	0
EPL	Study	[0.08997429305912596, 0.13, 0.15809768637532134, 0.158]	[0.5848329048843187, 0.275, 0.6349614395886889, 0.29]	no-link	header-question	-0.4267	-0.4949	-0.545	-0.145	-0.132	-0.117	0
EPL	Dr.	[0.08997429305912596, 0.13, 0.15809768637532134, 0.158]	[0.27249357326478146, 0.316, 0.2982005141388175, 0.333]	no-link	header-answer	-0.1144	-0.1825	-0.2082	-0.186	-0.175	-0.158	0
EPL	O.	[0.08997429305912596, 0.13, 0.15809768637532134, 0.158]	[0.3856041131105398, 0.316, 0.39845758354755784, 0.331]	no-link	header-answer	-0.2275	-0.2956	-0.3085	-0.186	-0.173	-0.158	0
EPL	Pathologist	[0.08997429305912596, 0.13, 0.15809768637532134, 0.158]	[0.4897172236503856, 0.316, 0.5938303341902313, 0.333]	no-link	header-answer	-0.3316	-0.3997	-0.5039	-0.186	-0.175	-0.158	0
EXPERIMENTAL	QUALITY	[0.18123393316195371, 0.168, 0.29048843187660667, 0.182]	[0.3856041131105398, 0.218, 0.448586118251928, 0.232]	line-line	header-header	0.2674	0.05	0.2044	0.05	0.0951	0.064	1
EXPERIMENTAL	LABORATORIES,	[0.18123393316195371, 0.168, 0.29048843187660667, 0.182]	[0.390745501285347, 0.168, 0.5077120822622108, 0.181]	no-link	header-header	-0.1003	-0.2095	-0.3265	0.0	0.001	0.014	1
EXPERIMENTAL	PATHOLOGY	[0.18123393316195371, 0.168, 0.29048843187660667, 0.182]	[0.2994858611825193, 0.169, 0.38688946015424164, 0.182]	no-link	header-header	-0.009	-0.1183	-0.2057	-0.001	0.0	0.013	1
EXPERIMENTAL	ASSURANCE	[0.18123393316195371, 0.168, 0.29048843187660667, 0.182]	[0.45758354755784064, 0.218, 0.5398457583547558, 0.232]	no-link	header-header	-0.1671	-0.2763	-0.3586	-0.05	-0.05	-0.036	1
EXPERIMENTAL	REPORT	[0.18123393316195371, 0.168, 0.29048843187660667, 0.182]	[0.3740359897172236, 0.232, 0.43316195372750643, 0.245]	no-link	header-header	-0.0835	-0.1928	-0.2519	-0.064	-0.063	-0.05	1
EXPERIMENTAL	Client	[0.18123393316195371, 0.168, 0.29048843187660667, 0.182]	[0.13624678663239073, 0.274, 0.19408740359897173, 0.289]	no-link	header-question	0.1542	0.045	-0.0129	-0.106	-0.107	-0.092	1
EXPERIMENTAL	Laboratories,	[0.18123393316195371, 0.168, 0.29048843187660667, 0.182]	[0.3496143958868895, 0.274, 0.4665809768637532, 0.289]	no-link	header-answer	-0.0591	-0.1684	-0.2853	-0.106	-0.107	-0.092	1
EXPERIMENTAL	Borriston	[0.18123393316195371, 0.168, 0.29048843187660667, 0.182]	[0.2570694087403599, 0.275, 0.34190231362467866, 0.288]	no-link	header-answer	0.0334	-0.0758	-0.1607	-0.107	-0.106	-0.093	1
EXPERIMENTAL	Study	[0.18123393316195371, 0.168, 0.29048843187660667, 0.182]	[0.5848329048843187, 0.275, 0.6349614395886889, 0.29]	no-link	header-question	-0.2943	-0.4036	-0.4537	-0.107	-0.108	-0.093	1
EXPERIMENTAL	Dr.	[0.18123393316195371, 0.168, 0.29048843187660667, 0.182]	[0.27249357326478146, 0.316, 0.2982005141388175, 0.333]	no-link	header-answer	0.018	-0.0913	-0.117	-0.148	-0.151	-0.134	1
EXPERIMENTAL	O.	[0.18123393316195371, 0.168, 0.29048843187660667, 0.182]	[0.3856041131105398, 0.316, 0.39845758354755784, 0.331]	no-link	header-answer	-0.0951	-0.2044	-0.2172	-0.148	-0.149	-0.134	1
EXPERIMENTAL	Pathologist	[0.18123393316195371, 0.168, 0.29048843187660667, 0.182]	[0.4897172236503856, 0.316, 0.5938303341902313, 0.333]	no-link	header-answer	-0.1992	-0.3085	-0.4126	-0.148	-0.151	-0.134	1
EXPERIMENTAL	PATHOLOGY	[0.18123393316195371, 0.168, 0.29048843187660667, 0.182]	[0.2994858611825193, 0.169, 0.38688946015424164, 0.182]	word-word	header-header	0.2057	0.001	0.1183	0.0	0.009	0.014	1
LABORATORIES,	INC.	[0.390745501285347, 0.168, 0.5077120822622108, 0.181]	[0.512853470437018, 0.168, 0.5449871465295629, 0.181]	word-word	header-header	0.1542	0.0	0.1221	0.0	0.0051	0.013	1
LABORATORIES,	QUALITY	[0.390745501285347, 0.168, 0.5077120822622108, 0.181]	[0.3856041131105398, 0.218, 0.448586118251928, 0.232]	no-link	header-question	0.1221	0.0051	-0.0578	-0.05	-0.051	-0.037	1
LABORATORIES,	ASSURANCE	[0.390745501285347, 0.168, 0.5077120822622108, 0.181]	[0.45758354755784064, 0.218, 0.5398457583547558, 0.232]	no-link	header-header	0.0501	-0.0668	-0.1491	-0.05	-0.051	-0.037	1
LABORATORIES,	REPORT	[0.390745501285347, 0.168, 0.5077120822622108, 0.181]	[0.3740359897172236, 0.232, 0.43316195372750643, 0.245]	no-link	header-header	0.1337	0.0167	-0.0424	-0.064	-0.064	-0.051	1
LABORATORIES,	Client	[0.390745501285347, 0.168, 0.5077120822622108, 0.181]	[0.13624678663239073, 0.274, 0.19408740359897173, 0.289]	no-link	header-question	0.3715	0.2545	0.1967	-0.106	-0.108	-0.093	1
LABORATORIES,	Laboratories,	[0.390745501285347, 0.168, 0.5077120822622108, 0.181]	[0.3496143958868895, 0.274, 0.4665809768637532, 0.289]	no-link	header-answer	0.1581	0.0411	-0.0758	-0.106	-0.108	-0.093	1
LABORATORIES,	Borriston	[0.390745501285347, 0.168, 0.5077120822622108, 0.181]	[0.2570694087403599, 0.275, 0.34190231362467866, 0.288]	no-link	header-answer	0.2506	0.1337	0.0488	-0.107	-0.107	-0.094	1
LABORATORIES,	Study	[0.390745501285347, 0.168, 0.5077120822622108, 0.181]	[0.5848329048843187, 0.275, 0.6349614395886889, 0.29]	no-link	header-question	-0.0771	-0.1941	-0.2442	-0.107	-0.109	-0.094	1
LABORATORIES,	Dr.	[0.390745501285347, 0.168, 0.5077120822622108, 0.181]	[0.27249357326478146, 0.316, 0.2982005141388175, 0.333]	no-link	header-answer	0.2352	0.1183	0.0925	-0.148	-0.152	-0.135	1
LABORATORIES,	O.	[0.390745501285347, 0.168, 0.5077120822622108, 0.181]	[0.3856041131105398, 0.316, 0.39845758354755784, 0.331]	no-link	header-answer	0.1221	0.0051	-0.0077	-0.148	-0.15	-0.135	1
LABORATORIES,	Pathologist	[0.390745501285347, 0.168, 0.5077120822622108, 0.181]	[0.4897172236503856, 0.316, 0.5938303341902313, 0.333]	no-link	header-answer	0.018	-0.099	-0.2031	-0.148	-0.152	-0.135	1
LABORATORIES,	Iverson	[0.390745501285347, 0.168, 0.5077120822622108, 0.181]	[0.41131105398457585, 0.317, 0.4755784061696658, 0.334]	no-link	header-answer	0.0964	-0.0206	-0.0848	-0.149	-0.153	-0.136	1
PATHOLOGY	LABORATORIES,	[0.2994858611825193, 0.169, 0.38688946015424164, 0.182]	[0.390745501285347, 0.168, 0.5077120822622108, 0.181]	word-word	header-header	0.2082	-0.001	0.0913	-0.001	0.0039	0.012	1
PATHOLOGY	QUALITY	[0.2994858611825193, 0.169, 0.38688946015424164, 0.182]	[0.3856041131105398, 0.218, 0.448586118251928, 0.232]	no-link	header-header	0.0013	-0.0861	-0.1491	-0.049	-0.05	-0.036	1
PATHOLOGY	ASSURANCE	[0.2994858611825193, 0.169, 0.38688946015424164, 0.182]	[0.45758354755784064, 0.218, 0.5398457583547558, 0.232]	no-link	header-header	-0.0707	-0.1581	-0.2404	-0.049	-0.05	-0.036	1
PATHOLOGY	REPORT	[0.2994858611825193, 0.169, 0.38688946015424164, 0.182]	[0.3740359897172236, 0.232, 0.43316195372750643, 0.245]	no-link	header-header	0.0129	-0.0746	-0.1337	-0.063	-0.063	-0.05	1
PATHOLOGY	Client	[0.2994858611825193, 0.169, 0.38688946015424164, 0.182]	[0.13624678663239073, 0.274, 0.19408740359897173, 0.289]	no-link	header-question	0.2506	0.1632	0.1054	-0.105	-0.107	-0.092	1
PATHOLOGY	Laboratories,	[0.2994858611825193, 0.169, 0.38688946015424164, 0.182]	[0.3496143958868895, 0.274, 0.4665809768637532, 0.289]	no-link	header-answer	0.0373	-0.0501	-0.1671	-0.105	-0.107	-0.092	1
PATHOLOGY	Borriston	[0.2994858611825193, 0.169, 0.38688946015424164, 0.182]	[0.2570694087403599, 0.275, 0.34190231362467866, 0.288]	no-link	header-answer	0.1298	0.0424	-0.0424	-0.106	-0.106	-0.093	1
PATHOLOGY	Study	[0.2994858611825193, 0.169, 0.38688946015424164, 0.182]	[0.5848329048843187, 0.275, 0.6349614395886889, 0.29]	no-link	header-question	-0.1979	-0.2853	-0.3355	-0.106	-0.108	-0.093	1
PATHOLOGY	Dr.	[0.2994858611825193, 0.169, 0.38688946015424164, 0.182]	[0.27249357326478146, 0.316, 0.2982005141388175, 0.333]	no-link	header-answer	0.1144	0.027	0.0013	-0.147	-0.151	-0.134	1
PATHOLOGY	O.	[0.2994858611825193, 0.169, 0.38688946015424164, 0.182]	[0.3856041131105398, 0.316, 0.39845758354755784, 0.331]	no-link	header-answer	0.0013	-0.0861	-0.099	-0.147	-0.149	-0.134	1
PATHOLOGY	Pathologist	[0.2994858611825193, 0.169, 0.38688946015424164, 0.182]	[0.4897172236503856, 0.316, 0.5938303341902313, 0.333]	no-link	header-answer	-0.1028	-0.1902	-0.2943	-0.147	-0.151	-0.134	1
PATHOLOGY	Iverson	[0.2994858611825193, 0.169, 0.38688946015424164, 0.182]	[0.41131105398457585, 0.317, 0.4755784061696658, 0.334]	no-link	header-answer	-0.0244	-0.1118	-0.1761	-0.148	-0.152	-0.135	1
QUALITY	Client	[0.3856041131105398, 0.218, 0.448586118251928, 0.232]	[0.13624678663239073, 0.274, 0.19408740359897173, 0.289]	line-line	header-question	-0.1915	0.056	-0.2494	0.057	-0.3123	0.071	2
QUALITY	ASSURANCE	[0.3856041131105398, 0.218, 0.448586118251928, 0.232]	[0.45758354755784064, 0.218, 0.5398457583547558, 0.232]	no-link	header-header	-0.009	-0.072	-0.1542	0.0	0.0	0.014	2
QUALITY	REPORT	[0.3856041131105398, 0.218, 0.448586118251928, 0.232]	[0.3740359897172236, 0.232, 0.43316195372750643, 0.245]	no-link	header-header	0.0746	0.0116	-0.0476	-0.014	-0.013	0.0	2
QUALITY	Laboratories,	[0.3856041131105398, 0.218, 0.448586118251928, 0.232]	[0.3496143958868895, 0.274, 0.4665809768637532, 0.289]	no-link	header-answer	0.099	0.036	-0.081	-0.056	-0.057	-0.042	2
QUALITY	Borriston	[0.3856041131105398, 0.218, 0.448586118251928, 0.232]	[0.2570694087403599, 0.275, 0.34190231362467866, 0.288]	no-link	header-answer	0.1915	0.1285	0.0437	-0.057	-0.056	-0.043	2
QUALITY	Study	[0.3856041131105398, 0.218, 0.448586118251928, 0.232]	[0.5848329048843187, 0.275, 0.6349614395886889, 0.29]	no-link	header-question	-0.1362	-0.1992	-0.2494	-0.057	-0.058	-0.043	2
QUALITY	Dr.	[0.3856041131105398, 0.218, 0.448586118251928, 0.232]	[0.27249357326478146, 0.316, 0.2982005141388175, 0.333]	no-link	header-answer	0.1761	0.1131	0.0874	-0.098	-0.101	-0.084	2
QUALITY	O.	[0.3856041131105398, 0.218, 0.448586118251928, 0.232]	[0.3856041131105398, 0.316, 0.39845758354755784, 0.331]	no-link	header-answer	0.063	0.0	-0.0129	-0.098	-0.099	-0.084	2
QUALITY	Pathologist	[0.3856041131105398, 0.218, 0.448586118251928, 0.232]	[0.4897172236503856, 0.316, 0.5938303341902313, 0.333]	no-link	header-answer	-0.0411	-0.1041	-0.2082	-0.098	-0.101	-0.084	2
QUALITY	Iverson	[0.3856041131105398, 0.218, 0.448586118251928, 0.232]	[0.41131105398457585, 0.317, 0.4755784061696658, 0.334]	no-link	header-answer	0.0373	-0.0257	-0.09	-0.099	-0.102	-0.085	2
QUALITY	William	[0.3856041131105398, 0.218, 0.448586118251928, 0.232]	[0.3110539845758355, 0.318, 0.3791773778920309, 0.332]	no-link	header-answer	0.1375	0.0746	0.0064	-0.1	-0.1	-0.086	2
QUALITY	ASSURANCE	[0.3856041131105398, 0.218, 0.448586118251928, 0.232]	[0.45758354755784064, 0.218, 0.5398457583547558, 0.232]	word-word	header-header	0.1542	0.0	0.072	0.0	0.009	0.014	2
QUALITY	Charley	[0.3856041131105398, 0.218, 0.448586118251928, 0.232]	[0.6478149100257069, 0.318, 0.7249357326478149, 0.335]	no-link	header-answer	-0.1992	-0.2622	-0.3393	-0.1	-0.103	-0.086	2
ASSURANCE	REPORT	[0.45758354755784064, 0.218, 0.5398457583547558, 0.232]	[0.3740359897172236, 0.232, 0.43316195372750643, 0.245]	word-word	header-header	-0.0244	0.014	-0.0835	0.013	-0.1658	0.027	2
ASSURANCE	Client	[0.45758354755784064, 0.218, 0.5398457583547558, 0.232]	[0.13624678663239073, 0.274, 0.19408740359897173, 0.289]	no-link	header-question	0.4036	0.3213	0.2635	-0.056	-0.057	-0.042	2
ASSURANCE	Laboratories,	[0.45758354755784064, 0.218, 0.5398457583547558, 0.232]	[0.3496143958868895, 0.274, 0.4665809768637532, 0.289]	no-link	header-answer	0.1902	0.108	-0.009	-0.056	-0.057	-0.042	2
ASSURANCE	Borriston	[0.45758354755784064, 0.218, 0.5398457583547558, 0.232]	[0.2570694087403599, 0.275, 0.34190231362467866, 0.288]	no-link	header-answer	0.2828	0.2005	0.1157	-0.057	-0.056	-0.043	2
ASSURANCE	Study	[0.45758354755784064, 0.218, 0.5398457583547558, 0.232]	[0.5848329048843187, 0.275, 0.6349614395886889, 0.29]	no-link	header-question	-0.045	-0.1272	-0.1774	-0.057	-0.058	-0.043	2
ASSURANCE	Dr.	[0.45758354755784064, 0.218, 0.5398457583547558, 0.232]	[0.27249357326478146, 0.316, 0.2982005141388175, 0.333]	no-link	header-answer	0.2674	0.1851	0.1594	-0.098	-0.101	-0.084	2
ASSURANCE	O.	[0.45758354755784064, 0.218, 0.5398457583547558, 0.232]	[0.3856041131105398, 0.316, 0.39845758354755784, 0.331]	no-link	header-answer	0.1542	0.072	0.0591	-0.098	-0.099	-0.084	2
ASSURANCE	Pathologist	[0.45758354755784064, 0.218, 0.5398457583547558, 0.232]	[0.4897172236503856, 0.316, 0.5938303341902313, 0.333]	no-link	header-answer	0.0501	-0.0321	-0.1362	-0.098	-0.101	-0.084	2
ASSURANCE	Iverson	[0.45758354755784064, 0.218, 0.5398457583547558, 0.232]	[0.41131105398457585, 0.317, 0.4755784061696658, 0.334]	no-link	header-answer	0.1285	0.0463	-0.018	-0.099	-0.102	-0.085	2
ASSURANCE	William	[0.45758354755784064, 0.218, 0.5398457583547558, 0.232]	[0.3110539845758355, 0.318, 0.3791773778920309, 0.332]	no-link	header-answer	0.2288	0.1465	0.0784	-0.1	-0.1	-0.086	2
ASSURANCE	Charley	[0.45758354755784064, 0.218, 0.5398457583547558, 0.232]	[0.6478149100257069, 0.318, 0.7249357326478149, 0.335]	no-link	header-answer	-0.108	-0.1902	-0.2674	-0.1	-0.103	-0.086	2
ASSURANCE	E.	[0.45758354755784064, 0.218, 0.5398457583547558, 0.232]	[0.7249357326478149, 0.318, 0.7429305912596401, 0.331]	no-link	header-answer	-0.1851	-0.2674	-0.2853	-0.1	-0.099	-0.086	2
REPORT	CERTIFICATION	[0.3740359897172236, 0.232, 0.43316195372750643, 0.245]	[0.442159383033419, 0.235, 0.5629820051413882, 0.243]	word-word	header-header	0.1889	0.003	0.0681	-0.002	0.009	0.011	2
REPORT	Client	[0.3740359897172236, 0.232, 0.43316195372750643, 0.245]	[0.13624678663239073, 0.274, 0.19408740359897173, 0.289]	no-link	header-question	0.2969	0.2378	0.1799	-0.042	-0.044	-0.029	2
REPORT	Laboratories,	[0.3740359897172236, 0.232, 0.43316195372750643, 0.245]	[0.3496143958868895, 0.274, 0.4665809768637532, 0.289]	no-link	header-answer	0.0835	0.0244	-0.0925	-0.042	-0.044	-0.029	2
REPORT	Borriston	[0.3740359897172236, 0.232, 0.43316195372750643, 0.245]	[0.2570694087403599, 0.275, 0.34190231362467866, 0.288]	no-link	header-answer	0.1761	0.117	0.0321	-0.043	-0.043	-0.03	2
REPORT	Study	[0.3740359897172236, 0.232, 0.43316195372750643, 0.245]	[0.5848329048843187, 0.275, 0.6349614395886889, 0.29]	no-link	header-question	-0.1517	-0.2108	-0.2609	-0.043	-0.045	-0.03	2
REPORT	Dr.	[0.3740359897172236, 0.232, 0.43316195372750643, 0.245]	[0.27249357326478146, 0.316, 0.2982005141388175, 0.333]	no-link	header-answer	0.1607	0.1015	0.0758	-0.084	-0.088	-0.071	2
REPORT	O.	[0.3740359897172236, 0.232, 0.43316195372750643, 0.245]	[0.3856041131105398, 0.316, 0.39845758354755784, 0.331]	no-link	header-answer	0.0476	-0.0116	-0.0244	-0.084	-0.086	-0.071	2
REPORT	Pathologist	[0.3740359897172236, 0.232, 0.43316195372750643, 0.245]	[0.4897172236503856, 0.316, 0.5938303341902313, 0.333]	no-link	header-answer	-0.0566	-0.1157	-0.2198	-0.084	-0.088	-0.071	2
REPORT	Iverson	[0.3740359897172236, 0.232, 0.43316195372750643, 0.245]	[0.41131105398457585, 0.317, 0.4755784061696658, 0.334]	no-link	header-answer	0.0219	-0.0373	-0.1015	-0.085	-0.089	-0.072	2
REPORT	William	[0.3740359897172236, 0.232, 0.43316195372750643, 0.245]	[0.3110539845758355, 0.318, 0.3791773778920309, 0.332]	no-link	header-answer	0.1221	0.063	-0.0051	-0.086	-0.087	-0.073	2
REPORT	Charley	[0.3740359897172236, 0.232, 0.43316195372750643, 0.245]	[0.6478149100257069, 0.318, 0.7249357326478149, 0.335]	no-link	header-answer	-0.2147	-0.2738	-0.3509	-0.086	-0.09	-0.073	2
REPORT	E.	[0.3740359897172236, 0.232, 0.43316195372750643, 0.245]	[0.7249357326478149, 0.318, 0.7429305912596401, 0.331]	no-link	header-answer	-0.2918	-0.3509	-0.3689	-0.086	-0.086	-0.073	2
REPORT	Cigarette	[0.3740359897172236, 0.232, 0.43316195372750643, 0.245]	[0.3856041131105398, 0.344, 0.46786632390745503, 0.361]	no-link	header-answer	0.0476	-0.0116	-0.0938	-0.112	-0.116	-0.099	2
Client	Client	[0.13624678663239073, 0.274, 0.19408740359897173, 0.289]	[0.519280205655527, 0.277, 0.5784061696658098, 0.29]	question-question	question-question	0.4422	0.003	0.383	0.001	0.3252	0.016	3
Client	Laboratories,	[0.13624678663239073, 0.274, 0.19408740359897173, 0.289]	[0.3496143958868895, 0.274, 0.4665809768637532, 0.289]	no-link	question-answer	-0.1555	-0.2134	-0.3303	0.0	0.0	0.015	3
Client	Borriston	[0.13624678663239073, 0.274, 0.19408740359897173, 0.289]	[0.2570694087403599, 0.275, 0.34190231362467866, 0.288]	no-link	question-answer	-0.063	-0.1208	-0.2057	-0.001	0.001	0.014	3
Client	Study	[0.13624678663239073, 0.274, 0.19408740359897173, 0.289]	[0.5848329048843187, 0.275, 0.6349614395886889, 0.29]	no-link	question-question	-0.3907	-0.4486	-0.4987	-0.001	-0.001	0.014	3
Client	Dr.	[0.13624678663239073, 0.274, 0.19408740359897173, 0.289]	[0.27249357326478146, 0.316, 0.2982005141388175, 0.333]	no-link	question-answer	-0.0784	-0.1362	-0.162	-0.042	-0.044	-0.027	3
Client	O.	[0.13624678663239073, 0.274, 0.19408740359897173, 0.289]	[0.3856041131105398, 0.316, 0.39845758354755784, 0.331]	no-link	question-answer	-0.1915	-0.2494	-0.2622	-0.042	-0.042	-0.027	3
Client	Pathologist	[0.13624678663239073, 0.274, 0.19408740359897173, 0.289]	[0.4897172236503856, 0.316, 0.5938303341902313, 0.333]	no-link	question-answer	-0.2956	-0.3535	-0.4576	-0.042	-0.044	-0.027	3
Client	Iverson	[0.13624678663239073, 0.274, 0.19408740359897173, 0.289]	[0.41131105398457585, 0.317, 0.4755784061696658, 0.334]	no-link	question-answer	-0.2172	-0.2751	-0.3393	-0.043	-0.045	-0.028	3
Client	William	[0.13624678663239073, 0.274, 0.19408740359897173, 0.289]	[0.3110539845758355, 0.318, 0.3791773778920309, 0.332]	no-link	question-answer	-0.117	-0.1748	-0.2429	-0.044	-0.043	-0.029	3
Client	Charley	[0.13624678663239073, 0.274, 0.19408740359897173, 0.289]	[0.6478149100257069, 0.318, 0.7249357326478149, 0.335]	no-link	question-answer	-0.4537	-0.5116	-0.5887	-0.044	-0.046	-0.029	3
Client	E.	[0.13624678663239073, 0.274, 0.19408740359897173, 0.289]	[0.7249357326478149, 0.318, 0.7429305912596401, 0.331]	no-link	question-answer	-0.5308	-0.5887	-0.6067	-0.044	-0.042	-0.029	3
Client	Cigarette	[0.13624678663239073, 0.274, 0.19408740359897173, 0.289]	[0.3856041131105398, 0.344, 0.46786632390745503, 0.361]	no-link	question-answer	-0.1915	-0.2494	-0.3316	-0.07	-0.072	-0.055	3
Client	Bioassay	[0.13624678663239073, 0.274, 0.19408740359897173, 0.289]	[0.2750642673521851, 0.345, 0.3508997429305913, 0.36]	no-link	question-answer	-0.081	-0.1388	-0.2147	-0.071	-0.071	-0.056	3
Client	Study	[0.13624678663239073, 0.274, 0.19408740359897173, 0.289]	[0.13624678663239073, 0.317, 0.18508997429305912, 0.332]	line-line	question-question	0.0488	0.043	0.0	0.043	-0.0578	0.058	3
Client	Smoke	[0.13624678663239073, 0.274, 0.19408740359897173, 0.289]	[0.4755784061696658, 0.345, 0.5205655526992288, 0.362]	no-link	question-answer	-0.2815	-0.3393	-0.3843	-0.071	-0.073	-0.056	3
Client	Name	[0.13624678663239073, 0.274, 0.19408740359897173, 0.289]	[0.20051413881748073, 0.275, 0.2416452442159383, 0.29]	word-word	question-question	0.1054	0.001	0.0643	0.001	0.0064	0.016	3
Client	Condensates	[0.13624678663239073, 0.274, 0.19408740359897173, 0.289]	[0.5282776349614395, 0.345, 0.6311053984575835, 0.36]	no-link	question-answer	-0.3342	-0.392	-0.4949	-0.071	-0.071	-0.056	3
Client	Borriston	[0.13624678663239073, 0.274, 0.19408740359897173, 0.289]	[0.2570694087403599, 0.275, 0.34190231362467866, 0.288]	question-answer	question-answer	0.2057	0.001	0.1208	-0.001	0.063	0.014	3
Client	for	[0.13624678663239073, 0.274, 0.19408740359897173, 0.289]	[0.6426735218508998, 0.345, 0.6696658097686375, 0.359]	no-link	question-answer	-0.4486	-0.5064	-0.5334	-0.071	-0.07	-0.056	3
Laboratories,	Inc.	[0.3496143958868895, 0.274, 0.4665809768637532, 0.289]	[0.4755784061696658, 0.274, 0.5102827763496144, 0.288]	word-word	answer-answer	0.1607	0.0	0.126	-0.001	0.009	0.014	3
Laboratories,	Study	[0.3496143958868895, 0.274, 0.4665809768637532, 0.289]	[0.5848329048843187, 0.275, 0.6349614395886889, 0.29]	no-link	answer-question	-0.1183	-0.2352	-0.2853	-0.001	-0.001	0.014	3
Laboratories,	Client	[0.3496143958868895, 0.274, 0.4665809768637532, 0.289]	[0.519280205655527, 0.277, 0.5784061696658098, 0.29]	no-link	answer-question	-0.0527	-0.1697	-0.2288	-0.003	-0.001	0.012	3
Laboratories,	Dr.	[0.3496143958868895, 0.274, 0.4665809768637532, 0.289]	[0.27249357326478146, 0.316, 0.2982005141388175, 0.333]	no-link	answer-answer	0.1941	0.0771	0.0514	-0.042	-0.044	-0.027	3
Laboratories,	O.	[0.3496143958868895, 0.274, 0.4665809768637532, 0.289]	[0.3856041131105398, 0.316, 0.39845758354755784, 0.331]	no-link	answer-answer	0.081	-0.036	-0.0488	-0.042	-0.042	-0.027	3
Laboratories,	Pathologist	[0.3496143958868895, 0.274, 0.4665809768637532, 0.289]	[0.4897172236503856, 0.316, 0.5938303341902313, 0.333]	no-link	answer-answer	-0.0231	-0.1401	-0.2442	-0.042	-0.044	-0.027	3
Laboratories,	Iverson	[0.3496143958868895, 0.274, 0.4665809768637532, 0.289]	[0.41131105398457585, 0.317, 0.4755784061696658, 0.334]	no-link	answer-answer	0.0553	-0.0617	-0.126	-0.043	-0.045	-0.028	3
Laboratories,	William	[0.3496143958868895, 0.274, 0.4665809768637532, 0.289]	[0.3110539845758355, 0.318, 0.3791773778920309, 0.332]	no-link	answer-answer	0.1555	0.0386	-0.0296	-0.044	-0.043	-0.029	3
Laboratories,	Charley	[0.3496143958868895, 0.274, 0.4665809768637532, 0.289]	[0.6478149100257069, 0.318, 0.7249357326478149, 0.335]	no-link	answer-answer	-0.1812	-0.2982	-0.3753	-0.044	-0.046	-0.029	3
Laboratories,	E.	[0.3496143958868895, 0.274, 0.4665809768637532, 0.289]	[0.7249357326478149, 0.318, 0.7429305912596401, 0.331]	no-link	answer-answer	-0.2584	-0.3753	-0.3933	-0.044	-0.042	-0.029	3
Laboratories,	Cigarette	[0.3496143958868895, 0.274, 0.4665809768637532, 0.289]	[0.3856041131105398, 0.344, 0.46786632390745503, 0.361]	no-link	answer-answer	0.081	-0.036	-0.1183	-0.07	-0.072	-0.055	3
Laboratories,	Bioassay	[0.3496143958868895, 0.274, 0.4665809768637532, 0.289]	[0.2750642673521851, 0.345, 0.3508997429305913, 0.36]	no-link	answer-answer	0.1915	0.0746	-0.0013	-0.071	-0.071	-0.056	3
Laboratories,	Smoke	[0.3496143958868895, 0.274, 0.4665809768637532, 0.289]	[0.4755784061696658, 0.345, 0.5205655526992288, 0.362]	no-link	answer-answer	-0.009	-0.126	-0.171	-0.071	-0.073	-0.056	3
Laboratories,	Condensates	[0.3496143958868895, 0.274, 0.4665809768637532, 0.289]	[0.5282776349614395, 0.345, 0.6311053984575835, 0.36]	no-link	answer-answer	-0.0617	-0.1787	-0.2815	-0.071	-0.071	-0.056	3
Laboratories,	for	[0.3496143958868895, 0.274, 0.4665809768637532, 0.289]	[0.6426735218508998, 0.345, 0.6696658097686375, 0.359]	no-link	answer-answer	-0.1761	-0.2931	-0.3201	-0.071	-0.07	-0.056	3
Laboratories,	of	[0.3496143958868895, 0.274, 0.4665809768637532, 0.289]	[0.36118251928020567, 0.346, 0.37532133676092544, 0.36]	no-link	answer-answer	0.1054	-0.0116	-0.0257	-0.072	-0.071	-0.057	3
Borriston	Laboratories,	[0.2570694087403599, 0.275, 0.34190231362467866, 0.288]	[0.3496143958868895, 0.274, 0.4665809768637532, 0.289]	word-word	answer-answer	0.2095	-0.001	0.0925	0.001	0.0077	0.014	3
Borriston	Client	[0.2570694087403599, 0.275, 0.34190231362467866, 0.288]	[0.519280205655527, 0.277, 0.5784061696658098, 0.29]	no-link	answer-question	-0.1774	-0.2622	-0.3213	-0.002	-0.002	0.011	3
Borriston	Dr.	[0.2570694087403599, 0.275, 0.34190231362467866, 0.288]	[0.27249357326478146, 0.316, 0.2982005141388175, 0.333]	no-link	answer-answer	0.0694	-0.0154	-0.0411	-0.041	-0.045	-0.028	3
Borriston	O.	[0.2570694087403599, 0.275, 0.34190231362467866, 0.288]	[0.3856041131105398, 0.316, 0.39845758354755784, 0.331]	no-link	answer-answer	-0.0437	-0.1285	-0.1414	-0.041	-0.043	-0.028	3
Borriston	Pathologist	[0.2570694087403599, 0.275, 0.34190231362467866, 0.288]	[0.4897172236503856, 0.316, 0.5938303341902313, 0.333]	no-link	answer-answer	-0.1478	-0.2326	-0.3368	-0.041	-0.045	-0.028	3
Borriston	Study	[0.2570694087403599, 0.275, 0.34190231362467866, 0.288]	[0.13624678663239073, 0.317, 0.18508997429305912, 0.332]	no-link	answer-question	0.2057	0.1208	0.072	-0.042	-0.044	-0.029	3
Borriston	Iverson	[0.2570694087403599, 0.275, 0.34190231362467866, 0.288]	[0.41131105398457585, 0.317, 0.4755784061696658, 0.334]	no-link	answer-answer	-0.0694	-0.1542	-0.2185	-0.042	-0.046	-0.029	3
Borriston	William	[0.2570694087403599, 0.275, 0.34190231362467866, 0.288]	[0.3110539845758355, 0.318, 0.3791773778920309, 0.332]	no-link	answer-answer	0.0308	-0.054	-0.1221	-0.043	-0.044	-0.03	3
Borriston	Charley	[0.2570694087403599, 0.275, 0.34190231362467866, 0.288]	[0.6478149100257069, 0.318, 0.7249357326478149, 0.335]	no-link	answer-answer	-0.3059	-0.3907	-0.4679	-0.043	-0.047	-0.03	3
Borriston	E.	[0.2570694087403599, 0.275, 0.34190231362467866, 0.288]	[0.7249357326478149, 0.318, 0.7429305912596401, 0.331]	no-link	answer-answer	-0.383	-0.4679	-0.4859	-0.043	-0.043	-0.03	3
Borriston	Cigarette	[0.2570694087403599, 0.275, 0.34190231362467866, 0.288]	[0.3856041131105398, 0.344, 0.46786632390745503, 0.361]	no-link	answer-answer	-0.0437	-0.1285	-0.2108	-0.069	-0.073	-0.056	3
Borriston	Bioassay	[0.2570694087403599, 0.275, 0.34190231362467866, 0.288]	[0.2750642673521851, 0.345, 0.3508997429305913, 0.36]	no-link	answer-answer	0.0668	-0.018	-0.0938	-0.07	-0.072	-0.057	3
Borriston	Smoke	[0.2570694087403599, 0.275, 0.34190231362467866, 0.288]	[0.4755784061696658, 0.345, 0.5205655526992288, 0.362]	no-link	answer-answer	-0.1337	-0.2185	-0.2635	-0.07	-0.074	-0.057	3
Borriston	Condensates	[0.2570694087403599, 0.275, 0.34190231362467866, 0.288]	[0.5282776349614395, 0.345, 0.6311053984575835, 0.36]	no-link	answer-answer	-0.1864	-0.2712	-0.374	-0.07	-0.072	-0.057	3
Borriston	for	[0.2570694087403599, 0.275, 0.34190231362467866, 0.288]	[0.6426735218508998, 0.345, 0.6696658097686375, 0.359]	no-link	answer-answer	-0.3008	-0.3856	-0.4126	-0.07	-0.071	-0.057	3
Borriston	of	[0.2570694087403599, 0.275, 0.34190231362467866, 0.288]	[0.36118251928020567, 0.346, 0.37532133676092544, 0.36]	no-link	answer-answer	-0.0193	-0.1041	-0.1183	-0.071	-0.072	-0.058	3
Borriston	potential	[0.2570694087403599, 0.275, 0.34190231362467866, 0.288]	[0.6786632390745502, 0.346, 0.7634961439588689, 0.361]	no-link	answer-answer	-0.3368	-0.4216	-0.5064	-0.071	-0.073	-0.058	3
Study	No.	[0.5848329048843187, 0.275, 0.6349614395886889, 0.29]	[0.6413881748071979, 0.275, 0.6696658097686375, 0.289]	word-word	question-question	0.0848	0.0	0.0566	-0.001	0.0064	0.014	3
Study	Client	[0.5848329048843187, 0.275, 0.6349614395886889, 0.29]	[0.519280205655527, 0.277, 0.5784061696658098, 0.29]	no-link	question-answer	0.1157	0.0656	0.0064	-0.002	0.0	0.013	3
Study	Dr.	[0.5848329048843187, 0.275, 0.6349614395886889, 0.29]	[0.27249357326478146, 0.316, 0.2982005141388175, 0.333]	no-link	question-answer	0.3625	0.3123	0.2866	-0.041	-0.043	-0.026	3
Study	O.	[0.5848329048843187, 0.275, 0.6349614395886889, 0.29]	[0.3856041131105398, 0.316, 0.39845758354755784, 0.331]	no-link	question-answer	0.2494	0.1992	0.1864	-0.041	-0.041	-0.026	3
Study	Pathologist	[0.5848329048843187, 0.275, 0.6349614395886889, 0.29]	[0.4897172236503856, 0.316, 0.5938303341902313, 0.333]	no-link	question-answer	0.1452	0.0951	-0.009	-0.041	-0.043	-0.026	3
Study	Iverson	[0.5848329048843187, 0.275, 0.6349614395886889, 0.29]	[0.41131105398457585, 0.317, 0.4755784061696658, 0.334]	no-link	question-answer	0.2237	0.1735	0.1093	-0.042	-0.044	-0.027	3
Study	William	[0.5848329048843187, 0.275, 0.6349614395886889, 0.29]	[0.3110539845758355, 0.318, 0.3791773778920309, 0.332]	no-link	question-answer	0.3239	0.2738	0.2057	-0.043	-0.042	-0.028	3
Study	Charley	[0.5848329048843187, 0.275, 0.6349614395886889, 0.29]	[0.6478149100257069, 0.318, 0.7249357326478149, 0.335]	no-link	question-answer	-0.0129	-0.063	-0.1401	-0.043	-0.045	-0.028	3
Study	E.	[0.5848329048843187, 0.275, 0.6349614395886889, 0.29]	[0.7249357326478149, 0.318, 0.7429305912596401, 0.331]	no-link	question-answer	-0.09	-0.1401	-0.1581	-0.043	-0.041	-0.028	3
Study	Cigarette	[0.5848329048843187, 0.275, 0.6349614395886889, 0.29]	[0.3856041131105398, 0.344, 0.46786632390745503, 0.361]	no-link	question-answer	0.2494	0.1992	0.117	-0.069	-0.071	-0.054	3
Study	Bioassay	[0.5848329048843187, 0.275, 0.6349614395886889, 0.29]	[0.2750642673521851, 0.345, 0.3508997429305913, 0.36]	no-link	question-answer	0.3599	0.3098	0.2339	-0.07	-0.07	-0.055	3
Study	Smoke	[0.5848329048843187, 0.275, 0.6349614395886889, 0.29]	[0.4755784061696658, 0.345, 0.5205655526992288, 0.362]	no-link	question-answer	0.1594	0.1093	0.0643	-0.07	-0.072	-0.055	3
Study	Condensates	[0.5848329048843187, 0.275, 0.6349614395886889, 0.29]	[0.5282776349614395, 0.345, 0.6311053984575835, 0.36]	no-link	question-answer	0.1067	0.0566	-0.0463	-0.07	-0.07	-0.055	3
Study	for	[0.5848329048843187, 0.275, 0.6349614395886889, 0.29]	[0.6426735218508998, 0.345, 0.6696658097686375, 0.359]	no-link	question-answer	-0.0077	-0.0578	-0.0848	-0.07	-0.069	-0.055	3
Study	of	[0.5848329048843187, 0.275, 0.6349614395886889, 0.29]	[0.36118251928020567, 0.346, 0.37532133676092544, 0.36]	no-link	question-answer	0.2738	0.2237	0.2095	-0.071	-0.07	-0.056	3
Study	potential	[0.5848329048843187, 0.275, 0.6349614395886889, 0.29]	[0.6786632390745502, 0.346, 0.7634961439588689, 0.361]	no-link	question-answer	-0.0437	-0.0938	-0.1787	-0.071	-0.071	-0.056	3
Client	Study	[0.519280205655527, 0.277, 0.5784061696658098, 0.29]	[0.5848329048843187, 0.275, 0.6349614395886889, 0.29]	word-word	question-question	0.1157	-0.002	0.0656	0.0	0.0064	0.013	3
Client	of	[0.519280205655527, 0.277, 0.5784061696658098, 0.29]	[0.36118251928020567, 0.346, 0.37532133676092544, 0.36]	no-link	question-answer	0.2172	0.1581	0.144	-0.069	-0.07	-0.056	3
Client	potential	[0.519280205655527, 0.277, 0.5784061696658098, 0.29]	[0.6786632390745502, 0.346, 0.7634961439588689, 0.361]	no-link	question-answer	-0.1003	-0.1594	-0.2442	-0.069	-0.071	-0.056	3
Client	1419A	[0.519280205655527, 0.277, 0.5784061696658098, 0.29]	[0.7339331619537275, 0.274, 0.7802056555269923, 0.289]	question-answer	question-answer	0.2609	-0.003	0.2147	-0.001	0.1555	0.012	3
Client	Tumorigenic	[0.519280205655527, 0.277, 0.5784061696658098, 0.29]	[0.2750642673521851, 0.362, 0.37532133676092544, 0.373]	no-link	question-answer	0.3033	0.2442	0.144	-0.085	-0.083	-0.072	3
Dr.	William	[0.27249357326478146, 0.316, 0.2982005141388175, 0.333]	[0.3110539845758355, 0.318, 0.3791773778920309, 0.332]	word-word	answer-answer	0.1067	0.002	0.0386	-0.001	0.0129	0.016	4
Dr.	Pathologist	[0.27249357326478146, 0.316, 0.2982005141388175, 0.333]	[0.4897172236503856, 0.316, 0.5938303341902313, 0.333]	no-link	answer-answer	-0.1915	-0.2172	-0.3213	0.0	0.0	0.017	4
Dr.	Study	[0.27249357326478146, 0.316, 0.2982005141388175, 0.333]	[0.13624678663239073, 0.317, 0.18508997429305912, 0.332]	no-link	answer-question	0.162	0.1362	0.0874	-0.001	0.001	0.016	4
Dr.	Iverson	[0.27249357326478146, 0.316, 0.2982005141388175, 0.333]	[0.41131105398457585, 0.317, 0.4755784061696658, 0.334]	no-link	answer-answer	-0.1131	-0.1388	-0.2031	-0.001	-0.001	0.016	4
Dr.	Charley	[0.27249357326478146, 0.316, 0.2982005141388175, 0.333]	[0.6478149100257069, 0.318, 0.7249357326478149, 0.335]	no-link	answer-answer	-0.3496	-0.3753	-0.4524	-0.002	-0.002	0.015	4
Dr.	E.	[0.27249357326478146, 0.316, 0.2982005141388175, 0.333]	[0.7249357326478149, 0.318, 0.7429305912596401, 0.331]	no-link	answer-answer	-0.4267	-0.4524	-0.4704	-0.002	0.002	0.015	4
Dr.	Cigarette	[0.27249357326478146, 0.316, 0.2982005141388175, 0.333]	[0.3856041131105398, 0.344, 0.46786632390745503, 0.361]	no-link	answer-answer	-0.0874	-0.1131	-0.1954	-0.028	-0.028	-0.011	4
Dr.	Bioassay	[0.27249357326478146, 0.316, 0.2982005141388175, 0.333]	[0.2750642673521851, 0.345, 0.3508997429305913, 0.36]	no-link	answer-answer	0.0231	-0.0026	-0.0784	-0.029	-0.027	-0.012	4
Dr.	Smoke	[0.27249357326478146, 0.316, 0.2982005141388175, 0.333]	[0.4755784061696658, 0.345, 0.5205655526992288, 0.362]	no-link	answer-answer	-0.1774	-0.2031	-0.2481	-0.029	-0.029	-0.012	4
Dr.	Condensates	[0.27249357326478146, 0.316, 0.2982005141388175, 0.333]	[0.5282776349614395, 0.345, 0.6311053984575835, 0.36]	no-link	answer-answer	-0.2301	-0.2558	-0.3586	-0.029	-0.027	-0.012	4
Dr.	for	[0.27249357326478146, 0.316, 0.2982005141388175, 0.333]	[0.6426735218508998, 0.345, 0.6696658097686375, 0.359]	no-link	answer-answer	-0.3445	-0.3702	-0.3972	-0.029	-0.026	-0.012	4
Dr.	of	[0.27249357326478146, 0.316, 0.2982005141388175, 0.333]	[0.36118251928020567, 0.346, 0.37532133676092544, 0.36]	no-link	answer-answer	-0.063	-0.0887	-0.1028	-0.03	-0.027	-0.013	4
Dr.	potential	[0.27249357326478146, 0.316, 0.2982005141388175, 0.333]	[0.6786632390745502, 0.346, 0.7634961439588689, 0.361]	no-link	answer-answer	-0.3805	-0.4062	-0.491	-0.03	-0.028	-0.013	4
Dr.	Tumorigenic	[0.27249357326478146, 0.316, 0.2982005141388175, 0.333]	[0.2750642673521851, 0.362, 0.37532133676092544, 0.373]	no-link	answer-answer	0.0231	-0.0026	-0.1028	-0.046	-0.04	-0.029	4
Dr.	Skin	[0.27249357326478146, 0.316, 0.2982005141388175, 0.333]	[0.5514138817480719, 0.362, 0.5912596401028277, 0.377]	no-link	answer-answer	-0.2532	-0.2789	-0.3188	-0.046	-0.044	-0.029	4
O.	Iverson	[0.3856041131105398, 0.316, 0.39845758354755784, 0.331]	[0.41131105398457585, 0.317, 0.4755784061696658, 0.334]	word-word	answer-answer	0.09	0.001	0.0257	0.003	0.0129	0.018	4
O.	Study	[0.3856041131105398, 0.316, 0.39845758354755784, 0.331]	[0.13624678663239073, 0.317, 0.18508997429305912, 0.332]	no-link	answer-question	0.2622	0.2494	0.2005	-0.001	-0.001	0.014	4
O.	Dr.	[0.3856041131105398, 0.316, 0.39845758354755784, 0.331]	[0.6143958868894601, 0.317, 0.6375321336760925, 0.332]	no-link	answer-answer	-0.2159	-0.2288	-0.2519	-0.001	-0.001	0.014	4
O.	William	[0.3856041131105398, 0.316, 0.39845758354755784, 0.331]	[0.3110539845758355, 0.318, 0.3791773778920309, 0.332]	no-link	answer-answer	0.0874	0.0746	0.0064	-0.002	-0.001	0.013	4
O.	Charley	[0.3856041131105398, 0.316, 0.39845758354755784, 0.331]	[0.6478149100257069, 0.318, 0.7249357326478149, 0.335]	no-link	answer-answer	-0.2494	-0.2622	-0.3393	-0.002	-0.004	0.013	4
O.	E.	[0.3856041131105398, 0.316, 0.39845758354755784, 0.331]	[0.7249357326478149, 0.318, 0.7429305912596401, 0.331]	no-link	answer-answer	-0.3265	-0.3393	-0.3573	-0.002	0.0	0.013	4
O.	Cigarette	[0.3856041131105398, 0.316, 0.39845758354755784, 0.331]	[0.3856041131105398, 0.344, 0.46786632390745503, 0.361]	no-link	answer-answer	0.0129	0.0	-0.0823	-0.028	-0.03	-0.013	4
O.	Bioassay	[0.3856041131105398, 0.316, 0.39845758354755784, 0.331]	[0.2750642673521851, 0.345, 0.3508997429305913, 0.36]	no-link	answer-answer	0.1234	0.1105	0.0347	-0.029	-0.029	-0.014	4
O.	Smoke	[0.3856041131105398, 0.316, 0.39845758354755784, 0.331]	[0.4755784061696658, 0.345, 0.5205655526992288, 0.362]	no-link	answer-answer	-0.0771	-0.09	-0.135	-0.029	-0.031	-0.014	4
O.	Condensates	[0.3856041131105398, 0.316, 0.39845758354755784, 0.331]	[0.5282776349614395, 0.345, 0.6311053984575835, 0.36]	no-link	answer-answer	-0.1298	-0.1427	-0.2455	-0.029	-0.029	-0.014	4
O.	for	[0.3856041131105398, 0.316, 0.39845758354755784, 0.331]	[0.6426735218508998, 0.345, 0.6696658097686375, 0.359]	no-link	answer-answer	-0.2442	-0.2571	-0.2841	-0.029	-0.028	-0.014	4
O.	of	[0.3856041131105398, 0.316, 0.39845758354755784, 0.331]	[0.36118251928020567, 0.346, 0.37532133676092544, 0.36]	no-link	answer-answer	0.0373	0.0244	0.0103	-0.03	-0.029	-0.015	4
O.	potential	[0.3856041131105398, 0.316, 0.39845758354755784, 0.331]	[0.6786632390745502, 0.346, 0.7634961439588689, 0.361]	no-link	answer-answer	-0.2802	-0.2931	-0.3779	-0.03	-0.03	-0.015	4
O.	Tumorigenic	[0.3856041131105398, 0.316, 0.39845758354755784, 0.331]	[0.2750642673521851, 0.362, 0.37532133676092544, 0.373]	no-link	answer-answer	0.1234	0.1105	0.0103	-0.046	-0.042	-0.031	4
O.	Skin	[0.3856041131105398, 0.316, 0.39845758354755784, 0.331]	[0.5514138817480719, 0.362, 0.5912596401028277, 0.377]	no-link	answer-answer	-0.153	-0.1658	-0.2057	-0.046	-0.046	-0.031	4
O.	Activity	[0.3856041131105398, 0.316, 0.39845758354755784, 0.331]	[0.38174807197943444, 0.363, 0.46272493573264784, 0.376]	no-link	answer-answer	0.0167	0.0039	-0.0771	-0.047	-0.045	-0.032	4
Pathologist	Dr.	[0.4897172236503856, 0.316, 0.5938303341902313, 0.333]	[0.6143958868894601, 0.317, 0.6375321336760925, 0.332]	word-word	answer-answer	0.1478	0.001	0.1247	-0.001	0.0206	0.016	4
Pathologist	Study	[0.4897172236503856, 0.316, 0.5938303341902313, 0.333]	[0.13624678663239073, 0.317, 0.18508997429305912, 0.332]	no-link	answer-question	0.4576	0.3535	0.3046	-0.001	0.001	0.016	4
Pathologist	Iverson	[0.4897172236503856, 0.316, 0.5938303341902313, 0.333]	[0.41131105398457585, 0.317, 0.4755784061696658, 0.334]	no-link	answer-answer	0.1825	0.0784	0.0141	-0.001	-0.001	0.016	4
Pathologist	William	[0.4897172236503856, 0.316, 0.5938303341902313, 0.333]	[0.3110539845758355, 0.318, 0.3791773778920309, 0.332]	no-link	answer-answer	0.2828	0.1787	0.1105	-0.002	0.001	0.015	4
Pathologist	Charley	[0.4897172236503856, 0.316, 0.5938303341902313, 0.333]	[0.6478149100257069, 0.318, 0.7249357326478149, 0.335]	no-link	answer-answer	-0.054	-0.1581	-0.2352	-0.002	-0.002	0.015	4
Pathologist	E.	[0.4897172236503856, 0.316, 0.5938303341902313, 0.333]	[0.7249357326478149, 0.318, 0.7429305912596401, 0.331]	no-link	answer-answer	-0.1311	-0.2352	-0.2532	-0.002	0.002	0.015	4
Pathologist	Cigarette	[0.4897172236503856, 0.316, 0.5938303341902313, 0.333]	[0.3856041131105398, 0.344, 0.46786632390745503, 0.361]	no-link	answer-answer	0.2082	0.1041	0.0219	-0.028	-0.028	-0.011	4
Pathologist	Bioassay	[0.4897172236503856, 0.316, 0.5938303341902313, 0.333]	[0.2750642673521851, 0.345, 0.3508997429305913, 0.36]	no-link	answer-answer	0.3188	0.2147	0.1388	-0.029	-0.027	-0.012	4
Pathologist	Smoke	[0.4897172236503856, 0.316, 0.5938303341902313, 0.333]	[0.4755784061696658, 0.345, 0.5205655526992288, 0.362]	no-link	answer-answer	0.1183	0.0141	-0.0308	-0.029	-0.029	-0.012	4
Pathologist	Condensates	[0.4897172236503856, 0.316, 0.5938303341902313, 0.333]	[0.5282776349614395, 0.345, 0.6311053984575835, 0.36]	no-link	answer-answer	0.0656	-0.0386	-0.1414	-0.029	-0.027	-0.012	4
Pathologist	for	[0.4897172236503856, 0.316, 0.5938303341902313, 0.333]	[0.6426735218508998, 0.345, 0.6696658097686375, 0.359]	no-link	answer-answer	-0.0488	-0.153	-0.1799	-0.029	-0.026	-0.012	4
Pathologist	of	[0.4897172236503856, 0.316, 0.5938303341902313, 0.333]	[0.36118251928020567, 0.346, 0.37532133676092544, 0.36]	no-link	answer-answer	0.2326	0.1285	0.1144	-0.03	-0.027	-0.013	4
Pathologist	potential	[0.4897172236503856, 0.316, 0.5938303341902313, 0.333]	[0.6786632390745502, 0.346, 0.7634961439588689, 0.361]	no-link	answer-answer	-0.0848	-0.1889	-0.2738	-0.03	-0.028	-0.013	4
Pathologist	Tumorigenic	[0.4897172236503856, 0.316, 0.5938303341902313, 0.333]	[0.2750642673521851, 0.362, 0.37532133676092544, 0.373]	no-link	answer-answer	0.3188	0.2147	0.1144	-0.046	-0.04	-0.029	4
Pathologist	Skin	[0.4897172236503856, 0.316, 0.5938303341902313, 0.333]	[0.5514138817480719, 0.362, 0.5912596401028277, 0.377]	no-link	answer-answer	0.0424	-0.0617	-0.1015	-0.046	-0.044	-0.029	4
Pathologist	Activity	[0.4897172236503856, 0.316, 0.5938303341902313, 0.333]	[0.38174807197943444, 0.363, 0.46272493573264784, 0.376]	no-link	answer-answer	0.2121	0.108	0.027	-0.047	-0.043	-0.03	4
Pathologist	on	[0.4897172236503856, 0.316, 0.5938303341902313, 0.333]	[0.4665809768637532, 0.363, 0.4897172236503856, 0.376]	no-link	answer-answer	0.1272	0.0231	0.0	-0.047	-0.043	-0.03	4
Study	Study	[0.13624678663239073, 0.317, 0.18508997429305912, 0.332]	[0.13624678663239073, 0.36, 0.18508997429305912, 0.375]	line-line	question-question	0.0488	0.043	0.0	0.043	-0.0488	0.058	4
Study	Tumorigenic	[0.13624678663239073, 0.317, 0.18508997429305912, 0.332]	[0.2750642673521851, 0.362, 0.37532133676092544, 0.373]	no-link	question-answer	-0.09	-0.1388	-0.2391	-0.045	-0.041	-0.03	4
Study	Skin	[0.13624678663239073, 0.317, 0.18508997429305912, 0.332]	[0.5514138817480719, 0.362, 0.5912596401028277, 0.377]	no-link	question-answer	-0.3663	-0.4152	-0.455	-0.045	-0.045	-0.03	4
Study	Activity	[0.13624678663239073, 0.317, 0.18508997429305912, 0.332]	[0.38174807197943444, 0.363, 0.46272493573264784, 0.376]	no-link	question-answer	-0.1967	-0.2455	-0.3265	-0.046	-0.044	-0.031	4
Study	on	[0.13624678663239073, 0.317, 0.18508997429305912, 0.332]	[0.4665809768637532, 0.363, 0.4897172236503856, 0.376]	no-link	question-answer	-0.2815	-0.3303	-0.3535	-0.046	-0.044	-0.031	4
Study	Mouse	[0.13624678663239073, 0.317, 0.18508997429305912, 0.332]	[0.493573264781491, 0.363, 0.5462724935732648, 0.376]	no-link	question-answer	-0.3085	-0.3573	-0.41	-0.046	-0.044	-0.031	4
Study	Director	[0.13624678663239073, 0.317, 0.18508997429305912, 0.332]	[0.18894601542416453, 0.318, 0.26735218508997427, 0.332]	word-word	question-question	0.1311	0.001	0.0527	0.0	0.0039	0.015	4
Study	(Revised	[0.13624678663239073, 0.317, 0.18508997429305912, 0.332]	[0.2776349614395887, 0.377, 0.3508997429305913, 0.388]	no-link	question-answer	-0.0925	-0.1414	-0.2147	-0.06	-0.056	-0.045	4
Study	Dr.	[0.13624678663239073, 0.317, 0.18508997429305912, 0.332]	[0.27249357326478146, 0.316, 0.2982005141388175, 0.333]	question-answer	question-answer	0.162	-0.001	0.1362	0.001	0.0874	0.016	4
Study	Pathology	[0.13624678663239073, 0.317, 0.18508997429305912, 0.332]	[0.36118251928020567, 0.377, 0.442159383033419, 0.388]	no-link	question-answer	-0.1761	-0.2249	-0.3059	-0.06	-0.056	-0.045	4
Iverson	Pathologist	[0.41131105398457585, 0.317, 0.4755784061696658, 0.334]	[0.4897172236503856, 0.316, 0.5938303341902313, 0.333]	word-word	answer-answer	0.1825	-0.001	0.0784	-0.001	0.0141	0.016	4
Iverson	William	[0.41131105398457585, 0.317, 0.4755784061696658, 0.334]	[0.3110539845758355, 0.318, 0.3791773778920309, 0.332]	no-link	answer-answer	0.1645	0.1003	0.0321	-0.001	0.002	0.016	4
Iverson	Charley	[0.41131105398457585, 0.317, 0.4755784061696658, 0.334]	[0.6478149100257069, 0.318, 0.7249357326478149, 0.335]	no-link	answer-answer	-0.1722	-0.2365	-0.3136	-0.001	-0.001	0.016	4
Iverson	E.	[0.41131105398457585, 0.317, 0.4755784061696658, 0.334]	[0.7249357326478149, 0.318, 0.7429305912596401, 0.331]	no-link	answer-answer	-0.2494	-0.3136	-0.3316	-0.001	0.003	0.016	4
Iverson	Cigarette	[0.41131105398457585, 0.317, 0.4755784061696658, 0.334]	[0.3856041131105398, 0.344, 0.46786632390745503, 0.361]	no-link	answer-answer	0.09	0.0257	-0.0566	-0.027	-0.027	-0.01	4
Iverson	Bioassay	[0.41131105398457585, 0.317, 0.4755784061696658, 0.334]	[0.2750642673521851, 0.345, 0.3508997429305913, 0.36]	no-link	answer-answer	0.2005	0.1362	0.0604	-0.028	-0.026	-0.011	4
Iverson	Smoke	[0.41131105398457585, 0.317, 0.4755784061696658, 0.334]	[0.4755784061696658, 0.345, 0.5205655526992288, 0.362]	no-link	answer-answer	0.0	-0.0643	-0.1093	-0.028	-0.028	-0.011	4
Iverson	Condensates	[0.41131105398457585, 0.317, 0.4755784061696658, 0.334]	[0.5282776349614395, 0.345, 0.6311053984575835, 0.36]	no-link	answer-answer	-0.0527	-0.117	-0.2198	-0.028	-0.026	-0.011	4
Iverson	for	[0.41131105398457585, 0.317, 0.4755784061696658, 0.334]	[0.6426735218508998, 0.345, 0.6696658097686375, 0.359]	no-link	answer-answer	-0.1671	-0.2314	-0.2584	-0.028	-0.025	-0.011	4
Iverson	of	[0.41131105398457585, 0.317, 0.4755784061696658, 0.334]	[0.36118251928020567, 0.346, 0.37532133676092544, 0.36]	no-link	answer-answer	0.1144	0.0501	0.036	-0.029	-0.026	-0.012	4
Iverson	potential	[0.41131105398457585, 0.317, 0.4755784061696658, 0.334]	[0.6786632390745502, 0.346, 0.7634961439588689, 0.361]	no-link	answer-answer	-0.2031	-0.2674	-0.3522	-0.029	-0.027	-0.012	4
Iverson	Study	[0.41131105398457585, 0.317, 0.4755784061696658, 0.334]	[0.13624678663239073, 0.36, 0.18508997429305912, 0.375]	no-link	answer-question	0.3393	0.2751	0.2262	-0.043	-0.041	-0.026	4
Iverson	Tumorigenic	[0.41131105398457585, 0.317, 0.4755784061696658, 0.334]	[0.2750642673521851, 0.362, 0.37532133676092544, 0.373]	no-link	answer-answer	0.2005	0.1362	0.036	-0.045	-0.039	-0.028	4
Iverson	Skin	[0.41131105398457585, 0.317, 0.4755784061696658, 0.334]	[0.5514138817480719, 0.362, 0.5912596401028277, 0.377]	no-link	answer-answer	-0.0758	-0.1401	-0.1799	-0.045	-0.043	-0.028	4
Iverson	Activity	[0.41131105398457585, 0.317, 0.4755784061696658, 0.334]	[0.38174807197943444, 0.363, 0.46272493573264784, 0.376]	no-link	answer-answer	0.0938	0.0296	-0.0514	-0.046	-0.042	-0.029	4
Iverson	on	[0.41131105398457585, 0.317, 0.4755784061696658, 0.334]	[0.4665809768637532, 0.363, 0.4897172236503856, 0.376]	no-link	answer-answer	0.009	-0.0553	-0.0784	-0.046	-0.042	-0.029	4
Iverson	Mouse	[0.41131105398457585, 0.317, 0.4755784061696658, 0.334]	[0.493573264781491, 0.363, 0.5462724935732648, 0.376]	no-link	answer-answer	-0.018	-0.0823	-0.135	-0.046	-0.042	-0.029	4
Iverson	(Revised	[0.41131105398457585, 0.317, 0.4755784061696658, 0.334]	[0.2776349614395887, 0.377, 0.3508997429305913, 0.388]	no-link	answer-answer	0.1979	0.1337	0.0604	-0.06	-0.054	-0.043	4
Iverson	Pathology	[0.41131105398457585, 0.317, 0.4755784061696658, 0.334]	[0.36118251928020567, 0.377, 0.442159383033419, 0.388]	no-link	answer-answer	0.1144	0.0501	-0.0308	-0.06	-0.054	-0.043	4
Dr.	Charley	[0.6143958868894601, 0.317, 0.6375321336760925, 0.332]	[0.6478149100257069, 0.318, 0.7249357326478149, 0.335]	word-word	answer-answer	0.1105	0.001	0.0334	0.003	0.0103	0.018	4
Dr.	Activity	[0.6143958868894601, 0.317, 0.6375321336760925, 0.332]	[0.38174807197943444, 0.363, 0.46272493573264784, 0.376]	no-link	answer-answer	0.2558	0.2326	0.1517	-0.046	-0.044	-0.031	4
Dr.	on	[0.6143958868894601, 0.317, 0.6375321336760925, 0.332]	[0.4665809768637532, 0.363, 0.4897172236503856, 0.376]	no-link	answer-answer	0.171	0.1478	0.1247	-0.046	-0.044	-0.031	4
Dr.	Mouse	[0.6143958868894601, 0.317, 0.6375321336760925, 0.332]	[0.493573264781491, 0.363, 0.5462724935732648, 0.376]	no-link	answer-answer	0.144	0.1208	0.0681	-0.046	-0.044	-0.031	4
Dr.	(Revised	[0.6143958868894601, 0.317, 0.6375321336760925, 0.332]	[0.2776349614395887, 0.377, 0.3508997429305913, 0.388]	no-link	answer-answer	0.3599	0.3368	0.2635	-0.06	-0.056	-0.045	4
Dr.	Pathology	[0.6143958868894601, 0.317, 0.6375321336760925, 0.332]	[0.36118251928020567, 0.377, 0.442159383033419, 0.388]	no-link	answer-answer	0.2763	0.2532	0.1722	-0.06	-0.056	-0.045	4
William	O.	[0.3110539845758355, 0.318, 0.3791773778920309, 0.332]	[0.3856041131105398, 0.316, 0.39845758354755784, 0.331]	word-word	answer-answer	0.0874	-0.002	0.0746	-0.001	0.0064	0.013	4
William	E.	[0.3110539845758355, 0.318, 0.3791773778920309, 0.332]	[0.7249357326478149, 0.318, 0.7429305912596401, 0.331]	no-link	answer-answer	-0.3458	-0.4139	-0.4319	0.0	0.001	0.014	4
William	Cigarette	[0.3110539845758355, 0.318, 0.3791773778920309, 0.332]	[0.3856041131105398, 0.344, 0.46786632390745503, 0.361]	no-link	answer-answer	-0.0064	-0.0746	-0.1568	-0.026	-0.029	-0.012	4
William	Bioassay	[0.3110539845758355, 0.318, 0.3791773778920309, 0.332]	[0.2750642673521851, 0.345, 0.3508997429305913, 0.36]	no-link	answer-answer	0.1041	0.036	-0.0398	-0.027	-0.028	-0.013	4
William	Smoke	[0.3110539845758355, 0.318, 0.3791773778920309, 0.332]	[0.4755784061696658, 0.345, 0.5205655526992288, 0.362]	no-link	answer-answer	-0.0964	-0.1645	-0.2095	-0.027	-0.03	-0.013	4
William	Condensates	[0.3110539845758355, 0.318, 0.3791773778920309, 0.332]	[0.5282776349614395, 0.345, 0.6311053984575835, 0.36]	no-link	answer-answer	-0.1491	-0.2172	-0.3201	-0.027	-0.028	-0.013	4
William	for	[0.3110539845758355, 0.318, 0.3791773778920309, 0.332]	[0.6426735218508998, 0.345, 0.6696658097686375, 0.359]	no-link	answer-answer	-0.2635	-0.3316	-0.3586	-0.027	-0.027	-0.013	4
William	of	[0.3110539845758355, 0.318, 0.3791773778920309, 0.332]	[0.36118251928020567, 0.346, 0.37532133676092544, 0.36]	no-link	answer-answer	0.018	-0.0501	-0.0643	-0.028	-0.028	-0.014	4
William	potential	[0.3110539845758355, 0.318, 0.3791773778920309, 0.332]	[0.6786632390745502, 0.346, 0.7634961439588689, 0.361]	no-link	answer-answer	-0.2995	-0.3676	-0.4524	-0.028	-0.029	-0.014	4
William	Study	[0.3110539845758355, 0.318, 0.3791773778920309, 0.332]	[0.13624678663239073, 0.36, 0.18508997429305912, 0.375]	no-link	answer-question	0.2429	0.1748	0.126	-0.042	-0.043	-0.028	4
William	Tumorigenic	[0.3110539845758355, 0.318, 0.3791773778920309, 0.332]	[0.2750642673521851, 0.362, 0.37532133676092544, 0.373]	no-link	answer-answer	0.1041	0.036	-0.0643	-0.044	-0.041	-0.03	4
William	Skin	[0.3110539845758355, 0.318, 0.3791773778920309, 0.332]	[0.5514138817480719, 0.362, 0.5912596401028277, 0.377]	no-link	answer-answer	-0.1722	-0.2404	-0.2802	-0.044	-0.045	-0.03	4
William	Activity	[0.3110539845758355, 0.318, 0.3791773778920309, 0.332]	[0.38174807197943444, 0.363, 0.46272493573264784, 0.376]	no-link	answer-answer	-0.0026	-0.0707	-0.1517	-0.045	-0.044	-0.031	4
William	on	[0.3110539845758355, 0.318, 0.3791773778920309, 0.332]	[0.4665809768637532, 0.363, 0.4897172236503856, 0.376]	no-link	answer-answer	-0.0874	-0.1555	-0.1787	-0.045	-0.044	-0.031	4
William	Mouse	[0.3110539845758355, 0.318, 0.3791773778920309, 0.332]	[0.493573264781491, 0.363, 0.5462724935732648, 0.376]	no-link	answer-answer	-0.1144	-0.1825	-0.2352	-0.045	-0.044	-0.031	4
William	(Revised	[0.3110539845758355, 0.318, 0.3791773778920309, 0.332]	[0.2776349614395887, 0.377, 0.3508997429305913, 0.388]	no-link	answer-answer	0.1015	0.0334	-0.0398	-0.059	-0.056	-0.045	4
William	Pathology	[0.3110539845758355, 0.318, 0.3791773778920309, 0.332]	[0.36118251928020567, 0.377, 0.442159383033419, 0.388]	no-link	answer-answer	0.018	-0.0501	-0.1311	-0.059	-0.056	-0.045	4
Charley	E.	[0.6478149100257069, 0.318, 0.7249357326478149, 0.335]	[0.7249357326478149, 0.318, 0.7429305912596401, 0.331]	word-word	answer-answer	0.0951	0.0	0.0771	-0.004	0.0	0.013	4
Charley	Cigarette	[0.6478149100257069, 0.318, 0.7249357326478149, 0.335]	[0.3856041131105398, 0.344, 0.46786632390745503, 0.361]	no-link	answer-answer	0.3393	0.2622	0.1799	-0.026	-0.026	-0.009	4
Charley	Bioassay	[0.6478149100257069, 0.318, 0.7249357326478149, 0.335]	[0.2750642673521851, 0.345, 0.3508997429305913, 0.36]	no-link	answer-answer	0.4499	0.3728	0.2969	-0.027	-0.025	-0.01	4
Charley	Smoke	[0.6478149100257069, 0.318, 0.7249357326478149, 0.335]	[0.4755784061696658, 0.345, 0.5205655526992288, 0.362]	no-link	answer-answer	0.2494	0.1722	0.1272	-0.027	-0.027	-0.01	4
Charley	Condensates	[0.6478149100257069, 0.318, 0.7249357326478149, 0.335]	[0.5282776349614395, 0.345, 0.6311053984575835, 0.36]	no-link	answer-answer	0.1967	0.1195	0.0167	-0.027	-0.025	-0.01	4
Charley	for	[0.6478149100257069, 0.318, 0.7249357326478149, 0.335]	[0.6426735218508998, 0.345, 0.6696658097686375, 0.359]	no-link	answer-answer	0.0823	0.0051	-0.0219	-0.027	-0.024	-0.01	4
Charley	of	[0.6478149100257069, 0.318, 0.7249357326478149, 0.335]	[0.36118251928020567, 0.346, 0.37532133676092544, 0.36]	no-link	answer-answer	0.3638	0.2866	0.2725	-0.028	-0.025	-0.011	4
Charley	potential	[0.6478149100257069, 0.318, 0.7249357326478149, 0.335]	[0.6786632390745502, 0.346, 0.7634961439588689, 0.361]	no-link	answer-answer	0.0463	-0.0308	-0.1157	-0.028	-0.026	-0.011	4
Charley	Study	[0.6478149100257069, 0.318, 0.7249357326478149, 0.335]	[0.13624678663239073, 0.36, 0.18508997429305912, 0.375]	no-link	answer-question	0.5887	0.5116	0.4627	-0.042	-0.04	-0.025	4
Charley	Tumorigenic	[0.6478149100257069, 0.318, 0.7249357326478149, 0.335]	[0.2750642673521851, 0.362, 0.37532133676092544, 0.373]	no-link	answer-answer	0.4499	0.3728	0.2725	-0.044	-0.038	-0.027	4
Charley	Skin	[0.6478149100257069, 0.318, 0.7249357326478149, 0.335]	[0.5514138817480719, 0.362, 0.5912596401028277, 0.377]	no-link	answer-answer	0.1735	0.0964	0.0566	-0.044	-0.042	-0.027	4
Charley	Activity	[0.6478149100257069, 0.318, 0.7249357326478149, 0.335]	[0.38174807197943444, 0.363, 0.46272493573264784, 0.376]	no-link	answer-answer	0.3432	0.2661	0.1851	-0.045	-0.041	-0.028	4
Charley	on	[0.6478149100257069, 0.318, 0.7249357326478149, 0.335]	[0.4665809768637532, 0.363, 0.4897172236503856, 0.376]	no-link	answer-answer	0.2584	0.1812	0.1581	-0.045	-0.041	-0.028	4
Charley	Mouse	[0.6478149100257069, 0.318, 0.7249357326478149, 0.335]	[0.493573264781491, 0.363, 0.5462724935732648, 0.376]	no-link	answer-answer	0.2314	0.1542	0.1015	-0.045	-0.041	-0.028	4
Charley	(Revised	[0.6478149100257069, 0.318, 0.7249357326478149, 0.335]	[0.2776349614395887, 0.377, 0.3508997429305913, 0.388]	no-link	answer-answer	0.4473	0.3702	0.2969	-0.059	-0.053	-0.042	4
Charley	Pathology	[0.6478149100257069, 0.318, 0.7249357326478149, 0.335]	[0.36118251928020567, 0.377, 0.442159383033419, 0.388]	no-link	answer-answer	0.3638	0.2866	0.2057	-0.059	-0.053	-0.042	4
E.	Gilmore	[0.7249357326478149, 0.318, 0.7429305912596401, 0.331]	[0.7506426735218509, 0.318, 0.8174807197943444, 0.331]	word-word	answer-answer	0.0925	0.0	0.0257	0.0	0.0077	0.013	4
E.	Bioassay	[0.7249357326478149, 0.318, 0.7429305912596401, 0.331]	[0.2750642673521851, 0.345, 0.3508997429305913, 0.36]	no-link	answer-answer	0.4679	0.4499	0.374	-0.027	-0.029	-0.014	4
E.	Smoke	[0.7249357326478149, 0.318, 0.7429305912596401, 0.331]	[0.4755784061696658, 0.345, 0.5205655526992288, 0.362]	no-link	answer-answer	0.2674	0.2494	0.2044	-0.027	-0.031	-0.014	4
E.	Condensates	[0.7249357326478149, 0.318, 0.7429305912596401, 0.331]	[0.5282776349614395, 0.345, 0.6311053984575835, 0.36]	no-link	answer-answer	0.2147	0.1967	0.0938	-0.027	-0.029	-0.014	4
E.	for	[0.7249357326478149, 0.318, 0.7429305912596401, 0.331]	[0.6426735218508998, 0.345, 0.6696658097686375, 0.359]	no-link	answer-answer	0.1003	0.0823	0.0553	-0.027	-0.028	-0.014	4
E.	of	[0.7249357326478149, 0.318, 0.7429305912596401, 0.331]	[0.36118251928020567, 0.346, 0.37532133676092544, 0.36]	no-link	answer-answer	0.3817	0.3638	0.3496	-0.028	-0.029	-0.015	4
E.	potential	[0.7249357326478149, 0.318, 0.7429305912596401, 0.331]	[0.6786632390745502, 0.346, 0.7634961439588689, 0.361]	no-link	answer-answer	0.0643	0.0463	-0.0386	-0.028	-0.03	-0.015	4
E.	Study	[0.7249357326478149, 0.318, 0.7429305912596401, 0.331]	[0.13624678663239073, 0.36, 0.18508997429305912, 0.375]	no-link	answer-question	0.6067	0.5887	0.5398	-0.042	-0.044	-0.029	4
E.	Tumorigenic	[0.7249357326478149, 0.318, 0.7429305912596401, 0.331]	[0.2750642673521851, 0.362, 0.37532133676092544, 0.373]	no-link	answer-answer	0.4679	0.4499	0.3496	-0.044	-0.042	-0.031	4
E.	Skin	[0.7249357326478149, 0.318, 0.7429305912596401, 0.331]	[0.5514138817480719, 0.362, 0.5912596401028277, 0.377]	no-link	answer-answer	0.1915	0.1735	0.1337	-0.044	-0.046	-0.031	4
E.	Activity	[0.7249357326478149, 0.318, 0.7429305912596401, 0.331]	[0.38174807197943444, 0.363, 0.46272493573264784, 0.376]	no-link	answer-answer	0.3612	0.3432	0.2622	-0.045	-0.045	-0.032	4
E.	on	[0.7249357326478149, 0.318, 0.7429305912596401, 0.331]	[0.4665809768637532, 0.363, 0.4897172236503856, 0.376]	no-link	answer-answer	0.2763	0.2584	0.2352	-0.045	-0.045	-0.032	4
E.	Mouse	[0.7249357326478149, 0.318, 0.7429305912596401, 0.331]	[0.493573264781491, 0.363, 0.5462724935732648, 0.376]	no-link	answer-answer	0.2494	0.2314	0.1787	-0.045	-0.045	-0.032	4
E.	(Revised	[0.7249357326478149, 0.318, 0.7429305912596401, 0.331]	[0.2776349614395887, 0.377, 0.3508997429305913, 0.388]	no-link	answer-answer	0.4653	0.4473	0.374	-0.059	-0.057	-0.046	4
E.	Pathology	[0.7249357326478149, 0.318, 0.7429305912596401, 0.331]	[0.36118251928020567, 0.377, 0.442159383033419, 0.388]	no-link	answer-answer	0.3817	0.3638	0.2828	-0.059	-0.057	-0.046	4
Cigarette	Smoke	[0.3856041131105398, 0.344, 0.46786632390745503, 0.361]	[0.4755784061696658, 0.345, 0.5205655526992288, 0.362]	word-word	answer-answer	0.135	0.001	0.09	0.001	0.0077	0.018	5
Cigarette	Condensates	[0.3856041131105398, 0.344, 0.46786632390745503, 0.361]	[0.5282776349614395, 0.345, 0.6311053984575835, 0.36]	no-link	answer-answer	-0.0604	-0.1427	-0.2455	-0.001	0.001	0.016	5
Cigarette	for	[0.3856041131105398, 0.344, 0.46786632390745503, 0.361]	[0.6426735218508998, 0.345, 0.6696658097686375, 0.359]	no-link	answer-answer	-0.1748	-0.2571	-0.2841	-0.001	0.002	0.016	5
Cigarette	of	[0.3856041131105398, 0.344, 0.46786632390745503, 0.361]	[0.36118251928020567, 0.346, 0.37532133676092544, 0.36]	no-link	answer-answer	0.1067	0.0244	0.0103	-0.002	0.001	0.015	5
Cigarette	potential	[0.3856041131105398, 0.344, 0.46786632390745503, 0.361]	[0.6786632390745502, 0.346, 0.7634961439588689, 0.361]	no-link	answer-answer	-0.2108	-0.2931	-0.3779	-0.002	0.0	0.015	5
Cigarette	Study	[0.3856041131105398, 0.344, 0.46786632390745503, 0.361]	[0.13624678663239073, 0.36, 0.18508997429305912, 0.375]	no-link	answer-question	0.3316	0.2494	0.2005	-0.016	-0.014	0.001	5
Cigarette	Tumorigenic	[0.3856041131105398, 0.344, 0.46786632390745503, 0.361]	[0.2750642673521851, 0.362, 0.37532133676092544, 0.373]	no-link	answer-answer	0.1928	0.1105	0.0103	-0.018	-0.012	-0.001	5
Cigarette	Skin	[0.3856041131105398, 0.344, 0.46786632390745503, 0.361]	[0.5514138817480719, 0.362, 0.5912596401028277, 0.377]	no-link	answer-answer	-0.0835	-0.1658	-0.2057	-0.018	-0.016	-0.001	5
Cigarette	Activity	[0.3856041131105398, 0.344, 0.46786632390745503, 0.361]	[0.38174807197943444, 0.363, 0.46272493573264784, 0.376]	no-link	answer-answer	0.0861	0.0039	-0.0771	-0.019	-0.015	-0.002	5
Cigarette	on	[0.3856041131105398, 0.344, 0.46786632390745503, 0.361]	[0.4665809768637532, 0.363, 0.4897172236503856, 0.376]	no-link	answer-answer	0.0013	-0.081	-0.1041	-0.019	-0.015	-0.002	5
Cigarette	Mouse	[0.3856041131105398, 0.344, 0.46786632390745503, 0.361]	[0.493573264781491, 0.363, 0.5462724935732648, 0.376]	no-link	answer-answer	-0.0257	-0.108	-0.1607	-0.019	-0.015	-0.002	5
Cigarette	(Revised	[0.3856041131105398, 0.344, 0.46786632390745503, 0.361]	[0.2776349614395887, 0.377, 0.3508997429305913, 0.388]	no-link	answer-answer	0.1902	0.108	0.0347	-0.033	-0.027	-0.016	5
Cigarette	Pathology	[0.3856041131105398, 0.344, 0.46786632390745503, 0.361]	[0.36118251928020567, 0.377, 0.442159383033419, 0.388]	no-link	answer-answer	0.1067	0.0244	-0.0566	-0.033	-0.027	-0.016	5
Bioassay	of	[0.2750642673521851, 0.345, 0.3508997429305913, 0.36]	[0.36118251928020567, 0.346, 0.37532133676092544, 0.36]	word-word	answer-answer	0.1003	0.001	0.0861	0.0	0.0103	0.015	5
Bioassay	Condensates	[0.2750642673521851, 0.345, 0.3508997429305913, 0.36]	[0.5282776349614395, 0.345, 0.6311053984575835, 0.36]	no-link	answer-answer	-0.1774	-0.2532	-0.356	0.0	0.0	0.015	5
Bioassay	for	[0.2750642673521851, 0.345, 0.3508997429305913, 0.36]	[0.6426735218508998, 0.345, 0.6696658097686375, 0.359]	no-link	answer-answer	-0.2918	-0.3676	-0.3946	0.0	0.001	0.015	5
Bioassay	potential	[0.2750642673521851, 0.345, 0.3508997429305913, 0.36]	[0.6786632390745502, 0.346, 0.7634961439588689, 0.361]	no-link	answer-answer	-0.3278	-0.4036	-0.4884	-0.001	-0.001	0.014	5
Bioassay	Study	[0.2750642673521851, 0.345, 0.3508997429305913, 0.36]	[0.13624678663239073, 0.36, 0.18508997429305912, 0.375]	no-link	answer-question	0.2147	0.1388	0.09	-0.015	-0.015	0.0	5
Bioassay	Tumorigenic	[0.2750642673521851, 0.345, 0.3508997429305913, 0.36]	[0.2750642673521851, 0.362, 0.37532133676092544, 0.373]	no-link	answer-answer	0.0758	0.0	-0.1003	-0.017	-0.013	-0.002	5
Bioassay	Skin	[0.2750642673521851, 0.345, 0.3508997429305913, 0.36]	[0.5514138817480719, 0.362, 0.5912596401028277, 0.377]	no-link	answer-answer	-0.2005	-0.2763	-0.3162	-0.017	-0.017	-0.002	5
Bioassay	Activity	[0.2750642673521851, 0.345, 0.3508997429305913, 0.36]	[0.38174807197943444, 0.363, 0.46272493573264784, 0.376]	no-link	answer-answer	-0.0308	-0.1067	-0.1877	-0.018	-0.016	-0.003	5
Bioassay	on	[0.2750642673521851, 0.345, 0.3508997429305913, 0.36]	[0.4665809768637532, 0.363, 0.4897172236503856, 0.376]	no-link	answer-answer	-0.1157	-0.1915	-0.2147	-0.018	-0.016	-0.003	5
Bioassay	Mouse	[0.2750642673521851, 0.345, 0.3508997429305913, 0.36]	[0.493573264781491, 0.363, 0.5462724935732648, 0.376]	no-link	answer-answer	-0.1427	-0.2185	-0.2712	-0.018	-0.016	-0.003	5
Bioassay	(Revised	[0.2750642673521851, 0.345, 0.3508997429305913, 0.36]	[0.2776349614395887, 0.377, 0.3508997429305913, 0.388]	no-link	answer-answer	0.0733	-0.0026	-0.0758	-0.032	-0.028	-0.017	5
Bioassay	Pathology	[0.2750642673521851, 0.345, 0.3508997429305913, 0.36]	[0.36118251928020567, 0.377, 0.442159383033419, 0.388]	no-link	answer-answer	-0.0103	-0.0861	-0.1671	-0.032	-0.028	-0.017	5
Smoke	Condensates	[0.4755784061696658, 0.345, 0.5205655526992288, 0.362]	[0.5282776349614395, 0.345, 0.6311053984575835, 0.36]	word-word	answer-answer	0.1555	0.0	0.0527	-0.002	0.0077	0.015	5
Smoke	for	[0.4755784061696658, 0.345, 0.5205655526992288, 0.362]	[0.6426735218508998, 0.345, 0.6696658097686375, 0.359]	no-link	answer-answer	-0.1221	-0.1671	-0.1941	0.0	0.003	0.017	5
Smoke	of	[0.4755784061696658, 0.345, 0.5205655526992288, 0.362]	[0.36118251928020567, 0.346, 0.37532133676092544, 0.36]	no-link	answer-answer	0.1594	0.1144	0.1003	-0.001	0.002	0.016	5
Smoke	potential	[0.4755784061696658, 0.345, 0.5205655526992288, 0.362]	[0.6786632390745502, 0.346, 0.7634961439588689, 0.361]	no-link	answer-answer	-0.1581	-0.2031	-0.2879	-0.001	0.001	0.016	5
Smoke	Study	[0.4755784061696658, 0.345, 0.5205655526992288, 0.362]	[0.13624678663239073, 0.36, 0.18508997429305912, 0.375]	no-link	answer-question	0.3843	0.3393	0.2905	-0.015	-0.013	0.002	5
Smoke	Tumorigenic	[0.4755784061696658, 0.345, 0.5205655526992288, 0.362]	[0.2750642673521851, 0.362, 0.37532133676092544, 0.373]	no-link	answer-answer	0.2455	0.2005	0.1003	-0.017	-0.011	0.0	5
Smoke	Skin	[0.4755784061696658, 0.345, 0.5205655526992288, 0.362]	[0.5514138817480719, 0.362, 0.5912596401028277, 0.377]	no-link	answer-answer	-0.0308	-0.0758	-0.1157	-0.017	-0.015	0.0	5
Smoke	Activity	[0.4755784061696658, 0.345, 0.5205655526992288, 0.362]	[0.38174807197943444, 0.363, 0.46272493573264784, 0.376]	no-link	answer-answer	0.1388	0.0938	0.0129	-0.018	-0.014	-0.001	5
Smoke	on	[0.4755784061696658, 0.345, 0.5205655526992288, 0.362]	[0.4665809768637532, 0.363, 0.4897172236503856, 0.376]	no-link	answer-answer	0.054	0.009	-0.0141	-0.018	-0.014	-0.001	5
Smoke	Mouse	[0.4755784061696658, 0.345, 0.5205655526992288, 0.362]	[0.493573264781491, 0.363, 0.5462724935732648, 0.376]	no-link	answer-answer	0.027	-0.018	-0.0707	-0.018	-0.014	-0.001	5
Smoke	(Revised	[0.4755784061696658, 0.345, 0.5205655526992288, 0.362]	[0.2776349614395887, 0.377, 0.3508997429305913, 0.388]	no-link	answer-answer	0.2429	0.1979	0.1247	-0.032	-0.026	-0.015	5
Smoke	Pathology	[0.4755784061696658, 0.345, 0.5205655526992288, 0.362]	[0.36118251928020567, 0.377, 0.442159383033419, 0.388]	no-link	answer-answer	0.1594	0.1144	0.0334	-0.032	-0.026	-0.015	5
Condensates	for	[0.5282776349614395, 0.345, 0.6311053984575835, 0.36]	[0.6426735218508998, 0.345, 0.6696658097686375, 0.359]	word-word	answer-answer	0.1414	0.0	0.1144	-0.001	0.0116	0.014	5
Condensates	of	[0.5282776349614395, 0.345, 0.6311053984575835, 0.36]	[0.36118251928020567, 0.346, 0.37532133676092544, 0.36]	no-link	answer-answer	0.2699	0.1671	0.153	-0.001	0.0	0.014	5
Condensates	potential	[0.5282776349614395, 0.345, 0.6311053984575835, 0.36]	[0.6786632390745502, 0.346, 0.7634961439588689, 0.361]	no-link	answer-answer	-0.0476	-0.1504	-0.2352	-0.001	-0.001	0.014	5
Condensates	Study	[0.5282776349614395, 0.345, 0.6311053984575835, 0.36]	[0.13624678663239073, 0.36, 0.18508997429305912, 0.375]	no-link	answer-question	0.4949	0.392	0.3432	-0.015	-0.015	0.0	5
Condensates	Tumorigenic	[0.5282776349614395, 0.345, 0.6311053984575835, 0.36]	[0.2750642673521851, 0.362, 0.37532133676092544, 0.373]	no-link	answer-answer	0.356	0.2532	0.153	-0.017	-0.013	-0.002	5
Condensates	Skin	[0.5282776349614395, 0.345, 0.6311053984575835, 0.36]	[0.5514138817480719, 0.362, 0.5912596401028277, 0.377]	no-link	answer-answer	0.0797	-0.0231	-0.063	-0.017	-0.017	-0.002	5
Condensates	Activity	[0.5282776349614395, 0.345, 0.6311053984575835, 0.36]	[0.38174807197943444, 0.363, 0.46272493573264784, 0.376]	no-link	answer-answer	0.2494	0.1465	0.0656	-0.018	-0.016	-0.003	5
Condensates	on	[0.5282776349614395, 0.345, 0.6311053984575835, 0.36]	[0.4665809768637532, 0.363, 0.4897172236503856, 0.376]	no-link	answer-answer	0.1645	0.0617	0.0386	-0.018	-0.016	-0.003	5
Condensates	Mouse	[0.5282776349614395, 0.345, 0.6311053984575835, 0.36]	[0.493573264781491, 0.363, 0.5462724935732648, 0.376]	no-link	answer-answer	0.1375	0.0347	-0.018	-0.018	-0.016	-0.003	5
Condensates	(Revised	[0.5282776349614395, 0.345, 0.6311053984575835, 0.36]	[0.2776349614395887, 0.377, 0.3508997429305913, 0.388]	no-link	answer-answer	0.3535	0.2506	0.1774	-0.032	-0.028	-0.017	5
Condensates	Pathology	[0.5282776349614395, 0.345, 0.6311053984575835, 0.36]	[0.36118251928020567, 0.377, 0.442159383033419, 0.388]	no-link	answer-answer	0.2699	0.1671	0.0861	-0.032	-0.028	-0.017	5
for	potential	[0.6426735218508998, 0.345, 0.6696658097686375, 0.359]	[0.6786632390745502, 0.346, 0.7634961439588689, 0.361]	word-word	answer-answer	0.1208	0.001	0.036	0.002	0.009	0.016	5
for	Study	[0.6426735218508998, 0.345, 0.6696658097686375, 0.359]	[0.13624678663239073, 0.36, 0.18508997429305912, 0.375]	no-link	answer-question	0.5334	0.5064	0.4576	-0.015	-0.016	-0.001	5
for	Tumorigenic	[0.6426735218508998, 0.345, 0.6696658097686375, 0.359]	[0.2750642673521851, 0.362, 0.37532133676092544, 0.373]	no-link	answer-answer	0.3946	0.3676	0.2674	-0.017	-0.014	-0.003	5
for	Skin	[0.6426735218508998, 0.345, 0.6696658097686375, 0.359]	[0.5514138817480719, 0.362, 0.5912596401028277, 0.377]	no-link	answer-answer	0.1183	0.0913	0.0514	-0.017	-0.018	-0.003	5
for	Activity	[0.6426735218508998, 0.345, 0.6696658097686375, 0.359]	[0.38174807197943444, 0.363, 0.46272493573264784, 0.376]	no-link	answer-answer	0.2879	0.2609	0.1799	-0.018	-0.017	-0.004	5
for	on	[0.6426735218508998, 0.345, 0.6696658097686375, 0.359]	[0.4665809768637532, 0.363, 0.4897172236503856, 0.376]	no-link	answer-answer	0.2031	0.1761	0.153	-0.018	-0.017	-0.004	5
for	Mouse	[0.6426735218508998, 0.345, 0.6696658097686375, 0.359]	[0.493573264781491, 0.363, 0.5462724935732648, 0.376]	no-link	answer-answer	0.1761	0.1491	0.0964	-0.018	-0.017	-0.004	5
for	(Revised	[0.6426735218508998, 0.345, 0.6696658097686375, 0.359]	[0.2776349614395887, 0.377, 0.3508997429305913, 0.388]	no-link	answer-answer	0.392	0.365	0.2918	-0.032	-0.029	-0.018	5
for	Pathology	[0.6426735218508998, 0.345, 0.6696658097686375, 0.359]	[0.36118251928020567, 0.377, 0.442159383033419, 0.388]	no-link	answer-answer	0.3085	0.2815	0.2005	-0.032	-0.029	-0.018	5
of	Cigarette	[0.36118251928020567, 0.346, 0.37532133676092544, 0.36]	[0.3856041131105398, 0.344, 0.46786632390745503, 0.361]	word-word	answer-answer	0.1067	-0.002	0.0244	0.001	0.0103	0.015	5
of	Study	[0.36118251928020567, 0.346, 0.37532133676092544, 0.36]	[0.13624678663239073, 0.36, 0.18508997429305912, 0.375]	no-link	answer-question	0.2391	0.2249	0.1761	-0.014	-0.015	0.0	5
of	Tumorigenic	[0.36118251928020567, 0.346, 0.37532133676092544, 0.36]	[0.2750642673521851, 0.362, 0.37532133676092544, 0.373]	no-link	answer-answer	0.1003	0.0861	-0.0141	-0.016	-0.013	-0.002	5
of	Skin	[0.36118251928020567, 0.346, 0.37532133676092544, 0.36]	[0.5514138817480719, 0.362, 0.5912596401028277, 0.377]	no-link	answer-answer	-0.1761	-0.1902	-0.2301	-0.016	-0.017	-0.002	5
of	Activity	[0.36118251928020567, 0.346, 0.37532133676092544, 0.36]	[0.38174807197943444, 0.363, 0.46272493573264784, 0.376]	no-link	answer-answer	-0.0064	-0.0206	-0.1015	-0.017	-0.016	-0.003	5
of	on	[0.36118251928020567, 0.346, 0.37532133676092544, 0.36]	[0.4665809768637532, 0.363, 0.4897172236503856, 0.376]	no-link	answer-answer	-0.0913	-0.1054	-0.1285	-0.017	-0.016	-0.003	5
of	Mouse	[0.36118251928020567, 0.346, 0.37532133676092544, 0.36]	[0.493573264781491, 0.363, 0.5462724935732648, 0.376]	no-link	answer-answer	-0.1183	-0.1324	-0.1851	-0.017	-0.016	-0.003	5
of	(Revised	[0.36118251928020567, 0.346, 0.37532133676092544, 0.36]	[0.2776349614395887, 0.377, 0.3508997429305913, 0.388]	no-link	answer-answer	0.0977	0.0835	0.0103	-0.031	-0.028	-0.017	5
of	Pathology	[0.36118251928020567, 0.346, 0.37532133676092544, 0.36]	[0.36118251928020567, 0.377, 0.442159383033419, 0.388]	no-link	answer-answer	0.0141	0.0	-0.081	-0.031	-0.028	-0.017	5
potential	Tumorigenic	[0.6786632390745502, 0.346, 0.7634961439588689, 0.361]	[0.2750642673521851, 0.362, 0.37532133676092544, 0.373]	word-word	answer-answer	-0.3033	0.016	-0.4036	0.012	-0.4884	0.027	5
potential	Study	[0.6786632390745502, 0.346, 0.7634961439588689, 0.361]	[0.13624678663239073, 0.36, 0.18508997429305912, 0.375]	no-link	answer-answer	0.6272	0.5424	0.4936	-0.014	-0.014	0.001	5
potential	Skin	[0.6786632390745502, 0.346, 0.7634961439588689, 0.361]	[0.5514138817480719, 0.362, 0.5912596401028277, 0.377]	no-link	answer-answer	0.2121	0.1272	0.0874	-0.016	-0.016	-0.001	5
potential	Activity	[0.6786632390745502, 0.346, 0.7634961439588689, 0.361]	[0.38174807197943444, 0.363, 0.46272493573264784, 0.376]	no-link	answer-answer	0.3817	0.2969	0.2159	-0.017	-0.015	-0.002	5
potential	on	[0.6786632390745502, 0.346, 0.7634961439588689, 0.361]	[0.4665809768637532, 0.363, 0.4897172236503856, 0.376]	no-link	answer-answer	0.2969	0.2121	0.1889	-0.017	-0.015	-0.002	5
potential	Mouse	[0.6786632390745502, 0.346, 0.7634961439588689, 0.361]	[0.493573264781491, 0.363, 0.5462724935732648, 0.376]	no-link	answer-answer	0.2699	0.1851	0.1324	-0.017	-0.015	-0.002	5
potential	(Revised	[0.6786632390745502, 0.346, 0.7634961439588689, 0.361]	[0.2776349614395887, 0.377, 0.3508997429305913, 0.388]	no-link	answer-answer	0.4859	0.401	0.3278	-0.031	-0.027	-0.016	5
potential	Pathology	[0.6786632390745502, 0.346, 0.7634961439588689, 0.361]	[0.36118251928020567, 0.377, 0.442159383033419, 0.388]	no-link	answer-answer	0.4023	0.3175	0.2365	-0.031	-0.027	-0.016	5
Study	Title	[0.13624678663239073, 0.36, 0.18508997429305912, 0.375]	[0.19151670951156813, 0.36, 0.2377892030848329, 0.375]	word-word	question-question	0.1015	0.0	0.0553	0.0	0.0064	0.015	5
Study	Bioassay	[0.13624678663239073, 0.36, 0.18508997429305912, 0.375]	[0.2750642673521851, 0.345, 0.3508997429305913, 0.36]	question-answer	question-answer	0.2147	-0.015	0.1388	-0.015	0.09	0.0	5
Tumorigenic	Activity	[0.2750642673521851, 0.362, 0.37532133676092544, 0.373]	[0.38174807197943444, 0.363, 0.46272493573264784, 0.376]	word-word	answer-answer	0.1877	0.001	0.1067	0.003	0.0064	0.014	5
Tumorigenic	on	[0.2750642673521851, 0.362, 0.37532133676092544, 0.373]	[0.4665809768637532, 0.363, 0.4897172236503856, 0.376]	no-link	answer-answer	-0.0913	-0.1915	-0.2147	-0.001	-0.003	0.01	5
Tumorigenic	Mouse	[0.2750642673521851, 0.362, 0.37532133676092544, 0.373]	[0.493573264781491, 0.363, 0.5462724935732648, 0.376]	no-link	answer-answer	-0.1183	-0.2185	-0.2712	-0.001	-0.003	0.01	5
Tumorigenic	(Revised	[0.2750642673521851, 0.362, 0.37532133676092544, 0.373]	[0.2776349614395887, 0.377, 0.3508997429305913, 0.388]	no-link	answer-answer	0.0977	-0.0026	-0.0758	-0.015	-0.015	-0.004	5
Tumorigenic	Pathology	[0.2750642673521851, 0.362, 0.37532133676092544, 0.373]	[0.36118251928020567, 0.377, 0.442159383033419, 0.388]	no-link	answer-answer	0.0141	-0.0861	-0.1671	-0.015	-0.015	-0.004	5
Skin	(Revised	[0.5514138817480719, 0.362, 0.5912596401028277, 0.377]	[0.2776349614395887, 0.377, 0.3508997429305913, 0.388]	word-word	answer-answer	-0.2005	0.015	-0.2738	0.011	-0.3136	0.026	5
Skin	on	[0.5514138817480719, 0.362, 0.5912596401028277, 0.377]	[0.4665809768637532, 0.363, 0.4897172236503856, 0.376]	no-link	answer-answer	0.1247	0.0848	0.0617	-0.001	0.001	0.014	5
Skin	Mouse	[0.5514138817480719, 0.362, 0.5912596401028277, 0.377]	[0.493573264781491, 0.363, 0.5462724935732648, 0.376]	no-link	answer-answer	0.0977	0.0578	0.0051	-0.001	0.001	0.014	5
Skin	Pathology	[0.5514138817480719, 0.362, 0.5912596401028277, 0.377]	[0.36118251928020567, 0.377, 0.442159383033419, 0.388]	no-link	answer-answer	0.2301	0.1902	0.1093	-0.015	-0.011	0.0	5
Activity	on	[0.38174807197943444, 0.363, 0.46272493573264784, 0.376]	[0.4665809768637532, 0.363, 0.4897172236503856, 0.376]	word-word	answer-answer	0.108	0.0	0.0848	0.0	0.0039	0.013	5
Activity	Mouse	[0.38174807197943444, 0.363, 0.46272493573264784, 0.376]	[0.493573264781491, 0.363, 0.5462724935732648, 0.376]	no-link	answer-answer	-0.0308	-0.1118	-0.1645	0.0	0.0	0.013	5
Activity	(Revised	[0.38174807197943444, 0.363, 0.46272493573264784, 0.376]	[0.2776349614395887, 0.377, 0.3508997429305913, 0.388]	no-link	answer-answer	0.1851	0.1041	0.0308	-0.014	-0.012	-0.001	5
Activity	Pathology	[0.38174807197943444, 0.363, 0.46272493573264784, 0.376]	[0.36118251928020567, 0.377, 0.442159383033419, 0.388]	no-link	answer-answer	0.1015	0.0206	-0.0604	-0.014	-0.012	-0.001	5
on	Mouse	[0.4665809768637532, 0.363, 0.4897172236503856, 0.376]	[0.493573264781491, 0.363, 0.5462724935732648, 0.376]	word-word	answer-answer	0.0797	0.0	0.027	0.0	0.0039	0.013	5
on	(Revised	[0.4665809768637532, 0.363, 0.4897172236503856, 0.376]	[0.2776349614395887, 0.377, 0.3508997429305913, 0.388]	no-link	answer-answer	0.2121	0.1889	0.1157	-0.014	-0.012	-0.001	5
on	Pathology	[0.4665809768637532, 0.363, 0.4897172236503856, 0.376]	[0.36118251928020567, 0.377, 0.442159383033419, 0.388]	no-link	answer-answer	0.1285	0.1054	0.0244	-0.014	-0.012	-0.001	5
Mouse	Skin	[0.493573264781491, 0.363, 0.5462724935732648, 0.376]	[0.5514138817480719, 0.362, 0.5912596401028277, 0.377]	word-word	answer-answer	0.0977	-0.001	0.0578	0.001	0.0051	0.014	5
Mouse	Pathology	[0.493573264781491, 0.363, 0.5462724935732648, 0.376]	[0.36118251928020567, 0.377, 0.442159383033419, 0.388]	no-link	answer-answer	0.1851	0.1324	0.0514	-0.014	-0.012	-0.001	5
(Revised	Pathology	[0.2776349614395887, 0.377, 0.3508997429305913, 0.388]	[0.36118251928020567, 0.377, 0.442159383033419, 0.388]	word-word	answer-answer	0.1645	0.0	0.0835	0.0	0.0103	0.011	5
Pathology	Report)	[0.36118251928020567, 0.377, 0.442159383033419, 0.388]	[0.4473007712082262, 0.378, 0.5141388174807198, 0.391]	word-word	answer-answer	0.153	0.001	0.0861	0.003	0.0051	0.014	5
