ACTIVITIES	AND	[0.4488778054862843, 0.071, 0.5423940149625935, 0.089]	[0.5486284289276808, 0.073, 0.587281795511222, 0.087]	word-word	header-header	0.1384	0.002	0.0998	-0.002	0.0062	0.016	0
ACTIVITIES	COMPETITIVE	[0.4488778054862843, 0.071, 0.5423940149625935, 0.089]	[0.327930174563591, 0.073, 0.4451371571072319, 0.087]	no-link	header-header	0.2145	0.1209	0.0037	-0.002	0.002	0.016	0
ACTIVITIES	A.	[0.4488778054862843, 0.071, 0.5423940149625935, 0.089]	[0.31546134663341646, 0.131, 0.3341645885286783, 0.146]	no-link	header-answer	0.2269	0.1334	0.1147	-0.06	-0.057	-0.042	0
ACTIVITIES	L.	[0.4488778054862843, 0.071, 0.5423940149625935, 0.089]	[0.34538653366583544, 0.131, 0.36783042394014964, 0.145]	no-link	header-answer	0.197	0.1035	0.081	-0.06	-0.056	-0.042	0
ACTIVITIES	EVERETT,	[0.4488778054862843, 0.071, 0.5423940149625935, 0.089]	[0.3790523690773067, 0.131, 0.4625935162094763, 0.145]	no-link	header-answer	0.1633	0.0698	-0.0137	-0.06	-0.056	-0.042	0
ACTIVITIES	MANAGER,	[0.4488778054862843, 0.071, 0.5423940149625935, 0.089]	[0.47381546134663344, 0.131, 0.5586034912718204, 0.145]	no-link	header-answer	0.0686	-0.0249	-0.1097	-0.06	-0.056	-0.042	0
ACTIVITIES	CHAIN	[0.4488778054862843, 0.071, 0.5423940149625935, 0.089]	[0.571072319201995, 0.131, 0.6271820448877805, 0.146]	no-link	header-answer	-0.0287	-0.1222	-0.1783	-0.06	-0.057	-0.042	0
ACTIVITIES	ATLANTA,	[0.4488778054862843, 0.071, 0.5423940149625935, 0.089]	[0.7506234413965087, 0.131, 0.8379052369077307, 0.145]	no-link	header-answer	-0.2082	-0.3017	-0.389	-0.06	-0.056	-0.042	0
ACTIVITIES	ACCOUNTS	[0.4488778054862843, 0.071, 0.5423940149625935, 0.089]	[0.6359102244389028, 0.133, 0.726932668329177, 0.144]	no-link	header-answer	-0.0935	-0.187	-0.2781	-0.062	-0.055	-0.044	0
ACTIVITIES	-	[0.4488778054862843, 0.071, 0.5423940149625935, 0.089]	[0.7319201995012469, 0.134, 0.7456359102244389, 0.142]	no-link	header-answer	-0.1895	-0.283	-0.2968	-0.063	-0.053	-0.045	0
ACTIVITIES	REPORTED	[0.4488778054862843, 0.071, 0.5423940149625935, 0.089]	[0.128428927680798, 0.137, 0.2082294264339152, 0.15]	no-link	header-question	0.414	0.3204	0.2406	-0.066	-0.061	-0.048	0
ACTIVITIES	DATE:	[0.4488778054862843, 0.071, 0.5423940149625935, 0.089]	[0.23690773067331672, 0.201, 0.2805486284289277, 0.218]	no-link	header-question	0.3055	0.212	0.1683	-0.13	-0.129	-0.112	0
ACTIVITIES	27,	[0.4488778054862843, 0.071, 0.5423940149625935, 0.089]	[0.39900249376558605, 0.203, 0.43017456359102246, 0.217]	no-link	header-answer	0.1434	0.0499	0.0187	-0.132	-0.128	-0.114	0
ACTIVITIES	SEPT.	[0.4488778054862843, 0.071, 0.5423940149625935, 0.089]	[0.33665835411471323, 0.204, 0.3877805486284289, 0.218]	no-link	header-answer	0.2057	0.1122	0.0611	-0.133	-0.129	-0.115	0
ACTIVITIES	BROWN	[0.4488778054862843, 0.071, 0.5423940149625935, 0.089]	[0.34663341645885287, 0.268, 0.4002493765586035, 0.283]	no-link	header-answer	0.1958	0.1022	0.0486	-0.197	-0.194	-0.179	0
ACTIVITIES	&	[0.4488778054862843, 0.071, 0.5423940149625935, 0.089]	[0.4089775561097257, 0.27, 0.4226932668329177, 0.28]	no-link	header-answer	0.1334	0.0399	0.0262	-0.199	-0.191	-0.181	0
ACTIVITIES	MANUFACTURER:	[0.4488778054862843, 0.071, 0.5423940149625935, 0.089]	[0.12718204488778054, 0.271, 0.2543640897755611, 0.286]	no-link	header-question	0.4152	0.3217	0.1945	-0.2	-0.197	-0.182	0
COMPETITIVE	REPORTED	[0.327930174563591, 0.073, 0.4451371571072319, 0.087]	[0.128428927680798, 0.137, 0.2082294264339152, 0.15]	line-line	header-question	-0.1197	0.064	-0.1995	0.063	-0.3167	0.077	0
COMPETITIVE	AND	[0.327930174563591, 0.073, 0.4451371571072319, 0.087]	[0.5486284289276808, 0.073, 0.587281795511222, 0.087]	no-link	header-header	-0.1035	-0.2207	-0.2594	0.0	0.0	0.014	0
COMPETITIVE	A.	[0.327930174563591, 0.073, 0.4451371571072319, 0.087]	[0.31546134663341646, 0.131, 0.3341645885286783, 0.146]	no-link	header-answer	0.1297	0.0125	-0.0062	-0.058	-0.059	-0.044	0
COMPETITIVE	L.	[0.327930174563591, 0.073, 0.4451371571072319, 0.087]	[0.34538653366583544, 0.131, 0.36783042394014964, 0.145]	no-link	header-answer	0.0998	-0.0175	-0.0399	-0.058	-0.058	-0.044	0
COMPETITIVE	EVERETT,	[0.327930174563591, 0.073, 0.4451371571072319, 0.087]	[0.3790523690773067, 0.131, 0.4625935162094763, 0.145]	no-link	header-answer	0.0661	-0.0511	-0.1347	-0.058	-0.058	-0.044	0
COMPETITIVE	MANAGER,	[0.327930174563591, 0.073, 0.4451371571072319, 0.087]	[0.47381546134663344, 0.131, 0.5586034912718204, 0.145]	no-link	header-answer	-0.0287	-0.1459	-0.2307	-0.058	-0.058	-0.044	0
COMPETITIVE	CHAIN	[0.327930174563591, 0.073, 0.4451371571072319, 0.087]	[0.571072319201995, 0.131, 0.6271820448877805, 0.146]	no-link	header-answer	-0.1259	-0.2431	-0.2993	-0.058	-0.059	-0.044	0
COMPETITIVE	ATLANTA,	[0.327930174563591, 0.073, 0.4451371571072319, 0.087]	[0.7506234413965087, 0.131, 0.8379052369077307, 0.145]	no-link	header-answer	-0.3055	-0.4227	-0.51	-0.058	-0.058	-0.044	0
COMPETITIVE	ACCOUNTS	[0.327930174563591, 0.073, 0.4451371571072319, 0.087]	[0.6359102244389028, 0.133, 0.726932668329177, 0.144]	no-link	header-answer	-0.1908	-0.308	-0.399	-0.06	-0.057	-0.046	0
COMPETITIVE	-	[0.327930174563591, 0.073, 0.4451371571072319, 0.087]	[0.7319201995012469, 0.134, 0.7456359102244389, 0.142]	no-link	header-answer	-0.2868	-0.404	-0.4177	-0.061	-0.055	-0.047	0
COMPETITIVE	DATE:	[0.327930174563591, 0.073, 0.4451371571072319, 0.087]	[0.23690773067331672, 0.201, 0.2805486284289277, 0.218]	no-link	header-question	0.2082	0.091	0.0474	-0.128	-0.131	-0.114	0
COMPETITIVE	27,	[0.327930174563591, 0.073, 0.4451371571072319, 0.087]	[0.39900249376558605, 0.203, 0.43017456359102246, 0.217]	no-link	header-answer	0.0461	-0.0711	-0.1022	-0.13	-0.13	-0.116	0
COMPETITIVE	SEPT.	[0.327930174563591, 0.073, 0.4451371571072319, 0.087]	[0.33665835411471323, 0.204, 0.3877805486284289, 0.218]	no-link	header-answer	0.1085	-0.0087	-0.0599	-0.131	-0.131	-0.117	0
COMPETITIVE	BROWN	[0.327930174563591, 0.073, 0.4451371571072319, 0.087]	[0.34663341645885287, 0.268, 0.4002493765586035, 0.283]	no-link	header-answer	0.0985	-0.0187	-0.0723	-0.195	-0.196	-0.181	0
COMPETITIVE	&	[0.327930174563591, 0.073, 0.4451371571072319, 0.087]	[0.4089775561097257, 0.27, 0.4226932668329177, 0.28]	no-link	header-answer	0.0362	-0.081	-0.0948	-0.197	-0.193	-0.183	0
COMPETITIVE	MANUFACTURER:	[0.327930174563591, 0.073, 0.4451371571072319, 0.087]	[0.12718204488778054, 0.271, 0.2543640897755611, 0.286]	no-link	header-question	0.318	0.2007	0.0736	-0.198	-0.199	-0.184	0
COMPETITIVE	ACTIVITIES	[0.327930174563591, 0.073, 0.4451371571072319, 0.087]	[0.4488778054862843, 0.071, 0.5423940149625935, 0.089]	word-word	header-header	0.2145	-0.002	0.1209	0.002	0.0037	0.016	0
COMPETITIVE	BRAND	[0.327930174563591, 0.073, 0.4451371571072319, 0.087]	[0.1259351620947631, 0.339, 0.17830423940149626, 0.353]	no-link	header-question	0.3192	0.202	0.1496	-0.266	-0.266	-0.252	0
AND	PROMOTIONS	[0.5486284289276808, 0.073, 0.587281795511222, 0.087]	[0.5897755610972568, 0.071, 0.7069825436408977, 0.088]	word-word	header-header	0.1584	-0.002	0.0411	0.001	0.0025	0.015	0
AND	L.	[0.5486284289276808, 0.073, 0.587281795511222, 0.087]	[0.34538653366583544, 0.131, 0.36783042394014964, 0.145]	no-link	header-answer	0.2419	0.2032	0.1808	-0.058	-0.058	-0.044	0
AND	EVERETT,	[0.5486284289276808, 0.073, 0.587281795511222, 0.087]	[0.3790523690773067, 0.131, 0.4625935162094763, 0.145]	no-link	header-answer	0.2082	0.1696	0.086	-0.058	-0.058	-0.044	0
AND	MANAGER,	[0.5486284289276808, 0.073, 0.587281795511222, 0.087]	[0.47381546134663344, 0.131, 0.5586034912718204, 0.145]	no-link	header-answer	0.1135	0.0748	-0.01	-0.058	-0.058	-0.044	0
AND	CHAIN	[0.5486284289276808, 0.073, 0.587281795511222, 0.087]	[0.571072319201995, 0.131, 0.6271820448877805, 0.146]	no-link	header-answer	0.0162	-0.0224	-0.0786	-0.058	-0.059	-0.044	0
AND	ATLANTA,	[0.5486284289276808, 0.073, 0.587281795511222, 0.087]	[0.7506234413965087, 0.131, 0.8379052369077307, 0.145]	no-link	header-answer	-0.1633	-0.202	-0.2893	-0.058	-0.058	-0.044	0
AND	ACCOUNTS	[0.5486284289276808, 0.073, 0.587281795511222, 0.087]	[0.6359102244389028, 0.133, 0.726932668329177, 0.144]	no-link	header-answer	-0.0486	-0.0873	-0.1783	-0.06	-0.057	-0.046	0
AND	-	[0.5486284289276808, 0.073, 0.587281795511222, 0.087]	[0.7319201995012469, 0.134, 0.7456359102244389, 0.142]	no-link	header-answer	-0.1446	-0.1833	-0.197	-0.061	-0.055	-0.047	0
AND	REPORTED	[0.5486284289276808, 0.073, 0.587281795511222, 0.087]	[0.128428927680798, 0.137, 0.2082294264339152, 0.15]	no-link	header-question	0.4589	0.4202	0.3404	-0.064	-0.063	-0.05	0
AND	DATE:	[0.5486284289276808, 0.073, 0.587281795511222, 0.087]	[0.23690773067331672, 0.201, 0.2805486284289277, 0.218]	no-link	header-question	0.3504	0.3117	0.2681	-0.128	-0.131	-0.114	0
AND	27,	[0.5486284289276808, 0.073, 0.587281795511222, 0.087]	[0.39900249376558605, 0.203, 0.43017456359102246, 0.217]	no-link	header-answer	0.1883	0.1496	0.1185	-0.13	-0.13	-0.116	0
AND	SEPT.	[0.5486284289276808, 0.073, 0.587281795511222, 0.087]	[0.33665835411471323, 0.204, 0.3877805486284289, 0.218]	no-link	header-answer	0.2506	0.212	0.1608	-0.131	-0.131	-0.117	0
AND	BROWN	[0.5486284289276808, 0.073, 0.587281795511222, 0.087]	[0.34663341645885287, 0.268, 0.4002493765586035, 0.283]	no-link	header-answer	0.2406	0.202	0.1484	-0.195	-0.196	-0.181	0
AND	&	[0.5486284289276808, 0.073, 0.587281795511222, 0.087]	[0.4089775561097257, 0.27, 0.4226932668329177, 0.28]	no-link	header-answer	0.1783	0.1397	0.1259	-0.197	-0.193	-0.183	0
AND	MANUFACTURER:	[0.5486284289276808, 0.073, 0.587281795511222, 0.087]	[0.12718204488778054, 0.271, 0.2543640897755611, 0.286]	no-link	header-question	0.4601	0.4214	0.2943	-0.198	-0.199	-0.184	0
AND	BRAND	[0.5486284289276808, 0.073, 0.587281795511222, 0.087]	[0.1259351620947631, 0.339, 0.17830423940149626, 0.353]	no-link	header-question	0.4613	0.4227	0.3703	-0.266	-0.266	-0.252	0
A.	L.	[0.31546134663341646, 0.131, 0.3341645885286783, 0.146]	[0.34538653366583544, 0.131, 0.36783042394014964, 0.145]	word-word	answer-answer	0.0524	0.0	0.0299	-0.001	0.0112	0.014	1
A.	EVERETT,	[0.31546134663341646, 0.131, 0.3341645885286783, 0.146]	[0.3790523690773067, 0.131, 0.4625935162094763, 0.145]	no-link	answer-answer	-0.0449	-0.0636	-0.1471	0.0	0.001	0.015	1
A.	MANAGER,	[0.31546134663341646, 0.131, 0.3341645885286783, 0.146]	[0.47381546134663344, 0.131, 0.5586034912718204, 0.145]	no-link	answer-answer	-0.1397	-0.1584	-0.2431	0.0	0.001	0.015	1
A.	CHAIN	[0.31546134663341646, 0.131, 0.3341645885286783, 0.146]	[0.571072319201995, 0.131, 0.6271820448877805, 0.146]	no-link	answer-answer	-0.2369	-0.2556	-0.3117	0.0	0.0	0.015	1
A.	ATLANTA,	[0.31546134663341646, 0.131, 0.3341645885286783, 0.146]	[0.7506234413965087, 0.131, 0.8379052369077307, 0.145]	no-link	answer-answer	-0.4165	-0.4352	-0.5224	0.0	0.001	0.015	1
A.	ACCOUNTS	[0.31546134663341646, 0.131, 0.3341645885286783, 0.146]	[0.6359102244389028, 0.133, 0.726932668329177, 0.144]	no-link	answer-answer	-0.3017	-0.3204	-0.4115	-0.002	0.002	0.013	1
A.	-	[0.31546134663341646, 0.131, 0.3341645885286783, 0.146]	[0.7319201995012469, 0.134, 0.7456359102244389, 0.142]	no-link	answer-answer	-0.3978	-0.4165	-0.4302	-0.003	0.004	0.012	1
A.	REPORTED	[0.31546134663341646, 0.131, 0.3341645885286783, 0.146]	[0.128428927680798, 0.137, 0.2082294264339152, 0.15]	no-link	answer-question	0.2057	0.187	0.1072	-0.006	-0.004	0.009	1
A.	DATE:	[0.31546134663341646, 0.131, 0.3341645885286783, 0.146]	[0.23690773067331672, 0.201, 0.2805486284289277, 0.218]	no-link	answer-question	0.0973	0.0786	0.0349	-0.07	-0.072	-0.055	1
A.	27,	[0.31546134663341646, 0.131, 0.3341645885286783, 0.146]	[0.39900249376558605, 0.203, 0.43017456359102246, 0.217]	no-link	answer-answer	-0.0648	-0.0835	-0.1147	-0.072	-0.071	-0.057	1
A.	SEPT.	[0.31546134663341646, 0.131, 0.3341645885286783, 0.146]	[0.33665835411471323, 0.204, 0.3877805486284289, 0.218]	no-link	answer-answer	-0.0025	-0.0212	-0.0723	-0.073	-0.072	-0.058	1
A.	BROWN	[0.31546134663341646, 0.131, 0.3341645885286783, 0.146]	[0.34663341645885287, 0.268, 0.4002493765586035, 0.283]	no-link	answer-answer	-0.0125	-0.0312	-0.0848	-0.137	-0.137	-0.122	1
A.	&	[0.31546134663341646, 0.131, 0.3341645885286783, 0.146]	[0.4089775561097257, 0.27, 0.4226932668329177, 0.28]	no-link	answer-answer	-0.0748	-0.0935	-0.1072	-0.139	-0.134	-0.124	1
A.	MANUFACTURER:	[0.31546134663341646, 0.131, 0.3341645885286783, 0.146]	[0.12718204488778054, 0.271, 0.2543640897755611, 0.286]	no-link	answer-question	0.207	0.1883	0.0611	-0.14	-0.14	-0.125	1
A.	BRAND	[0.31546134663341646, 0.131, 0.3341645885286783, 0.146]	[0.1259351620947631, 0.339, 0.17830423940149626, 0.353]	no-link	answer-question	0.2082	0.1895	0.1372	-0.208	-0.207	-0.193	1
L.	EVERETT,	[0.34538653366583544, 0.131, 0.36783042394014964, 0.145]	[0.3790523690773067, 0.131, 0.4625935162094763, 0.145]	word-word	answer-answer	0.1172	0.0	0.0337	0.0	0.0112	0.014	1
L.	MANAGER,	[0.34538653366583544, 0.131, 0.36783042394014964, 0.145]	[0.47381546134663344, 0.131, 0.5586034912718204, 0.145]	no-link	answer-answer	-0.106	-0.1284	-0.2132	0.0	0.0	0.014	1
L.	CHAIN	[0.34538653366583544, 0.131, 0.36783042394014964, 0.145]	[0.571072319201995, 0.131, 0.6271820448877805, 0.146]	no-link	answer-answer	-0.2032	-0.2257	-0.2818	0.0	-0.001	0.014	1
L.	ATLANTA,	[0.34538653366583544, 0.131, 0.36783042394014964, 0.145]	[0.7506234413965087, 0.131, 0.8379052369077307, 0.145]	no-link	answer-answer	-0.3828	-0.4052	-0.4925	0.0	0.0	0.014	1
L.	ACCOUNTS	[0.34538653366583544, 0.131, 0.36783042394014964, 0.145]	[0.6359102244389028, 0.133, 0.726932668329177, 0.144]	no-link	answer-answer	-0.2681	-0.2905	-0.3815	-0.002	0.001	0.012	1
L.	-	[0.34538653366583544, 0.131, 0.36783042394014964, 0.145]	[0.7319201995012469, 0.134, 0.7456359102244389, 0.142]	no-link	answer-answer	-0.3641	-0.3865	-0.4002	-0.003	0.003	0.011	1
L.	REPORTED	[0.34538653366583544, 0.131, 0.36783042394014964, 0.145]	[0.128428927680798, 0.137, 0.2082294264339152, 0.15]	no-link	answer-question	0.2394	0.217	0.1372	-0.006	-0.005	0.008	1
L.	DATE:	[0.34538653366583544, 0.131, 0.36783042394014964, 0.145]	[0.23690773067331672, 0.201, 0.2805486284289277, 0.218]	no-link	answer-question	0.1309	0.1085	0.0648	-0.07	-0.073	-0.056	1
L.	27,	[0.34538653366583544, 0.131, 0.36783042394014964, 0.145]	[0.39900249376558605, 0.203, 0.43017456359102246, 0.217]	no-link	answer-answer	-0.0312	-0.0536	-0.0848	-0.072	-0.072	-0.058	1
L.	SEPT.	[0.34538653366583544, 0.131, 0.36783042394014964, 0.145]	[0.33665835411471323, 0.204, 0.3877805486284289, 0.218]	no-link	answer-answer	0.0312	0.0087	-0.0424	-0.073	-0.073	-0.059	1
L.	BROWN	[0.34538653366583544, 0.131, 0.36783042394014964, 0.145]	[0.34663341645885287, 0.268, 0.4002493765586035, 0.283]	no-link	answer-answer	0.0212	-0.0012	-0.0549	-0.137	-0.138	-0.123	1
L.	&	[0.34538653366583544, 0.131, 0.36783042394014964, 0.145]	[0.4089775561097257, 0.27, 0.4226932668329177, 0.28]	no-link	answer-answer	-0.0411	-0.0636	-0.0773	-0.139	-0.135	-0.125	1
L.	MANUFACTURER:	[0.34538653366583544, 0.131, 0.36783042394014964, 0.145]	[0.12718204488778054, 0.271, 0.2543640897755611, 0.286]	no-link	answer-question	0.2406	0.2182	0.091	-0.14	-0.141	-0.126	1
L.	BRAND	[0.34538653366583544, 0.131, 0.36783042394014964, 0.145]	[0.1259351620947631, 0.339, 0.17830423940149626, 0.353]	no-link	answer-question	0.2419	0.2195	0.1671	-0.208	-0.208	-0.194	1
L.	KOOL	[0.34538653366583544, 0.131, 0.36783042394014964, 0.145]	[0.36783042394014964, 0.339, 0.4114713216957606, 0.352]	no-link	answer-answer	0.0	-0.0224	-0.0661	-0.208	-0.207	-0.194	1
EVERETT,	MANAGER,	[0.3790523690773067, 0.131, 0.4625935162094763, 0.145]	[0.47381546134663344, 0.131, 0.5586034912718204, 0.145]	word-word	answer-answer	0.1796	0.0	0.0948	0.0	0.0112	0.014	1
EVERETT,	CHAIN	[0.3790523690773067, 0.131, 0.4625935162094763, 0.145]	[0.571072319201995, 0.131, 0.6271820448877805, 0.146]	no-link	answer-answer	-0.1085	-0.192	-0.2481	0.0	-0.001	0.014	1
EVERETT,	ATLANTA,	[0.3790523690773067, 0.131, 0.4625935162094763, 0.145]	[0.7506234413965087, 0.131, 0.8379052369077307, 0.145]	no-link	answer-answer	-0.288	-0.3716	-0.4589	0.0	0.0	0.014	1
EVERETT,	ACCOUNTS	[0.3790523690773067, 0.131, 0.4625935162094763, 0.145]	[0.6359102244389028, 0.133, 0.726932668329177, 0.144]	no-link	answer-answer	-0.1733	-0.2569	-0.3479	-0.002	0.001	0.012	1
EVERETT,	-	[0.3790523690773067, 0.131, 0.4625935162094763, 0.145]	[0.7319201995012469, 0.134, 0.7456359102244389, 0.142]	no-link	answer-answer	-0.2693	-0.3529	-0.3666	-0.003	0.003	0.011	1
EVERETT,	REPORTED	[0.3790523690773067, 0.131, 0.4625935162094763, 0.145]	[0.128428927680798, 0.137, 0.2082294264339152, 0.15]	no-link	answer-question	0.3342	0.2506	0.1708	-0.006	-0.005	0.008	1
EVERETT,	DATE:	[0.3790523690773067, 0.131, 0.4625935162094763, 0.145]	[0.23690773067331672, 0.201, 0.2805486284289277, 0.218]	no-link	answer-question	0.2257	0.1421	0.0985	-0.07	-0.073	-0.056	1
EVERETT,	27,	[0.3790523690773067, 0.131, 0.4625935162094763, 0.145]	[0.39900249376558605, 0.203, 0.43017456359102246, 0.217]	no-link	answer-answer	0.0636	-0.02	-0.0511	-0.072	-0.072	-0.058	1
EVERETT,	SEPT.	[0.3790523690773067, 0.131, 0.4625935162094763, 0.145]	[0.33665835411471323, 0.204, 0.3877805486284289, 0.218]	no-link	answer-answer	0.1259	0.0424	-0.0087	-0.073	-0.073	-0.059	1
EVERETT,	BROWN	[0.3790523690773067, 0.131, 0.4625935162094763, 0.145]	[0.34663341645885287, 0.268, 0.4002493765586035, 0.283]	no-link	answer-answer	0.116	0.0324	-0.0212	-0.137	-0.138	-0.123	1
EVERETT,	&	[0.3790523690773067, 0.131, 0.4625935162094763, 0.145]	[0.4089775561097257, 0.27, 0.4226932668329177, 0.28]	no-link	answer-answer	0.0536	-0.0299	-0.0436	-0.139	-0.135	-0.125	1
EVERETT,	MANUFACTURER:	[0.3790523690773067, 0.131, 0.4625935162094763, 0.145]	[0.12718204488778054, 0.271, 0.2543640897755611, 0.286]	no-link	answer-question	0.3354	0.2519	0.1247	-0.14	-0.141	-0.126	1
EVERETT,	BRAND	[0.3790523690773067, 0.131, 0.4625935162094763, 0.145]	[0.1259351620947631, 0.339, 0.17830423940149626, 0.353]	no-link	answer-question	0.3367	0.2531	0.2007	-0.208	-0.208	-0.194	1
EVERETT,	KOOL	[0.3790523690773067, 0.131, 0.4625935162094763, 0.145]	[0.36783042394014964, 0.339, 0.4114713216957606, 0.352]	no-link	answer-answer	0.0948	0.0112	-0.0324	-0.208	-0.207	-0.194	1
EVERETT,	(S)	[0.3790523690773067, 0.131, 0.4625935162094763, 0.145]	[0.1770573566084788, 0.341, 0.19825436408977556, 0.355]	no-link	answer-question	0.2855	0.202	0.1808	-0.21	-0.21	-0.196	1
MANAGER,	CHAIN	[0.47381546134663344, 0.131, 0.5586034912718204, 0.145]	[0.571072319201995, 0.131, 0.6271820448877805, 0.146]	word-word	answer-answer	0.1534	0.0	0.0973	0.001	0.0125	0.015	1
MANAGER,	ATLANTA,	[0.47381546134663344, 0.131, 0.5586034912718204, 0.145]	[0.7506234413965087, 0.131, 0.8379052369077307, 0.145]	no-link	answer-answer	-0.192	-0.2768	-0.3641	0.0	0.0	0.014	1
MANAGER,	ACCOUNTS	[0.47381546134663344, 0.131, 0.5586034912718204, 0.145]	[0.6359102244389028, 0.133, 0.726932668329177, 0.144]	no-link	answer-answer	-0.0773	-0.1621	-0.2531	-0.002	0.001	0.012	1
MANAGER,	-	[0.47381546134663344, 0.131, 0.5586034912718204, 0.145]	[0.7319201995012469, 0.134, 0.7456359102244389, 0.142]	no-link	answer-answer	-0.1733	-0.2581	-0.2718	-0.003	0.003	0.011	1
MANAGER,	REPORTED	[0.47381546134663344, 0.131, 0.5586034912718204, 0.145]	[0.128428927680798, 0.137, 0.2082294264339152, 0.15]	no-link	answer-question	0.4302	0.3454	0.2656	-0.006	-0.005	0.008	1
MANAGER,	DATE:	[0.47381546134663344, 0.131, 0.5586034912718204, 0.145]	[0.23690773067331672, 0.201, 0.2805486284289277, 0.218]	no-link	answer-question	0.3217	0.2369	0.1933	-0.07	-0.073	-0.056	1
MANAGER,	27,	[0.47381546134663344, 0.131, 0.5586034912718204, 0.145]	[0.39900249376558605, 0.203, 0.43017456359102246, 0.217]	no-link	answer-answer	0.1596	0.0748	0.0436	-0.072	-0.072	-0.058	1
MANAGER,	SEPT.	[0.47381546134663344, 0.131, 0.5586034912718204, 0.145]	[0.33665835411471323, 0.204, 0.3877805486284289, 0.218]	no-link	answer-answer	0.2219	0.1372	0.086	-0.073	-0.073	-0.059	1
MANAGER,	BROWN	[0.47381546134663344, 0.131, 0.5586034912718204, 0.145]	[0.34663341645885287, 0.268, 0.4002493765586035, 0.283]	no-link	answer-answer	0.212	0.1272	0.0736	-0.137	-0.138	-0.123	1
MANAGER,	&	[0.47381546134663344, 0.131, 0.5586034912718204, 0.145]	[0.4089775561097257, 0.27, 0.4226932668329177, 0.28]	no-link	answer-answer	0.1496	0.0648	0.0511	-0.139	-0.135	-0.125	1
MANAGER,	MANUFACTURER:	[0.47381546134663344, 0.131, 0.5586034912718204, 0.145]	[0.12718204488778054, 0.271, 0.2543640897755611, 0.286]	no-link	answer-question	0.4314	0.3466	0.2195	-0.14	-0.141	-0.126	1
MANAGER,	BRAND	[0.47381546134663344, 0.131, 0.5586034912718204, 0.145]	[0.1259351620947631, 0.339, 0.17830423940149626, 0.353]	no-link	answer-question	0.4327	0.3479	0.2955	-0.208	-0.208	-0.194	1
MANAGER,	KOOL	[0.47381546134663344, 0.131, 0.5586034912718204, 0.145]	[0.36783042394014964, 0.339, 0.4114713216957606, 0.352]	no-link	answer-answer	0.1908	0.106	0.0623	-0.208	-0.207	-0.194	1
MANAGER,	(S)	[0.47381546134663344, 0.131, 0.5586034912718204, 0.145]	[0.1770573566084788, 0.341, 0.19825436408977556, 0.355]	no-link	answer-question	0.3815	0.2968	0.2756	-0.21	-0.21	-0.196	1
MANAGER,	SEE	[0.47381546134663344, 0.131, 0.5586034912718204, 0.145]	[0.34663341645885287, 0.402, 0.3802992518703242, 0.417]	no-link	answer-answer	0.212	0.1272	0.0935	-0.271	-0.272	-0.257	1
CHAIN	ACCOUNTS	[0.571072319201995, 0.131, 0.6271820448877805, 0.146]	[0.6359102244389028, 0.133, 0.726932668329177, 0.144]	word-word	answer-answer	0.1559	0.002	0.0648	-0.002	0.0087	0.013	1
CHAIN	-	[0.571072319201995, 0.131, 0.6271820448877805, 0.146]	[0.7319201995012469, 0.134, 0.7456359102244389, 0.142]	no-link	answer-answer	-0.1047	-0.1608	-0.1746	-0.003	0.004	0.012	1
CHAIN	REPORTED	[0.571072319201995, 0.131, 0.6271820448877805, 0.146]	[0.128428927680798, 0.137, 0.2082294264339152, 0.15]	no-link	answer-question	0.4988	0.4426	0.3628	-0.006	-0.004	0.009	1
CHAIN	DATE:	[0.571072319201995, 0.131, 0.6271820448877805, 0.146]	[0.23690773067331672, 0.201, 0.2805486284289277, 0.218]	no-link	answer-question	0.3903	0.3342	0.2905	-0.07	-0.072	-0.055	1
CHAIN	27,	[0.571072319201995, 0.131, 0.6271820448877805, 0.146]	[0.39900249376558605, 0.203, 0.43017456359102246, 0.217]	no-link	answer-answer	0.2282	0.1721	0.1409	-0.072	-0.071	-0.057	1
CHAIN	SEPT.	[0.571072319201995, 0.131, 0.6271820448877805, 0.146]	[0.33665835411471323, 0.204, 0.3877805486284289, 0.218]	no-link	answer-answer	0.2905	0.2344	0.1833	-0.073	-0.072	-0.058	1
CHAIN	BROWN	[0.571072319201995, 0.131, 0.6271820448877805, 0.146]	[0.34663341645885287, 0.268, 0.4002493765586035, 0.283]	no-link	answer-answer	0.2805	0.2244	0.1708	-0.137	-0.137	-0.122	1
CHAIN	&	[0.571072319201995, 0.131, 0.6271820448877805, 0.146]	[0.4089775561097257, 0.27, 0.4226932668329177, 0.28]	no-link	answer-answer	0.2182	0.1621	0.1484	-0.139	-0.134	-0.124	1
CHAIN	MANUFACTURER:	[0.571072319201995, 0.131, 0.6271820448877805, 0.146]	[0.12718204488778054, 0.271, 0.2543640897755611, 0.286]	no-link	answer-question	0.5	0.4439	0.3167	-0.14	-0.14	-0.125	1
CHAIN	BRAND	[0.571072319201995, 0.131, 0.6271820448877805, 0.146]	[0.1259351620947631, 0.339, 0.17830423940149626, 0.353]	no-link	answer-question	0.5012	0.4451	0.3928	-0.208	-0.207	-0.193	1
CHAIN	KOOL	[0.571072319201995, 0.131, 0.6271820448877805, 0.146]	[0.36783042394014964, 0.339, 0.4114713216957606, 0.352]	no-link	answer-answer	0.2594	0.2032	0.1596	-0.208	-0.206	-0.193	1
CHAIN	(S)	[0.571072319201995, 0.131, 0.6271820448877805, 0.146]	[0.1770573566084788, 0.341, 0.19825436408977556, 0.355]	no-link	answer-question	0.4501	0.394	0.3728	-0.21	-0.209	-0.195	1
CHAIN	SEE	[0.571072319201995, 0.131, 0.6271820448877805, 0.146]	[0.34663341645885287, 0.402, 0.3802992518703242, 0.417]	no-link	answer-answer	0.2805	0.2244	0.1908	-0.271	-0.271	-0.256	1
CHAIN	OF	[0.571072319201995, 0.131, 0.6271820448877805, 0.146]	[0.16708229426433915, 0.406, 0.1882793017456359, 0.42]	no-link	answer-question	0.4601	0.404	0.3828	-0.275	-0.274	-0.26	1
ATLANTA,	GA	[0.7506234413965087, 0.131, 0.8379052369077307, 0.145]	[0.8503740648379052, 0.134, 0.8753117206982544, 0.145]	word-word	answer-answer	0.1247	0.003	0.0998	0.0	0.0125	0.014	1
ATLANTA,	-	[0.7506234413965087, 0.131, 0.8379052369077307, 0.145]	[0.7319201995012469, 0.134, 0.7456359102244389, 0.142]	no-link	answer-answer	0.106	0.0187	0.005	-0.003	0.003	0.011	1
ATLANTA,	REPORTED	[0.7506234413965087, 0.131, 0.8379052369077307, 0.145]	[0.128428927680798, 0.137, 0.2082294264339152, 0.15]	no-link	answer-question	0.7095	0.6222	0.5424	-0.006	-0.005	0.008	1
ATLANTA,	DATE:	[0.7506234413965087, 0.131, 0.8379052369077307, 0.145]	[0.23690773067331672, 0.201, 0.2805486284289277, 0.218]	no-link	answer-question	0.601	0.5137	0.4701	-0.07	-0.073	-0.056	1
ATLANTA,	27,	[0.7506234413965087, 0.131, 0.8379052369077307, 0.145]	[0.39900249376558605, 0.203, 0.43017456359102246, 0.217]	no-link	answer-answer	0.4389	0.3516	0.3204	-0.072	-0.072	-0.058	1
ATLANTA,	SEPT.	[0.7506234413965087, 0.131, 0.8379052369077307, 0.145]	[0.33665835411471323, 0.204, 0.3877805486284289, 0.218]	no-link	answer-answer	0.5012	0.414	0.3628	-0.073	-0.073	-0.059	1
ATLANTA,	BROWN	[0.7506234413965087, 0.131, 0.8379052369077307, 0.145]	[0.34663341645885287, 0.268, 0.4002493765586035, 0.283]	no-link	answer-answer	0.4913	0.404	0.3504	-0.137	-0.138	-0.123	1
ATLANTA,	&	[0.7506234413965087, 0.131, 0.8379052369077307, 0.145]	[0.4089775561097257, 0.27, 0.4226932668329177, 0.28]	no-link	answer-answer	0.4289	0.3416	0.3279	-0.139	-0.135	-0.125	1
ATLANTA,	MANUFACTURER:	[0.7506234413965087, 0.131, 0.8379052369077307, 0.145]	[0.12718204488778054, 0.271, 0.2543640897755611, 0.286]	no-link	answer-question	0.7107	0.6234	0.4963	-0.14	-0.141	-0.126	1
ATLANTA,	BRAND	[0.7506234413965087, 0.131, 0.8379052369077307, 0.145]	[0.1259351620947631, 0.339, 0.17830423940149626, 0.353]	no-link	answer-question	0.712	0.6247	0.5723	-0.208	-0.208	-0.194	1
ATLANTA,	KOOL	[0.7506234413965087, 0.131, 0.8379052369077307, 0.145]	[0.36783042394014964, 0.339, 0.4114713216957606, 0.352]	no-link	answer-answer	0.4701	0.3828	0.3392	-0.208	-0.207	-0.194	1
ATLANTA,	(S)	[0.7506234413965087, 0.131, 0.8379052369077307, 0.145]	[0.1770573566084788, 0.341, 0.19825436408977556, 0.355]	no-link	answer-question	0.6608	0.5736	0.5524	-0.21	-0.21	-0.196	1
ATLANTA,	SEE	[0.7506234413965087, 0.131, 0.8379052369077307, 0.145]	[0.34663341645885287, 0.402, 0.3802992518703242, 0.417]	no-link	answer-answer	0.4913	0.404	0.3703	-0.271	-0.272	-0.257	1
ATLANTA,	OF	[0.7506234413965087, 0.131, 0.8379052369077307, 0.145]	[0.16708229426433915, 0.406, 0.1882793017456359, 0.42]	no-link	answer-question	0.6708	0.5835	0.5623	-0.275	-0.275	-0.261	1
ATLANTA,	TYPE	[0.7506234413965087, 0.131, 0.8379052369077307, 0.145]	[0.1259351620947631, 0.408, 0.16458852867830423, 0.423]	no-link	answer-question	0.712	0.6247	0.586	-0.277	-0.278	-0.263	1
ACCOUNTS	-	[0.6359102244389028, 0.133, 0.726932668329177, 0.144]	[0.7319201995012469, 0.134, 0.7456359102244389, 0.142]	word-word	answer-answer	0.1097	0.001	0.096	-0.002	0.005	0.009	1
ACCOUNTS	REPORTED	[0.6359102244389028, 0.133, 0.726932668329177, 0.144]	[0.128428927680798, 0.137, 0.2082294264339152, 0.15]	no-link	answer-question	0.5985	0.5075	0.4277	-0.004	-0.006	0.007	1
ACCOUNTS	DATE:	[0.6359102244389028, 0.133, 0.726932668329177, 0.144]	[0.23690773067331672, 0.201, 0.2805486284289277, 0.218]	no-link	answer-question	0.49	0.399	0.3554	-0.068	-0.074	-0.057	1
ACCOUNTS	27,	[0.6359102244389028, 0.133, 0.726932668329177, 0.144]	[0.39900249376558605, 0.203, 0.43017456359102246, 0.217]	no-link	answer-answer	0.3279	0.2369	0.2057	-0.07	-0.073	-0.059	1
ACCOUNTS	SEPT.	[0.6359102244389028, 0.133, 0.726932668329177, 0.144]	[0.33665835411471323, 0.204, 0.3877805486284289, 0.218]	no-link	answer-answer	0.3903	0.2993	0.2481	-0.071	-0.074	-0.06	1
ACCOUNTS	BROWN	[0.6359102244389028, 0.133, 0.726932668329177, 0.144]	[0.34663341645885287, 0.268, 0.4002493765586035, 0.283]	no-link	answer-answer	0.3803	0.2893	0.2357	-0.135	-0.139	-0.124	1
ACCOUNTS	&	[0.6359102244389028, 0.133, 0.726932668329177, 0.144]	[0.4089775561097257, 0.27, 0.4226932668329177, 0.28]	no-link	answer-answer	0.318	0.2269	0.2132	-0.137	-0.136	-0.126	1
ACCOUNTS	MANUFACTURER:	[0.6359102244389028, 0.133, 0.726932668329177, 0.144]	[0.12718204488778054, 0.271, 0.2543640897755611, 0.286]	no-link	answer-question	0.5998	0.5087	0.3815	-0.138	-0.142	-0.127	1
ACCOUNTS	BRAND	[0.6359102244389028, 0.133, 0.726932668329177, 0.144]	[0.1259351620947631, 0.339, 0.17830423940149626, 0.353]	no-link	answer-question	0.601	0.51	0.4576	-0.206	-0.209	-0.195	1
ACCOUNTS	KOOL	[0.6359102244389028, 0.133, 0.726932668329177, 0.144]	[0.36783042394014964, 0.339, 0.4114713216957606, 0.352]	no-link	answer-answer	0.3591	0.2681	0.2244	-0.206	-0.208	-0.195	1
ACCOUNTS	(S)	[0.6359102244389028, 0.133, 0.726932668329177, 0.144]	[0.1770573566084788, 0.341, 0.19825436408977556, 0.355]	no-link	answer-question	0.5499	0.4589	0.4377	-0.208	-0.211	-0.197	1
ACCOUNTS	SEE	[0.6359102244389028, 0.133, 0.726932668329177, 0.144]	[0.34663341645885287, 0.402, 0.3802992518703242, 0.417]	no-link	answer-answer	0.3803	0.2893	0.2556	-0.269	-0.273	-0.258	1
ACCOUNTS	OF	[0.6359102244389028, 0.133, 0.726932668329177, 0.144]	[0.16708229426433915, 0.406, 0.1882793017456359, 0.42]	no-link	answer-question	0.5599	0.4688	0.4476	-0.273	-0.276	-0.262	1
ACCOUNTS	TYPE	[0.6359102244389028, 0.133, 0.726932668329177, 0.144]	[0.1259351620947631, 0.408, 0.16458852867830423, 0.423]	no-link	answer-question	0.601	0.51	0.4713	-0.275	-0.279	-0.264	1
-	ATLANTA,	[0.7319201995012469, 0.134, 0.7456359102244389, 0.142]	[0.7506234413965087, 0.131, 0.8379052369077307, 0.145]	word-word	answer-answer	0.106	-0.003	0.0187	0.003	0.005	0.011	1
-	REPORTED	[0.7319201995012469, 0.134, 0.7456359102244389, 0.142]	[0.128428927680798, 0.137, 0.2082294264339152, 0.15]	no-link	answer-question	0.6172	0.6035	0.5237	-0.003	-0.008	0.005	1
-	DATE:	[0.7319201995012469, 0.134, 0.7456359102244389, 0.142]	[0.23690773067331672, 0.201, 0.2805486284289277, 0.218]	no-link	answer-question	0.5087	0.495	0.4514	-0.067	-0.076	-0.059	1
-	27,	[0.7319201995012469, 0.134, 0.7456359102244389, 0.142]	[0.39900249376558605, 0.203, 0.43017456359102246, 0.217]	no-link	answer-answer	0.3466	0.3329	0.3017	-0.069	-0.075	-0.061	1
-	SEPT.	[0.7319201995012469, 0.134, 0.7456359102244389, 0.142]	[0.33665835411471323, 0.204, 0.3877805486284289, 0.218]	no-link	answer-answer	0.409	0.3953	0.3441	-0.07	-0.076	-0.062	1
-	BROWN	[0.7319201995012469, 0.134, 0.7456359102244389, 0.142]	[0.34663341645885287, 0.268, 0.4002493765586035, 0.283]	no-link	answer-answer	0.399	0.3853	0.3317	-0.134	-0.141	-0.126	1
-	&	[0.7319201995012469, 0.134, 0.7456359102244389, 0.142]	[0.4089775561097257, 0.27, 0.4226932668329177, 0.28]	no-link	answer-answer	0.3367	0.3229	0.3092	-0.136	-0.138	-0.128	1
-	MANUFACTURER:	[0.7319201995012469, 0.134, 0.7456359102244389, 0.142]	[0.12718204488778054, 0.271, 0.2543640897755611, 0.286]	no-link	answer-question	0.6185	0.6047	0.4776	-0.137	-0.144	-0.129	1
-	BRAND	[0.7319201995012469, 0.134, 0.7456359102244389, 0.142]	[0.1259351620947631, 0.339, 0.17830423940149626, 0.353]	no-link	answer-question	0.6197	0.606	0.5536	-0.205	-0.211	-0.197	1
-	KOOL	[0.7319201995012469, 0.134, 0.7456359102244389, 0.142]	[0.36783042394014964, 0.339, 0.4114713216957606, 0.352]	no-link	answer-answer	0.3778	0.3641	0.3204	-0.205	-0.21	-0.197	1
-	(S)	[0.7319201995012469, 0.134, 0.7456359102244389, 0.142]	[0.1770573566084788, 0.341, 0.19825436408977556, 0.355]	no-link	answer-question	0.5686	0.5549	0.5337	-0.207	-0.213	-0.199	1
-	SEE	[0.7319201995012469, 0.134, 0.7456359102244389, 0.142]	[0.34663341645885287, 0.402, 0.3802992518703242, 0.417]	no-link	answer-answer	0.399	0.3853	0.3516	-0.268	-0.275	-0.26	1
-	OF	[0.7319201995012469, 0.134, 0.7456359102244389, 0.142]	[0.16708229426433915, 0.406, 0.1882793017456359, 0.42]	no-link	answer-question	0.5786	0.5648	0.5436	-0.272	-0.278	-0.264	1
-	TYPE	[0.7319201995012469, 0.134, 0.7456359102244389, 0.142]	[0.1259351620947631, 0.408, 0.16458852867830423, 0.423]	no-link	answer-question	0.6197	0.606	0.5673	-0.274	-0.281	-0.266	1
REPORTED	DATE:	[0.128428927680798, 0.137, 0.2082294264339152, 0.15]	[0.23690773067331672, 0.201, 0.2805486284289277, 0.218]	line-line	question-question	0.1521	0.064	0.1085	0.068	0.0287	0.081	1
REPORTED	27,	[0.128428927680798, 0.137, 0.2082294264339152, 0.15]	[0.39900249376558605, 0.203, 0.43017456359102246, 0.217]	no-link	question-answer	-0.1908	-0.2706	-0.3017	-0.066	-0.067	-0.053	1
REPORTED	SEPT.	[0.128428927680798, 0.137, 0.2082294264339152, 0.15]	[0.33665835411471323, 0.204, 0.3877805486284289, 0.218]	no-link	question-answer	-0.1284	-0.2082	-0.2594	-0.067	-0.068	-0.054	1
REPORTED	BROWN	[0.128428927680798, 0.137, 0.2082294264339152, 0.15]	[0.34663341645885287, 0.268, 0.4002493765586035, 0.283]	no-link	question-answer	-0.1384	-0.2182	-0.2718	-0.131	-0.133	-0.118	1
REPORTED	&	[0.128428927680798, 0.137, 0.2082294264339152, 0.15]	[0.4089775561097257, 0.27, 0.4226932668329177, 0.28]	no-link	question-answer	-0.2007	-0.2805	-0.2943	-0.133	-0.13	-0.12	1
REPORTED	MANUFACTURER:	[0.128428927680798, 0.137, 0.2082294264339152, 0.15]	[0.12718204488778054, 0.271, 0.2543640897755611, 0.286]	no-link	question-question	0.081	0.0012	-0.1259	-0.134	-0.136	-0.121	1
REPORTED	BRAND	[0.128428927680798, 0.137, 0.2082294264339152, 0.15]	[0.1259351620947631, 0.339, 0.17830423940149626, 0.353]	no-link	question-question	0.0823	0.0025	-0.0499	-0.202	-0.203	-0.189	1
REPORTED	KOOL	[0.128428927680798, 0.137, 0.2082294264339152, 0.15]	[0.36783042394014964, 0.339, 0.4114713216957606, 0.352]	no-link	question-answer	-0.1596	-0.2394	-0.283	-0.202	-0.202	-0.189	1
REPORTED	(S)	[0.128428927680798, 0.137, 0.2082294264339152, 0.15]	[0.1770573566084788, 0.341, 0.19825436408977556, 0.355]	no-link	question-question	0.0312	-0.0486	-0.0698	-0.204	-0.205	-0.191	1
REPORTED	SEE	[0.128428927680798, 0.137, 0.2082294264339152, 0.15]	[0.34663341645885287, 0.402, 0.3802992518703242, 0.417]	no-link	question-answer	-0.1384	-0.2182	-0.2519	-0.265	-0.267	-0.252	1
REPORTED	OF	[0.128428927680798, 0.137, 0.2082294264339152, 0.15]	[0.16708229426433915, 0.406, 0.1882793017456359, 0.42]	no-link	question-question	0.0411	-0.0387	-0.0599	-0.269	-0.27	-0.256	1
REPORTED	TYPE	[0.128428927680798, 0.137, 0.2082294264339152, 0.15]	[0.1259351620947631, 0.408, 0.16458852867830423, 0.423]	no-link	question-question	0.0823	0.0025	-0.0362	-0.271	-0.273	-0.258	1
REPORTED	HOW	[0.128428927680798, 0.137, 0.2082294264339152, 0.15]	[0.12344139650872818, 0.528, 0.1596009975062344, 0.541]	no-link	question-question	0.0848	0.005	-0.0312	-0.391	-0.391	-0.378	1
REPORTED	BY:	[0.128428927680798, 0.137, 0.2082294264339152, 0.15]	[0.2119700748129676, 0.137, 0.23815461346633415, 0.151]	word-word	question-question	0.1097	0.0	0.0835	0.001	0.0037	0.014	1
REPORTED	A.	[0.128428927680798, 0.137, 0.2082294264339152, 0.15]	[0.31546134663341646, 0.131, 0.3341645885286783, 0.146]	question-answer	question-answer	0.2057	-0.006	0.187	-0.004	0.1072	0.009	1
REPORTED	OTHER	[0.128428927680798, 0.137, 0.2082294264339152, 0.15]	[0.1259351620947631, 0.596, 0.17830423940149626, 0.611]	no-link	question-question	0.0823	0.0025	-0.0499	-0.459	-0.461	-0.446	1
DATE:	MANUFACTURER:	[0.23690773067331672, 0.201, 0.2805486284289277, 0.218]	[0.12718204488778054, 0.271, 0.2543640897755611, 0.286]	line-line	question-question	0.0175	0.07	-0.1097	0.068	-0.1534	0.085	2
DATE:	27,	[0.23690773067331672, 0.201, 0.2805486284289277, 0.218]	[0.39900249376558605, 0.203, 0.43017456359102246, 0.217]	no-link	question-answer	-0.1185	-0.1621	-0.1933	-0.002	0.001	0.015	2
DATE:	SEPT.	[0.23690773067331672, 0.201, 0.2805486284289277, 0.218]	[0.33665835411471323, 0.204, 0.3877805486284289, 0.218]	no-link	question-answer	-0.0561	-0.0998	-0.1509	-0.003	0.0	0.014	2
DATE:	BROWN	[0.23690773067331672, 0.201, 0.2805486284289277, 0.218]	[0.34663341645885287, 0.268, 0.4002493765586035, 0.283]	no-link	question-answer	-0.0661	-0.1097	-0.1633	-0.067	-0.065	-0.05	2
DATE:	&	[0.23690773067331672, 0.201, 0.2805486284289277, 0.218]	[0.4089775561097257, 0.27, 0.4226932668329177, 0.28]	no-link	question-answer	-0.1284	-0.1721	-0.1858	-0.069	-0.062	-0.052	2
DATE:	BRAND	[0.23690773067331672, 0.201, 0.2805486284289277, 0.218]	[0.1259351620947631, 0.339, 0.17830423940149626, 0.353]	no-link	question-question	0.1546	0.111	0.0586	-0.138	-0.135	-0.121	2
DATE:	KOOL	[0.23690773067331672, 0.201, 0.2805486284289277, 0.218]	[0.36783042394014964, 0.339, 0.4114713216957606, 0.352]	no-link	question-answer	-0.0873	-0.1309	-0.1746	-0.138	-0.134	-0.121	2
DATE:	(S)	[0.23690773067331672, 0.201, 0.2805486284289277, 0.218]	[0.1770573566084788, 0.341, 0.19825436408977556, 0.355]	no-link	question-question	0.1035	0.0599	0.0387	-0.14	-0.137	-0.123	2
DATE:	SEE	[0.23690773067331672, 0.201, 0.2805486284289277, 0.218]	[0.34663341645885287, 0.402, 0.3802992518703242, 0.417]	no-link	question-answer	-0.0661	-0.1097	-0.1434	-0.201	-0.199	-0.184	2
DATE:	OF	[0.23690773067331672, 0.201, 0.2805486284289277, 0.218]	[0.16708229426433915, 0.406, 0.1882793017456359, 0.42]	no-link	question-question	0.1135	0.0698	0.0486	-0.205	-0.202	-0.188	2
DATE:	TYPE	[0.23690773067331672, 0.201, 0.2805486284289277, 0.218]	[0.1259351620947631, 0.408, 0.16458852867830423, 0.423]	no-link	question-question	0.1546	0.111	0.0723	-0.207	-0.205	-0.19	2
DATE:	HOW	[0.23690773067331672, 0.201, 0.2805486284289277, 0.218]	[0.12344139650872818, 0.528, 0.1596009975062344, 0.541]	no-link	question-question	0.1571	0.1135	0.0773	-0.327	-0.323	-0.31	2
DATE:	OTHER	[0.23690773067331672, 0.201, 0.2805486284289277, 0.218]	[0.1259351620947631, 0.596, 0.17830423940149626, 0.611]	no-link	question-question	0.1546	0.111	0.0586	-0.395	-0.393	-0.378	2
DATE:	SEPT.	[0.23690773067331672, 0.201, 0.2805486284289277, 0.218]	[0.33665835411471323, 0.204, 0.3877805486284289, 0.218]	question-answer	question-answer	0.1509	0.003	0.0998	0.0	0.0561	0.017	2
27,	1991	[0.39900249376558605, 0.203, 0.43017456359102246, 0.217]	[0.442643391521197, 0.203, 0.486284289276808, 0.218]	word-word	answer-answer	0.0873	0.0	0.0436	0.001	0.0125	0.015	2
27,	BROWN	[0.39900249376558605, 0.203, 0.43017456359102246, 0.217]	[0.34663341645885287, 0.268, 0.4002493765586035, 0.283]	no-link	answer-answer	0.0835	0.0524	-0.0012	-0.065	-0.066	-0.051	2
27,	&	[0.39900249376558605, 0.203, 0.43017456359102246, 0.217]	[0.4089775561097257, 0.27, 0.4226932668329177, 0.28]	no-link	answer-answer	0.0212	-0.01	-0.0237	-0.067	-0.063	-0.053	2
27,	MANUFACTURER:	[0.39900249376558605, 0.203, 0.43017456359102246, 0.217]	[0.12718204488778054, 0.271, 0.2543640897755611, 0.286]	no-link	answer-question	0.303	0.2718	0.1446	-0.068	-0.069	-0.054	2
27,	BRAND	[0.39900249376558605, 0.203, 0.43017456359102246, 0.217]	[0.1259351620947631, 0.339, 0.17830423940149626, 0.353]	no-link	answer-question	0.3042	0.2731	0.2207	-0.136	-0.136	-0.122	2
27,	KOOL	[0.39900249376558605, 0.203, 0.43017456359102246, 0.217]	[0.36783042394014964, 0.339, 0.4114713216957606, 0.352]	no-link	answer-answer	0.0623	0.0312	-0.0125	-0.136	-0.135	-0.122	2
27,	(S)	[0.39900249376558605, 0.203, 0.43017456359102246, 0.217]	[0.1770573566084788, 0.341, 0.19825436408977556, 0.355]	no-link	answer-question	0.2531	0.2219	0.2007	-0.138	-0.138	-0.124	2
27,	SEE	[0.39900249376558605, 0.203, 0.43017456359102246, 0.217]	[0.34663341645885287, 0.402, 0.3802992518703242, 0.417]	no-link	answer-answer	0.0835	0.0524	0.0187	-0.199	-0.2	-0.185	2
27,	OF	[0.39900249376558605, 0.203, 0.43017456359102246, 0.217]	[0.16708229426433915, 0.406, 0.1882793017456359, 0.42]	no-link	answer-question	0.2631	0.2319	0.2107	-0.203	-0.203	-0.189	2
27,	TYPE	[0.39900249376558605, 0.203, 0.43017456359102246, 0.217]	[0.1259351620947631, 0.408, 0.16458852867830423, 0.423]	no-link	answer-question	0.3042	0.2731	0.2344	-0.205	-0.206	-0.191	2
27,	HOW	[0.39900249376558605, 0.203, 0.43017456359102246, 0.217]	[0.12344139650872818, 0.528, 0.1596009975062344, 0.541]	no-link	answer-question	0.3067	0.2756	0.2394	-0.325	-0.324	-0.311	2
27,	OTHER	[0.39900249376558605, 0.203, 0.43017456359102246, 0.217]	[0.1259351620947631, 0.596, 0.17830423940149626, 0.611]	no-link	answer-question	0.3042	0.2731	0.2207	-0.393	-0.394	-0.379	2
SEPT.	27,	[0.33665835411471323, 0.204, 0.3877805486284289, 0.218]	[0.39900249376558605, 0.203, 0.43017456359102246, 0.217]	word-word	answer-answer	0.0935	-0.001	0.0623	-0.001	0.0112	0.013	2
SEPT.	&	[0.33665835411471323, 0.204, 0.3877805486284289, 0.218]	[0.4089775561097257, 0.27, 0.4226932668329177, 0.28]	no-link	answer-answer	-0.0212	-0.0723	-0.086	-0.066	-0.062	-0.052	2
SEPT.	MANUFACTURER:	[0.33665835411471323, 0.204, 0.3877805486284289, 0.218]	[0.12718204488778054, 0.271, 0.2543640897755611, 0.286]	no-link	answer-question	0.2606	0.2095	0.0823	-0.067	-0.068	-0.053	2
SEPT.	BRAND	[0.33665835411471323, 0.204, 0.3877805486284289, 0.218]	[0.1259351620947631, 0.339, 0.17830423940149626, 0.353]	no-link	answer-question	0.2618	0.2107	0.1584	-0.135	-0.135	-0.121	2
SEPT.	KOOL	[0.33665835411471323, 0.204, 0.3877805486284289, 0.218]	[0.36783042394014964, 0.339, 0.4114713216957606, 0.352]	no-link	answer-answer	0.02	-0.0312	-0.0748	-0.135	-0.134	-0.121	2
SEPT.	(S)	[0.33665835411471323, 0.204, 0.3877805486284289, 0.218]	[0.1770573566084788, 0.341, 0.19825436408977556, 0.355]	no-link	answer-question	0.2107	0.1596	0.1384	-0.137	-0.137	-0.123	2
SEPT.	SEE	[0.33665835411471323, 0.204, 0.3877805486284289, 0.218]	[0.34663341645885287, 0.402, 0.3802992518703242, 0.417]	no-link	answer-answer	0.0411	-0.01	-0.0436	-0.198	-0.199	-0.184	2
SEPT.	OF	[0.33665835411471323, 0.204, 0.3877805486284289, 0.218]	[0.16708229426433915, 0.406, 0.1882793017456359, 0.42]	no-link	answer-question	0.2207	0.1696	0.1484	-0.202	-0.202	-0.188	2
SEPT.	TYPE	[0.33665835411471323, 0.204, 0.3877805486284289, 0.218]	[0.1259351620947631, 0.408, 0.16458852867830423, 0.423]	no-link	answer-question	0.2618	0.2107	0.1721	-0.204	-0.205	-0.19	2
SEPT.	HOW	[0.33665835411471323, 0.204, 0.3877805486284289, 0.218]	[0.12344139650872818, 0.528, 0.1596009975062344, 0.541]	no-link	answer-question	0.2643	0.2132	0.1771	-0.324	-0.323	-0.31	2
SEPT.	OTHER	[0.33665835411471323, 0.204, 0.3877805486284289, 0.218]	[0.1259351620947631, 0.596, 0.17830423940149626, 0.611]	no-link	answer-question	0.2618	0.2107	0.1584	-0.392	-0.393	-0.378	2
BROWN	&	[0.34663341645885287, 0.268, 0.4002493765586035, 0.283]	[0.4089775561097257, 0.27, 0.4226932668329177, 0.28]	word-word	answer-answer	0.0761	0.002	0.0623	-0.003	0.0087	0.012	3
BROWN	MANUFACTURER:	[0.34663341645885287, 0.268, 0.4002493765586035, 0.283]	[0.12718204488778054, 0.271, 0.2543640897755611, 0.286]	no-link	answer-question	0.2731	0.2195	0.0923	-0.003	-0.003	0.012	3
BROWN	BRAND	[0.34663341645885287, 0.268, 0.4002493765586035, 0.283]	[0.1259351620947631, 0.339, 0.17830423940149626, 0.353]	no-link	answer-question	0.2743	0.2207	0.1683	-0.071	-0.07	-0.056	3
BROWN	KOOL	[0.34663341645885287, 0.268, 0.4002493765586035, 0.283]	[0.36783042394014964, 0.339, 0.4114713216957606, 0.352]	no-link	answer-answer	0.0324	-0.0212	-0.0648	-0.071	-0.069	-0.056	3
BROWN	(S)	[0.34663341645885287, 0.268, 0.4002493765586035, 0.283]	[0.1770573566084788, 0.341, 0.19825436408977556, 0.355]	no-link	answer-question	0.2232	0.1696	0.1484	-0.073	-0.072	-0.058	3
BROWN	SEE	[0.34663341645885287, 0.268, 0.4002493765586035, 0.283]	[0.34663341645885287, 0.402, 0.3802992518703242, 0.417]	no-link	answer-answer	0.0536	0.0	-0.0337	-0.134	-0.134	-0.119	3
BROWN	OF	[0.34663341645885287, 0.268, 0.4002493765586035, 0.283]	[0.16708229426433915, 0.406, 0.1882793017456359, 0.42]	no-link	answer-question	0.2332	0.1796	0.1584	-0.138	-0.137	-0.123	3
BROWN	TYPE	[0.34663341645885287, 0.268, 0.4002493765586035, 0.283]	[0.1259351620947631, 0.408, 0.16458852867830423, 0.423]	no-link	answer-question	0.2743	0.2207	0.182	-0.14	-0.14	-0.125	3
BROWN	HOW	[0.34663341645885287, 0.268, 0.4002493765586035, 0.283]	[0.12344139650872818, 0.528, 0.1596009975062344, 0.541]	no-link	answer-question	0.2768	0.2232	0.187	-0.26	-0.258	-0.245	3
BROWN	OTHER	[0.34663341645885287, 0.268, 0.4002493765586035, 0.283]	[0.1259351620947631, 0.596, 0.17830423940149626, 0.611]	no-link	answer-question	0.2743	0.2207	0.1683	-0.328	-0.328	-0.313	3
&	WILLIAMSON	[0.4089775561097257, 0.27, 0.4226932668329177, 0.28]	[0.43017456359102246, 0.268, 0.5411471321695761, 0.281]	word-word	answer-answer	0.1322	-0.002	0.0212	0.001	0.0075	0.011	3
&	MANUFACTURER:	[0.4089775561097257, 0.27, 0.4226932668329177, 0.28]	[0.12718204488778054, 0.271, 0.2543640897755611, 0.286]	no-link	answer-answer	0.2955	0.2818	0.1546	-0.001	-0.006	0.009	3
&	BRAND	[0.4089775561097257, 0.27, 0.4226932668329177, 0.28]	[0.1259351620947631, 0.339, 0.17830423940149626, 0.353]	no-link	answer-question	0.2968	0.283	0.2307	-0.069	-0.073	-0.059	3
&	KOOL	[0.4089775561097257, 0.27, 0.4226932668329177, 0.28]	[0.36783042394014964, 0.339, 0.4114713216957606, 0.352]	no-link	answer-answer	0.0549	0.0411	-0.0025	-0.069	-0.072	-0.059	3
&	(S)	[0.4089775561097257, 0.27, 0.4226932668329177, 0.28]	[0.1770573566084788, 0.341, 0.19825436408977556, 0.355]	no-link	answer-question	0.2456	0.2319	0.2107	-0.071	-0.075	-0.061	3
&	SEE	[0.4089775561097257, 0.27, 0.4226932668329177, 0.28]	[0.34663341645885287, 0.402, 0.3802992518703242, 0.417]	no-link	answer-answer	0.0761	0.0623	0.0287	-0.132	-0.137	-0.122	3
&	OF	[0.4089775561097257, 0.27, 0.4226932668329177, 0.28]	[0.16708229426433915, 0.406, 0.1882793017456359, 0.42]	no-link	answer-question	0.2556	0.2419	0.2207	-0.136	-0.14	-0.126	3
&	TYPE	[0.4089775561097257, 0.27, 0.4226932668329177, 0.28]	[0.1259351620947631, 0.408, 0.16458852867830423, 0.423]	no-link	answer-question	0.2968	0.283	0.2444	-0.138	-0.143	-0.128	3
&	HOW	[0.4089775561097257, 0.27, 0.4226932668329177, 0.28]	[0.12344139650872818, 0.528, 0.1596009975062344, 0.541]	no-link	answer-question	0.2993	0.2855	0.2494	-0.258	-0.261	-0.248	3
&	OTHER	[0.4089775561097257, 0.27, 0.4226932668329177, 0.28]	[0.1259351620947631, 0.596, 0.17830423940149626, 0.611]	no-link	answer-question	0.2968	0.283	0.2307	-0.326	-0.331	-0.316	3
MANUFACTURER:	BRAND	[0.12718204488778054, 0.271, 0.2543640897755611, 0.286]	[0.1259351620947631, 0.339, 0.17830423940149626, 0.353]	line-line	question-question	0.0511	0.068	-0.0012	0.067	-0.1284	0.082	3
MANUFACTURER:	KOOL	[0.12718204488778054, 0.271, 0.2543640897755611, 0.286]	[0.36783042394014964, 0.339, 0.4114713216957606, 0.352]	no-link	question-answer	-0.1135	-0.2406	-0.2843	-0.068	-0.066	-0.053	3
MANUFACTURER:	(S)	[0.12718204488778054, 0.271, 0.2543640897755611, 0.286]	[0.1770573566084788, 0.341, 0.19825436408977556, 0.355]	no-link	question-question	0.0773	-0.0499	-0.0711	-0.07	-0.069	-0.055	3
MANUFACTURER:	SEE	[0.12718204488778054, 0.271, 0.2543640897755611, 0.286]	[0.34663341645885287, 0.402, 0.3802992518703242, 0.417]	no-link	question-answer	-0.0923	-0.2195	-0.2531	-0.131	-0.131	-0.116	3
MANUFACTURER:	OF	[0.12718204488778054, 0.271, 0.2543640897755611, 0.286]	[0.16708229426433915, 0.406, 0.1882793017456359, 0.42]	no-link	question-question	0.0873	-0.0399	-0.0611	-0.135	-0.134	-0.12	3
MANUFACTURER:	TYPE	[0.12718204488778054, 0.271, 0.2543640897755611, 0.286]	[0.1259351620947631, 0.408, 0.16458852867830423, 0.423]	no-link	question-question	0.1284	0.0012	-0.0374	-0.137	-0.137	-0.122	3
MANUFACTURER:	HOW	[0.12718204488778054, 0.271, 0.2543640897755611, 0.286]	[0.12344139650872818, 0.528, 0.1596009975062344, 0.541]	no-link	question-question	0.1309	0.0037	-0.0324	-0.257	-0.255	-0.242	3
MANUFACTURER:	OTHER	[0.12718204488778054, 0.271, 0.2543640897755611, 0.286]	[0.1259351620947631, 0.596, 0.17830423940149626, 0.611]	no-link	question-question	0.1284	0.0012	-0.0511	-0.325	-0.325	-0.31	3
MANUFACTURER:	BROWN	[0.12718204488778054, 0.271, 0.2543640897755611, 0.286]	[0.34663341645885287, 0.268, 0.4002493765586035, 0.283]	question-answer	question-answer	0.2731	-0.003	0.2195	-0.003	0.0923	0.012	3
BRAND	TYPE	[0.1259351620947631, 0.339, 0.17830423940149626, 0.353]	[0.1259351620947631, 0.408, 0.16458852867830423, 0.423]	line-line	question-question	0.0387	0.069	0.0	0.07	-0.0524	0.084	4
BRAND	KOOL	[0.1259351620947631, 0.339, 0.17830423940149626, 0.353]	[0.36783042394014964, 0.339, 0.4114713216957606, 0.352]	no-link	question-answer	-0.1895	-0.2419	-0.2855	0.0	0.001	0.014	4
BRAND	(S)	[0.1259351620947631, 0.339, 0.17830423940149626, 0.353]	[0.1770573566084788, 0.341, 0.19825436408977556, 0.355]	no-link	question-question	0.0012	-0.0511	-0.0723	-0.002	-0.002	0.012	4
BRAND	SEE	[0.1259351620947631, 0.339, 0.17830423940149626, 0.353]	[0.34663341645885287, 0.402, 0.3802992518703242, 0.417]	no-link	question-answer	-0.1683	-0.2207	-0.2544	-0.063	-0.064	-0.049	4
BRAND	OF	[0.1259351620947631, 0.339, 0.17830423940149626, 0.353]	[0.16708229426433915, 0.406, 0.1882793017456359, 0.42]	no-link	question-question	0.0112	-0.0411	-0.0623	-0.067	-0.067	-0.053	4
BRAND	HOW	[0.1259351620947631, 0.339, 0.17830423940149626, 0.353]	[0.12344139650872818, 0.528, 0.1596009975062344, 0.541]	no-link	question-question	0.0549	0.0025	-0.0337	-0.189	-0.188	-0.175	4
BRAND	OTHER	[0.1259351620947631, 0.339, 0.17830423940149626, 0.353]	[0.1259351620947631, 0.596, 0.17830423940149626, 0.611]	no-link	question-question	0.0524	0.0	-0.0524	-0.257	-0.258	-0.243	4
BRAND	(S)	[0.1259351620947631, 0.339, 0.17830423940149626, 0.353]	[0.1770573566084788, 0.341, 0.19825436408977556, 0.355]	word-word	question-question	0.0723	0.002	0.0511	0.002	-0.0012	0.016	4
BRAND	KOOL	[0.1259351620947631, 0.339, 0.17830423940149626, 0.353]	[0.36783042394014964, 0.339, 0.4114713216957606, 0.352]	question-answer	question-answer	0.2855	0.0	0.2419	-0.001	0.1895	0.013	4
KOOL	CIGARETTES	[0.36783042394014964, 0.339, 0.4114713216957606, 0.352]	[0.42144638403990026, 0.338, 0.527431421446384, 0.355]	word-word	answer-answer	0.1596	-0.001	0.0536	0.003	0.01	0.016	4
KOOL	SEE	[0.36783042394014964, 0.339, 0.4114713216957606, 0.352]	[0.34663341645885287, 0.402, 0.3802992518703242, 0.417]	no-link	answer-answer	0.0648	0.0212	-0.0125	-0.063	-0.065	-0.05	4
KOOL	OF	[0.36783042394014964, 0.339, 0.4114713216957606, 0.352]	[0.16708229426433915, 0.406, 0.1882793017456359, 0.42]	no-link	answer-question	0.2444	0.2007	0.1796	-0.067	-0.068	-0.054	4
KOOL	TYPE	[0.36783042394014964, 0.339, 0.4114713216957606, 0.352]	[0.1259351620947631, 0.408, 0.16458852867830423, 0.423]	no-link	answer-question	0.2855	0.2419	0.2032	-0.069	-0.071	-0.056	4
KOOL	HOW	[0.36783042394014964, 0.339, 0.4114713216957606, 0.352]	[0.12344139650872818, 0.528, 0.1596009975062344, 0.541]	no-link	answer-question	0.288	0.2444	0.2082	-0.189	-0.189	-0.176	4
KOOL	OTHER	[0.36783042394014964, 0.339, 0.4114713216957606, 0.352]	[0.1259351620947631, 0.596, 0.17830423940149626, 0.611]	no-link	answer-question	0.2855	0.2419	0.1895	-0.257	-0.259	-0.244	4
(S)	PROMOTED:	[0.1770573566084788, 0.341, 0.19825436408977556, 0.355]	[0.20199501246882792, 0.341, 0.29052369077306733, 0.354]	word-word	question-question	0.1135	0.0	0.0249	-0.001	0.0037	0.013	4
(S)	OF	[0.1770573566084788, 0.341, 0.19825436408977556, 0.355]	[0.16708229426433915, 0.406, 0.1882793017456359, 0.42]	no-link	question-question	0.0312	0.01	-0.0112	-0.065	-0.065	-0.051	4
(S)	TYPE	[0.1770573566084788, 0.341, 0.19825436408977556, 0.355]	[0.1259351620947631, 0.408, 0.16458852867830423, 0.423]	no-link	question-question	0.0723	0.0511	0.0125	-0.067	-0.068	-0.053	4
(S)	HOW	[0.1770573566084788, 0.341, 0.19825436408977556, 0.355]	[0.12344139650872818, 0.528, 0.1596009975062344, 0.541]	no-link	question-question	0.0748	0.0536	0.0175	-0.187	-0.186	-0.173	4
(S)	OTHER	[0.1770573566084788, 0.341, 0.19825436408977556, 0.355]	[0.1259351620947631, 0.596, 0.17830423940149626, 0.611]	no-link	question-question	0.0723	0.0511	-0.0012	-0.255	-0.256	-0.241	4
SEE	ATTACHMENTS	[0.34663341645885287, 0.402, 0.3802992518703242, 0.417]	[0.3877805486284289, 0.405, 0.5062344139650873, 0.419]	word-word	answer-answer	0.1596	0.003	0.0411	0.002	0.0075	0.017	5
SEE	TYPE	[0.34663341645885287, 0.402, 0.3802992518703242, 0.417]	[0.1259351620947631, 0.408, 0.16458852867830423, 0.423]	no-link	answer-question	0.2544	0.2207	0.182	-0.006	-0.006	0.009	5
SEE	HOW	[0.34663341645885287, 0.402, 0.3802992518703242, 0.417]	[0.12344139650872818, 0.528, 0.1596009975062344, 0.541]	no-link	answer-question	0.2569	0.2232	0.187	-0.126	-0.124	-0.111	5
SEE	OTHER	[0.34663341645885287, 0.402, 0.3802992518703242, 0.417]	[0.1259351620947631, 0.596, 0.17830423940149626, 0.611]	no-link	answer-question	0.2544	0.2207	0.1683	-0.194	-0.194	-0.179	5
OF	PROMOTION:	[0.16708229426433915, 0.406, 0.1882793017456359, 0.42]	[0.19201995012468828, 0.408, 0.2880299251870324, 0.422]	word-word	question-question	0.1209	0.002	0.0249	0.002	0.0037	0.016	5
OF	TYPE	[0.16708229426433915, 0.406, 0.1882793017456359, 0.42]	[0.1259351620947631, 0.408, 0.16458852867830423, 0.423]	no-link	question-question	0.0623	0.0411	0.0025	-0.002	-0.003	0.012	5
OF	HOW	[0.16708229426433915, 0.406, 0.1882793017456359, 0.42]	[0.12344139650872818, 0.528, 0.1596009975062344, 0.541]	no-link	question-question	0.0648	0.0436	0.0075	-0.122	-0.121	-0.108	5
OF	OTHER	[0.16708229426433915, 0.406, 0.1882793017456359, 0.42]	[0.1259351620947631, 0.596, 0.17830423940149626, 0.611]	no-link	question-question	0.0623	0.0411	-0.0112	-0.19	-0.191	-0.176	5
TYPE	HOW	[0.1259351620947631, 0.408, 0.16458852867830423, 0.423]	[0.12344139650872818, 0.528, 0.1596009975062344, 0.541]	line-line	question-question	0.0337	0.12	-0.0025	0.118	-0.0411	0.133	5
TYPE	OTHER	[0.1259351620947631, 0.408, 0.16458852867830423, 0.423]	[0.1259351620947631, 0.596, 0.17830423940149626, 0.611]	no-link	question-question	0.0387	0.0	-0.0524	-0.188	-0.188	-0.173	5
TYPE	OF	[0.1259351620947631, 0.408, 0.16458852867830423, 0.423]	[0.16708229426433915, 0.406, 0.1882793017456359, 0.42]	word-word	question-question	0.0623	-0.002	0.0411	-0.003	0.0025	0.012	5
TYPE	SEE	[0.1259351620947631, 0.408, 0.16458852867830423, 0.423]	[0.34663341645885287, 0.402, 0.3802992518703242, 0.417]	question-answer	question-answer	0.2544	-0.006	0.2207	-0.006	0.182	0.009	5
HOW	OTHER	[0.12344139650872818, 0.528, 0.1596009975062344, 0.541]	[0.1259351620947631, 0.596, 0.17830423940149626, 0.611]	line-line	question-question	0.0549	0.068	0.0025	0.07	-0.0337	0.083	6
HOW	WIDESPREAD?	[0.12344139650872818, 0.528, 0.1596009975062344, 0.541]	[0.1633416458852868, 0.528, 0.2743142144638404, 0.541]	word-word	question-question	0.1509	0.0	0.0399	0.0	0.0037	0.013	6
OTHER	COMMENTS:	[0.1259351620947631, 0.596, 0.17830423940149626, 0.611]	[0.17955112219451372, 0.595, 0.27556109725685785, 0.61]	word-word	question-question	0.1496	-0.001	0.0536	-0.001	0.0012	0.014	7
