ACTIVITIES	AND	[0.4002493765586035, 0.08, 0.4925187032418953, 0.098]	[0.4975062344139651, 0.081, 0.5324189526184538, 0.099]	word-word	header-header	0.1322	0.001	0.0973	0.001	0.005	0.019	0
ACTIVITIES	COMPETITIVE	[0.4002493765586035, 0.08, 0.4925187032418953, 0.098]	[0.2805486284289277, 0.081, 0.39526184538653364, 0.098]	no-link	header-question	0.212	0.1197	0.005	-0.001	0.0	0.017	0
ACTIVITIES	AND	[0.4002493765586035, 0.08, 0.4925187032418953, 0.098]	[0.4975062344139651, 0.081, 0.5324189526184538, 0.099]	word-word	header-header	0.1322	0.001	0.0973	0.001	0.005	0.019	1
ACTIVITIES	AND	[0.4002493765586035, 0.08, 0.4925187032418953, 0.098]	[0.4975062344139651, 0.081, 0.5324189526184538, 0.099]	word-word	header-header	0.1322	0.001	0.0973	0.001	0.005	0.019	2
ACTIVITIES	AND	[0.4002493765586035, 0.08, 0.4925187032418953, 0.098]	[0.4975062344139651, 0.081, 0.5324189526184538, 0.099]	word-word	header-header	0.1322	0.001	0.0973	0.001	0.005	0.019	3
ACTIVITIES	AND	[0.4002493765586035, 0.08, 0.4925187032418953, 0.098]	[0.4975062344139651, 0.081, 0.5324189526184538, 0.099]	word-word	header-header	0.1322	0.001	0.0973	0.001	0.005	0.019	4
ACTIVITIES	AND	[0.4002493765586035, 0.08, 0.4925187032418953, 0.098]	[0.4975062344139651, 0.081, 0.5324189526184538, 0.099]	word-word	header-header	0.1322	0.001	0.0973	0.001	0.005	0.019	5
ACTIVITIES	AND	[0.4002493765586035, 0.08, 0.4925187032418953, 0.098]	[0.4975062344139651, 0.081, 0.5324189526184538, 0.099]	word-word	header-header	0.1322	0.001	0.0973	0.001	0.005	0.019	6
ACTIVITIES	AND	[0.4002493765586035, 0.08, 0.4925187032418953, 0.098]	[0.4975062344139651, 0.081, 0.5324189526184538, 0.099]	word-word	header-header	0.1322	0.001	0.0973	0.001	0.005	0.019	7
ACTIVITIES	AND	[0.4002493765586035, 0.08, 0.4925187032418953, 0.098]	[0.4975062344139651, 0.081, 0.5324189526184538, 0.099]	word-word	header-header	0.1322	0.001	0.0973	0.001	0.005	0.019	8
COMPETITIVE	REPORTED	[0.2805486284289277, 0.081, 0.39526184538653364, 0.098]	[0.08354114713216958, 0.141, 0.1596009975062344, 0.156]	line-line	header-question	-0.1209	0.06	-0.197	0.058	-0.3117	0.075	0
COMPETITIVE	AND	[0.2805486284289277, 0.081, 0.39526184538653364, 0.098]	[0.4975062344139651, 0.081, 0.5324189526184538, 0.099]	no-link	header-header	-0.1022	-0.217	-0.2519	0.0	-0.001	0.017	0
COMPETITIVE	ACTIVITIES	[0.2805486284289277, 0.081, 0.39526184538653364, 0.098]	[0.4002493765586035, 0.08, 0.4925187032418953, 0.098]	word-word	header-header	0.212	-0.001	0.1197	0.0	0.005	0.017	0
AND	PROMOTIONS	[0.4975062344139651, 0.081, 0.5324189526184538, 0.099]	[0.5399002493765586, 0.078, 0.6571072319201995, 0.096]	word-word	header-header	0.1596	-0.003	0.0424	-0.003	0.0075	0.015	0
AND	COMPETITIVE	[0.4975062344139651, 0.081, 0.5324189526184538, 0.099]	[0.2805486284289277, 0.081, 0.39526184538653364, 0.098]	no-link	header-question	0.2519	0.217	0.1022	0.0	0.001	0.018	0
COMPETITIVE	REPORTED	[0.2805486284289277, 0.081, 0.39526184538653364, 0.098]	[0.08354114713216958, 0.141, 0.1596009975062344, 0.156]	header-question	header-question	-0.1209	0.06	-0.197	0.058	-0.3117	0.075	0
COMPETITIVE	DATE:	[0.2805486284289277, 0.081, 0.39526184538653364, 0.098]	[0.18952618453865336, 0.193, 0.23690773067331672, 0.21]	header-question	header-question	-0.0436	0.112	-0.091	0.112	-0.2057	0.129	0
COMPETITIVE	SOURCE	[0.2805486284289277, 0.081, 0.39526184538653364, 0.098]	[0.08728179551122195, 0.244, 0.14588528678304238, 0.261]	header-question	header-question	-0.1347	0.163	-0.1933	0.163	-0.308	0.18	0
COMPETITIVE	MANUFACTURER:	[0.2805486284289277, 0.081, 0.39526184538653364, 0.098]	[0.08478802992518704, 0.313, 0.21072319201995013, 0.327]	header-question	header-question	-0.0698	0.232	-0.1958	0.229	-0.3105	0.246	0
COMPETITIVE	BRAND	[0.2805486284289277, 0.081, 0.39526184538653364, 0.098]	[0.08728179551122195, 0.366, 0.13466334164588528, 0.377]	header-question	header-question	-0.1459	0.285	-0.1933	0.279	-0.308	0.296	0
COMPETITIVE	MANAGER,	[0.2805486284289277, 0.081, 0.39526184538653364, 0.098]	[0.4975062344139651, 0.138, 0.5810473815461347, 0.153]	no-link	header-answer	-0.1022	-0.217	-0.3005	-0.057	-0.055	-0.04	0
COMPETITIVE	TYPE	[0.2805486284289277, 0.081, 0.39526184538653364, 0.098]	[0.08354114713216958, 0.419, 0.11970074812967581, 0.432]	header-question	header-question	-0.1608	0.338	-0.197	0.334	-0.3117	0.351	0
COMPETITIVE	LOUISVILLE,	[0.2805486284289277, 0.081, 0.39526184538653364, 0.098]	[0.5935162094763092, 0.138, 0.7069825436408977, 0.153]	no-link	header-answer	-0.1983	-0.313	-0.4264	-0.057	-0.055	-0.04	0
COMPETITIVE	HOW	[0.2805486284289277, 0.081, 0.39526184538653364, 0.098]	[0.08728179551122195, 0.55, 0.12344139650872818, 0.565]	header-question	header-question	-0.1571	0.469	-0.1933	0.467	-0.308	0.484	0
COMPETITIVE	DIVISION	[0.2805486284289277, 0.081, 0.39526184538653364, 0.098]	[0.4027431421446384, 0.14, 0.49002493765586036, 0.155]	no-link	header-answer	-0.0075	-0.1222	-0.2095	-0.059	-0.057	-0.042	0
COMPETITIVE	OTHER	[0.2805486284289277, 0.081, 0.39526184538653364, 0.098]	[0.0885286783042394, 0.603, 0.1371571072319202, 0.617]	header-question	header-question	-0.1434	0.522	-0.192	0.519	-0.3067	0.536	0
COMPETITIVE	CC:	[0.2805486284289277, 0.081, 0.39526184538653364, 0.098]	[0.08728179551122195, 0.785, 0.12094763092269327, 0.8]	header-question	header-question	-0.1596	0.704	-0.1933	0.702	-0.308	0.719	0
COMPETITIVE	ACTIVITIES	[0.2805486284289277, 0.081, 0.39526184538653364, 0.098]	[0.4002493765586035, 0.08, 0.4925187032418953, 0.098]	word-word	header-header	0.212	-0.001	0.1197	0.0	0.005	0.017	1
AND	PROMOTIONS	[0.4975062344139651, 0.081, 0.5324189526184538, 0.099]	[0.5399002493765586, 0.078, 0.6571072319201995, 0.096]	word-word	header-header	0.1596	-0.003	0.0424	-0.003	0.0075	0.015	1
AND	MANAGER,	[0.4975062344139651, 0.081, 0.5324189526184538, 0.099]	[0.4975062344139651, 0.138, 0.5810473815461347, 0.153]	no-link	header-answer	0.0349	0.0	-0.0835	-0.057	-0.054	-0.039	1
AND	LOUISVILLE,	[0.4975062344139651, 0.081, 0.5324189526184538, 0.099]	[0.5935162094763092, 0.138, 0.7069825436408977, 0.153]	no-link	header-answer	-0.0611	-0.096	-0.2095	-0.057	-0.054	-0.039	1
AND	DIVISION	[0.4975062344139651, 0.081, 0.5324189526184538, 0.099]	[0.4027431421446384, 0.14, 0.49002493765586036, 0.155]	no-link	header-answer	0.1297	0.0948	0.0075	-0.059	-0.056	-0.041	1
AND	REPORTED	[0.4975062344139651, 0.081, 0.5324189526184538, 0.099]	[0.08354114713216958, 0.141, 0.1596009975062344, 0.156]	no-link	header-question	0.4489	0.414	0.3379	-0.06	-0.057	-0.042	1
COMPETITIVE	ACTIVITIES	[0.2805486284289277, 0.081, 0.39526184538653364, 0.098]	[0.4002493765586035, 0.08, 0.4925187032418953, 0.098]	word-word	header-header	0.212	-0.001	0.1197	0.0	0.005	0.017	2
COMPETITIVE	VAL	[0.2805486284289277, 0.081, 0.39526184538653364, 0.098]	[0.2630922693266833, 0.141, 0.29925187032418954, 0.155]	no-link	header-answer	0.1322	0.0175	-0.0187	-0.06	-0.057	-0.043	2
AND	PROMOTIONS	[0.4975062344139651, 0.081, 0.5324189526184538, 0.099]	[0.5399002493765586, 0.078, 0.6571072319201995, 0.096]	word-word	header-header	0.1596	-0.003	0.0424	-0.003	0.0075	0.015	2
AND	VAL	[0.4975062344139651, 0.081, 0.5324189526184538, 0.099]	[0.2630922693266833, 0.141, 0.29925187032418954, 0.155]	no-link	header-answer	0.2693	0.2344	0.1983	-0.06	-0.056	-0.042	2
AND	THURMAN,	[0.4975062344139651, 0.081, 0.5324189526184538, 0.099]	[0.30673316708229426, 0.141, 0.39027431421446385, 0.155]	no-link	header-answer	0.2257	0.1908	0.1072	-0.06	-0.056	-0.042	2
COMPETITIVE	ACTIVITIES	[0.2805486284289277, 0.081, 0.39526184538653364, 0.098]	[0.4002493765586035, 0.08, 0.4925187032418953, 0.098]	word-word	header-header	0.212	-0.001	0.1197	0.0	0.005	0.017	3
COMPETITIVE	THURMAN,	[0.2805486284289277, 0.081, 0.39526184538653364, 0.098]	[0.30673316708229426, 0.141, 0.39027431421446385, 0.155]	no-link	header-answer	0.0885	-0.0262	-0.1097	-0.06	-0.057	-0.043	3
AND	PROMOTIONS	[0.4975062344139651, 0.081, 0.5324189526184538, 0.099]	[0.5399002493765586, 0.078, 0.6571072319201995, 0.096]	word-word	header-header	0.1596	-0.003	0.0424	-0.003	0.0075	0.015	3
AND	4/	[0.4975062344139651, 0.081, 0.5324189526184538, 0.099]	[0.26059850374064836, 0.19, 0.286783042394015, 0.208]	no-link	header-answer	0.2718	0.2369	0.2107	-0.109	-0.109	-0.091	3
COMPETITIVE	ACTIVITIES	[0.2805486284289277, 0.081, 0.39526184538653364, 0.098]	[0.4002493765586035, 0.08, 0.4925187032418953, 0.098]	word-word	header-header	0.212	-0.001	0.1197	0.0	0.005	0.017	4
COMPETITIVE	4/	[0.2805486284289277, 0.081, 0.39526184538653364, 0.098]	[0.26059850374064836, 0.19, 0.286783042394015, 0.208]	no-link	header-answer	0.1347	0.02	-0.0062	-0.109	-0.11	-0.092	4
COMPETITIVE	26/	[0.2805486284289277, 0.081, 0.39526184538653364, 0.098]	[0.286783042394015, 0.191, 0.3179551122194514, 0.205]	no-link	header-answer	0.1085	-0.0062	-0.0374	-0.11	-0.107	-0.093	4
AND	PROMOTIONS	[0.4975062344139651, 0.081, 0.5324189526184538, 0.099]	[0.5399002493765586, 0.078, 0.6571072319201995, 0.096]	word-word	header-header	0.1596	-0.003	0.0424	-0.003	0.0075	0.015	4
AND	26/	[0.4975062344139651, 0.081, 0.5324189526184538, 0.099]	[0.286783042394015, 0.191, 0.3179551122194514, 0.205]	no-link	header-answer	0.2456	0.2107	0.1796	-0.11	-0.106	-0.092	4
AND	DATE:	[0.4975062344139651, 0.081, 0.5324189526184538, 0.099]	[0.18952618453865336, 0.193, 0.23690773067331672, 0.21]	no-link	header-question	0.3429	0.308	0.2606	-0.112	-0.111	-0.094	4
COMPETITIVE	ACTIVITIES	[0.2805486284289277, 0.081, 0.39526184538653364, 0.098]	[0.4002493765586035, 0.08, 0.4925187032418953, 0.098]	word-word	header-header	0.212	-0.001	0.1197	0.0	0.005	0.017	5
AND	PROMOTIONS	[0.4975062344139651, 0.081, 0.5324189526184538, 0.099]	[0.5399002493765586, 0.078, 0.6571072319201995, 0.096]	word-word	header-header	0.1596	-0.003	0.0424	-0.003	0.0075	0.015	5
COMPETITIVE	ACTIVITIES	[0.2805486284289277, 0.081, 0.39526184538653364, 0.098]	[0.4002493765586035, 0.08, 0.4925187032418953, 0.098]	word-word	header-header	0.212	-0.001	0.1197	0.0	0.005	0.017	6
AND	PROMOTIONS	[0.4975062344139651, 0.081, 0.5324189526184538, 0.099]	[0.5399002493765586, 0.078, 0.6571072319201995, 0.096]	word-word	header-header	0.1596	-0.003	0.0424	-0.003	0.0075	0.015	6
AND	SOURCE	[0.4975062344139651, 0.081, 0.5324189526184538, 0.099]	[0.08728179551122195, 0.244, 0.14588528678304238, 0.261]	no-link	header-question	0.4451	0.4102	0.3516	-0.163	-0.162	-0.145	6
COMPETITIVE	ACTIVITIES	[0.2805486284289277, 0.081, 0.39526184538653364, 0.098]	[0.4002493765586035, 0.08, 0.4925187032418953, 0.098]	word-word	header-header	0.212	-0.001	0.1197	0.0	0.005	0.017	7
AND	PROMOTIONS	[0.4975062344139651, 0.081, 0.5324189526184538, 0.099]	[0.5399002493765586, 0.078, 0.6571072319201995, 0.096]	word-word	header-header	0.1596	-0.003	0.0424	-0.003	0.0075	0.015	7
COMPETITIVE	ACTIVITIES	[0.2805486284289277, 0.081, 0.39526184538653364, 0.098]	[0.4002493765586035, 0.08, 0.4925187032418953, 0.098]	word-word	header-header	0.212	-0.001	0.1197	0.0	0.005	0.017	8
AND	PROMOTIONS	[0.4975062344139651, 0.081, 0.5324189526184538, 0.099]	[0.5399002493765586, 0.078, 0.6571072319201995, 0.096]	word-word	header-header	0.1596	-0.003	0.0424	-0.003	0.0075	0.015	8
AND	OF	[0.4975062344139651, 0.081, 0.5324189526184538, 0.099]	[0.15211970074812967, 0.247, 0.1708229426433915, 0.26]	no-link	header-question	0.3803	0.3454	0.3267	-0.166	-0.161	-0.148	8
MANAGER,	LOUISVILLE,	[0.4975062344139651, 0.138, 0.5810473815461347, 0.153]	[0.5935162094763092, 0.138, 0.7069825436408977, 0.153]	word-word	answer-answer	0.2095	0.0	0.096	0.0	0.0125	0.015	1
MANAGER,	DIVISION	[0.4975062344139651, 0.138, 0.5810473815461347, 0.153]	[0.4027431421446384, 0.14, 0.49002493765586036, 0.155]	no-link	answer-answer	0.1783	0.0948	0.0075	-0.002	-0.002	0.013	1
MANAGER,	REPORTED	[0.4975062344139651, 0.138, 0.5810473815461347, 0.153]	[0.08354114713216958, 0.141, 0.1596009975062344, 0.156]	no-link	answer-question	0.4975	0.414	0.3379	-0.003	-0.003	0.012	1
MANAGER,	VAL	[0.4975062344139651, 0.138, 0.5810473815461347, 0.153]	[0.2630922693266833, 0.141, 0.29925187032418954, 0.155]	no-link	answer-answer	0.318	0.2344	0.1983	-0.003	-0.002	0.012	1
MANAGER,	THURMAN,	[0.4975062344139651, 0.138, 0.5810473815461347, 0.153]	[0.30673316708229426, 0.141, 0.39027431421446385, 0.155]	no-link	answer-answer	0.2743	0.1908	0.1072	-0.003	-0.002	0.012	1
MANAGER,	4/	[0.4975062344139651, 0.138, 0.5810473815461347, 0.153]	[0.26059850374064836, 0.19, 0.286783042394015, 0.208]	no-link	answer-answer	0.3204	0.2369	0.2107	-0.052	-0.055	-0.037	1
MANAGER,	26/	[0.4975062344139651, 0.138, 0.5810473815461347, 0.153]	[0.286783042394015, 0.191, 0.3179551122194514, 0.205]	no-link	answer-answer	0.2943	0.2107	0.1796	-0.053	-0.052	-0.038	1
MANAGER,	DATE:	[0.4975062344139651, 0.138, 0.5810473815461347, 0.153]	[0.18952618453865336, 0.193, 0.23690773067331672, 0.21]	no-link	answer-question	0.3915	0.308	0.2606	-0.055	-0.057	-0.04	1
MANAGER,	SOURCE	[0.4975062344139651, 0.138, 0.5810473815461347, 0.153]	[0.08728179551122195, 0.244, 0.14588528678304238, 0.261]	no-link	answer-question	0.4938	0.4102	0.3516	-0.106	-0.108	-0.091	1
MANAGER,	OF	[0.4975062344139651, 0.138, 0.5810473815461347, 0.153]	[0.15211970074812967, 0.247, 0.1708229426433915, 0.26]	no-link	answer-question	0.4289	0.3454	0.3267	-0.109	-0.107	-0.094	1
LOUISVILLE,	KY	[0.5935162094763092, 0.138, 0.7069825436408977, 0.153]	[0.7194513715710723, 0.138, 0.7418952618453866, 0.155]	word-word	answer-answer	0.1484	0.0	0.1259	0.002	0.0125	0.017	1
LOUISVILLE,	REPORTED	[0.5935162094763092, 0.138, 0.7069825436408977, 0.153]	[0.08354114713216958, 0.141, 0.1596009975062344, 0.156]	no-link	answer-question	0.6234	0.51	0.4339	-0.003	-0.003	0.012	1
LOUISVILLE,	VAL	[0.5935162094763092, 0.138, 0.7069825436408977, 0.153]	[0.2630922693266833, 0.141, 0.29925187032418954, 0.155]	no-link	answer-answer	0.4439	0.3304	0.2943	-0.003	-0.002	0.012	1
LOUISVILLE,	THURMAN,	[0.5935162094763092, 0.138, 0.7069825436408977, 0.153]	[0.30673316708229426, 0.141, 0.39027431421446385, 0.155]	no-link	answer-answer	0.4002	0.2868	0.2032	-0.003	-0.002	0.012	1
LOUISVILLE,	4/	[0.5935162094763092, 0.138, 0.7069825436408977, 0.153]	[0.26059850374064836, 0.19, 0.286783042394015, 0.208]	no-link	answer-answer	0.4464	0.3329	0.3067	-0.052	-0.055	-0.037	1
LOUISVILLE,	26/	[0.5935162094763092, 0.138, 0.7069825436408977, 0.153]	[0.286783042394015, 0.191, 0.3179551122194514, 0.205]	no-link	answer-answer	0.4202	0.3067	0.2756	-0.053	-0.052	-0.038	1
LOUISVILLE,	DATE:	[0.5935162094763092, 0.138, 0.7069825436408977, 0.153]	[0.18952618453865336, 0.193, 0.23690773067331672, 0.21]	no-link	answer-question	0.5175	0.404	0.3566	-0.055	-0.057	-0.04	1
LOUISVILLE,	SOURCE	[0.5935162094763092, 0.138, 0.7069825436408977, 0.153]	[0.08728179551122195, 0.244, 0.14588528678304238, 0.261]	no-link	answer-question	0.6197	0.5062	0.4476	-0.106	-0.108	-0.091	1
LOUISVILLE,	OF	[0.5935162094763092, 0.138, 0.7069825436408977, 0.153]	[0.15211970074812967, 0.247, 0.1708229426433915, 0.26]	no-link	answer-question	0.5549	0.4414	0.4227	-0.109	-0.107	-0.094	1
LOUISVILLE,	MARTS.	[0.5935162094763092, 0.138, 0.7069825436408977, 0.153]	[0.4376558603491272, 0.26, 0.5024937655860349, 0.273]	no-link	answer-answer	0.2693	0.1559	0.091	-0.122	-0.12	-0.107	1
DIVISION	MANAGER,	[0.4027431421446384, 0.14, 0.49002493765586036, 0.155]	[0.4975062344139651, 0.138, 0.5810473815461347, 0.153]	word-word	answer-answer	0.1783	-0.002	0.0948	-0.002	0.0075	0.013	1
DIVISION	REPORTED	[0.4027431421446384, 0.14, 0.49002493765586036, 0.155]	[0.08354114713216958, 0.141, 0.1596009975062344, 0.156]	no-link	answer-question	0.4065	0.3192	0.2431	-0.001	-0.001	0.014	1
DIVISION	VAL	[0.4027431421446384, 0.14, 0.49002493765586036, 0.155]	[0.2630922693266833, 0.141, 0.29925187032418954, 0.155]	no-link	answer-answer	0.2269	0.1397	0.1035	-0.001	0.0	0.014	1
DIVISION	THURMAN,	[0.4027431421446384, 0.14, 0.49002493765586036, 0.155]	[0.30673316708229426, 0.141, 0.39027431421446385, 0.155]	no-link	answer-answer	0.1833	0.096	0.0125	-0.001	0.0	0.014	1
DIVISION	4/	[0.4027431421446384, 0.14, 0.49002493765586036, 0.155]	[0.26059850374064836, 0.19, 0.286783042394015, 0.208]	no-link	answer-answer	0.2294	0.1421	0.116	-0.05	-0.053	-0.035	1
DIVISION	26/	[0.4027431421446384, 0.14, 0.49002493765586036, 0.155]	[0.286783042394015, 0.191, 0.3179551122194514, 0.205]	no-link	answer-answer	0.2032	0.116	0.0848	-0.051	-0.05	-0.036	1
DIVISION	DATE:	[0.4027431421446384, 0.14, 0.49002493765586036, 0.155]	[0.18952618453865336, 0.193, 0.23690773067331672, 0.21]	no-link	answer-question	0.3005	0.2132	0.1658	-0.053	-0.055	-0.038	1
DIVISION	SOURCE	[0.4027431421446384, 0.14, 0.49002493765586036, 0.155]	[0.08728179551122195, 0.244, 0.14588528678304238, 0.261]	no-link	answer-question	0.4027	0.3155	0.2569	-0.104	-0.106	-0.089	1
DIVISION	OF	[0.4027431421446384, 0.14, 0.49002493765586036, 0.155]	[0.15211970074812967, 0.247, 0.1708229426433915, 0.26]	no-link	answer-question	0.3379	0.2506	0.2319	-0.107	-0.105	-0.092	1
DIVISION	MARTS.	[0.4027431421446384, 0.14, 0.49002493765586036, 0.155]	[0.4376558603491272, 0.26, 0.5024937655860349, 0.273]	no-link	answer-answer	0.0524	-0.0349	-0.0998	-0.12	-0.118	-0.105	1
DIVISION	LOUISVILLE,	[0.4027431421446384, 0.14, 0.49002493765586036, 0.155]	[0.5099750623441397, 0.26, 0.6234413965087282, 0.274]	no-link	answer-answer	-0.02	-0.1072	-0.2207	-0.12	-0.119	-0.105	1
REPORTED	BY:	[0.08354114713216958, 0.141, 0.1596009975062344, 0.156]	[0.1658354114713217, 0.144, 0.19201995012468828, 0.154]	word-word	question-question	0.1085	0.003	0.0823	-0.002	0.0062	0.013	0
REPORTED	VAL	[0.08354114713216958, 0.141, 0.1596009975062344, 0.156]	[0.2630922693266833, 0.141, 0.29925187032418954, 0.155]	no-link	question-answer	-0.1035	-0.1796	-0.2157	0.0	0.001	0.015	0
REPORTED	THURMAN,	[0.08354114713216958, 0.141, 0.1596009975062344, 0.156]	[0.30673316708229426, 0.141, 0.39027431421446385, 0.155]	no-link	question-answer	-0.1471	-0.2232	-0.3067	0.0	0.001	0.015	0
REPORTED	4/	[0.08354114713216958, 0.141, 0.1596009975062344, 0.156]	[0.26059850374064836, 0.19, 0.286783042394015, 0.208]	no-link	question-answer	-0.101	-0.1771	-0.2032	-0.049	-0.052	-0.034	0
REPORTED	26/	[0.08354114713216958, 0.141, 0.1596009975062344, 0.156]	[0.286783042394015, 0.191, 0.3179551122194514, 0.205]	no-link	question-answer	-0.1272	-0.2032	-0.2344	-0.05	-0.049	-0.035	0
REPORTED	DATE:	[0.08354114713216958, 0.141, 0.1596009975062344, 0.156]	[0.18952618453865336, 0.193, 0.23690773067331672, 0.21]	no-link	question-question	-0.0299	-0.106	-0.1534	-0.052	-0.054	-0.037	0
REPORTED	SOURCE	[0.08354114713216958, 0.141, 0.1596009975062344, 0.156]	[0.08728179551122195, 0.244, 0.14588528678304238, 0.261]	no-link	question-question	0.0723	-0.0037	-0.0623	-0.103	-0.105	-0.088	0
REPORTED	OF	[0.08354114713216958, 0.141, 0.1596009975062344, 0.156]	[0.15211970074812967, 0.247, 0.1708229426433915, 0.26]	no-link	question-question	0.0075	-0.0686	-0.0873	-0.106	-0.104	-0.091	0
REPORTED	MARTS.	[0.08354114713216958, 0.141, 0.1596009975062344, 0.156]	[0.4376558603491272, 0.26, 0.5024937655860349, 0.273]	no-link	question-answer	-0.2781	-0.3541	-0.419	-0.119	-0.117	-0.104	0
REPORTED	LOUISVILLE,	[0.08354114713216958, 0.141, 0.1596009975062344, 0.156]	[0.5099750623441397, 0.26, 0.6234413965087282, 0.274]	no-link	question-answer	-0.3504	-0.4264	-0.5399	-0.119	-0.118	-0.104	0
REPORTED	SHORT	[0.08354114713216958, 0.141, 0.1596009975062344, 0.156]	[0.26807980049875313, 0.261, 0.3192019950124688, 0.275]	no-link	question-answer	-0.1085	-0.1845	-0.2357	-0.12	-0.119	-0.105	0
REPORTED	DATE:	[0.08354114713216958, 0.141, 0.1596009975062344, 0.156]	[0.18952618453865336, 0.193, 0.23690773067331672, 0.21]	line-line	question-question	0.1534	0.052	0.106	0.054	0.0299	0.069	1
REPORTED	STOP	[0.08354114713216958, 0.141, 0.1596009975062344, 0.156]	[0.32917705735660846, 0.261, 0.37281795511221943, 0.275]	no-link	question-answer	-0.1696	-0.2456	-0.2893	-0.12	-0.119	-0.105	1
REPORTED	BY:	[0.08354114713216958, 0.141, 0.1596009975062344, 0.156]	[0.1658354114713217, 0.144, 0.19201995012468828, 0.154]	word-word	question-question	0.1085	0.003	0.0823	-0.002	0.0062	0.013	1
REPORTED	FOOD	[0.08354114713216958, 0.141, 0.1596009975062344, 0.156]	[0.3827930174563591, 0.263, 0.42643391521197005, 0.277]	no-link	question-answer	-0.2232	-0.2993	-0.3429	-0.122	-0.121	-0.107	1
REPORTED	VAL	[0.08354114713216958, 0.141, 0.1596009975062344, 0.156]	[0.2630922693266833, 0.141, 0.29925187032418954, 0.155]	question-answer	question-answer	0.2157	0.0	0.1796	-0.001	0.1035	0.014	1
REPORTED	PHILIP	[0.08354114713216958, 0.141, 0.1596009975062344, 0.156]	[0.25561097256857856, 0.31, 0.3204488778054863, 0.327]	no-link	question-answer	-0.096	-0.1721	-0.2369	-0.169	-0.171	-0.154	1
VAL	THURMAN,	[0.2630922693266833, 0.141, 0.29925187032418954, 0.155]	[0.30673316708229426, 0.141, 0.39027431421446385, 0.155]	word-word	answer-answer	0.1272	0.0	0.0436	0.0	0.0075	0.014	1
VAL	REPORTED	[0.2630922693266833, 0.141, 0.29925187032418954, 0.155]	[0.08354114713216958, 0.141, 0.1596009975062344, 0.156]	no-link	answer-header	0.2157	0.1796	0.1035	0.0	-0.001	0.014	1
VAL	4/	[0.2630922693266833, 0.141, 0.29925187032418954, 0.155]	[0.26059850374064836, 0.19, 0.286783042394015, 0.208]	no-link	answer-answer	0.0387	0.0025	-0.0237	-0.049	-0.053	-0.035	1
VAL	26/	[0.2630922693266833, 0.141, 0.29925187032418954, 0.155]	[0.286783042394015, 0.191, 0.3179551122194514, 0.205]	no-link	answer-answer	0.0125	-0.0237	-0.0549	-0.05	-0.05	-0.036	1
VAL	DATE:	[0.2630922693266833, 0.141, 0.29925187032418954, 0.155]	[0.18952618453865336, 0.193, 0.23690773067331672, 0.21]	no-link	answer-question	0.1097	0.0736	0.0262	-0.052	-0.055	-0.038	1
VAL	SOURCE	[0.2630922693266833, 0.141, 0.29925187032418954, 0.155]	[0.08728179551122195, 0.244, 0.14588528678304238, 0.261]	no-link	answer-question	0.212	0.1758	0.1172	-0.103	-0.106	-0.089	1
VAL	OF	[0.2630922693266833, 0.141, 0.29925187032418954, 0.155]	[0.15211970074812967, 0.247, 0.1708229426433915, 0.26]	no-link	answer-question	0.1471	0.111	0.0923	-0.106	-0.105	-0.092	1
VAL	MARTS.	[0.2630922693266833, 0.141, 0.29925187032418954, 0.155]	[0.4376558603491272, 0.26, 0.5024937655860349, 0.273]	no-link	answer-answer	-0.1384	-0.1746	-0.2394	-0.119	-0.118	-0.105	1
VAL	LOUISVILLE,	[0.2630922693266833, 0.141, 0.29925187032418954, 0.155]	[0.5099750623441397, 0.26, 0.6234413965087282, 0.274]	no-link	answer-answer	-0.2107	-0.2469	-0.3603	-0.119	-0.119	-0.105	1
VAL	SHORT	[0.2630922693266833, 0.141, 0.29925187032418954, 0.155]	[0.26807980049875313, 0.261, 0.3192019950124688, 0.275]	no-link	answer-answer	0.0312	-0.005	-0.0561	-0.12	-0.12	-0.106	1
VAL	STOP	[0.2630922693266833, 0.141, 0.29925187032418954, 0.155]	[0.32917705735660846, 0.261, 0.37281795511221943, 0.275]	no-link	answer-answer	-0.0299	-0.0661	-0.1097	-0.12	-0.12	-0.106	1
VAL	FOOD	[0.2630922693266833, 0.141, 0.29925187032418954, 0.155]	[0.3827930174563591, 0.263, 0.42643391521197005, 0.277]	no-link	answer-answer	-0.0835	-0.1197	-0.1633	-0.122	-0.122	-0.108	1
VAL	PHILIP	[0.2630922693266833, 0.141, 0.29925187032418954, 0.155]	[0.25561097256857856, 0.31, 0.3204488778054863, 0.327]	no-link	answer-answer	0.0436	0.0075	-0.0574	-0.169	-0.172	-0.155	1
VAL	MANUFACTURER:	[0.2630922693266833, 0.141, 0.29925187032418954, 0.155]	[0.08478802992518704, 0.313, 0.21072319201995013, 0.327]	no-link	answer-question	0.2145	0.1783	0.0524	-0.172	-0.172	-0.158	1
THURMAN,	DIVISION	[0.30673316708229426, 0.141, 0.39027431421446385, 0.155]	[0.4027431421446384, 0.14, 0.49002493765586036, 0.155]	word-word	answer-answer	0.1833	-0.001	0.096	0.0	0.0125	0.014	1
THURMAN,	4/	[0.30673316708229426, 0.141, 0.39027431421446385, 0.155]	[0.26059850374064836, 0.19, 0.286783042394015, 0.208]	no-link	answer-answer	0.1297	0.0461	0.02	-0.049	-0.053	-0.035	1
THURMAN,	26/	[0.30673316708229426, 0.141, 0.39027431421446385, 0.155]	[0.286783042394015, 0.191, 0.3179551122194514, 0.205]	no-link	answer-answer	0.1035	0.02	-0.0112	-0.05	-0.05	-0.036	1
THURMAN,	DATE:	[0.30673316708229426, 0.141, 0.39027431421446385, 0.155]	[0.18952618453865336, 0.193, 0.23690773067331672, 0.21]	no-link	answer-question	0.2007	0.1172	0.0698	-0.052	-0.055	-0.038	1
THURMAN,	SOURCE	[0.30673316708229426, 0.141, 0.39027431421446385, 0.155]	[0.08728179551122195, 0.244, 0.14588528678304238, 0.261]	no-link	answer-question	0.303	0.2195	0.1608	-0.103	-0.106	-0.089	1
THURMAN,	OF	[0.30673316708229426, 0.141, 0.39027431421446385, 0.155]	[0.15211970074812967, 0.247, 0.1708229426433915, 0.26]	no-link	answer-question	0.2382	0.1546	0.1359	-0.106	-0.105	-0.092	1
THURMAN,	MARTS.	[0.30673316708229426, 0.141, 0.39027431421446385, 0.155]	[0.4376558603491272, 0.26, 0.5024937655860349, 0.273]	no-link	answer-answer	-0.0474	-0.1309	-0.1958	-0.119	-0.118	-0.105	1
THURMAN,	LOUISVILLE,	[0.30673316708229426, 0.141, 0.39027431421446385, 0.155]	[0.5099750623441397, 0.26, 0.6234413965087282, 0.274]	no-link	answer-answer	-0.1197	-0.2032	-0.3167	-0.119	-0.119	-0.105	1
THURMAN,	SHORT	[0.30673316708229426, 0.141, 0.39027431421446385, 0.155]	[0.26807980049875313, 0.261, 0.3192019950124688, 0.275]	no-link	answer-answer	0.1222	0.0387	-0.0125	-0.12	-0.12	-0.106	1
THURMAN,	STOP	[0.30673316708229426, 0.141, 0.39027431421446385, 0.155]	[0.32917705735660846, 0.261, 0.37281795511221943, 0.275]	no-link	answer-answer	0.0611	-0.0224	-0.0661	-0.12	-0.12	-0.106	1
THURMAN,	FOOD	[0.30673316708229426, 0.141, 0.39027431421446385, 0.155]	[0.3827930174563591, 0.263, 0.42643391521197005, 0.277]	no-link	answer-answer	0.0075	-0.0761	-0.1197	-0.122	-0.122	-0.108	1
THURMAN,	PHILIP	[0.30673316708229426, 0.141, 0.39027431421446385, 0.155]	[0.25561097256857856, 0.31, 0.3204488778054863, 0.327]	no-link	answer-answer	0.1347	0.0511	-0.0137	-0.169	-0.172	-0.155	1
THURMAN,	MANUFACTURER:	[0.30673316708229426, 0.141, 0.39027431421446385, 0.155]	[0.08478802992518704, 0.313, 0.21072319201995013, 0.327]	no-link	answer-question	0.3055	0.2219	0.096	-0.172	-0.172	-0.158	1
REPORTED	COMPETITIVE	[0.08354114713216958, 0.141, 0.1596009975062344, 0.156]	[0.2805486284289277, 0.081, 0.39526184538653364, 0.098]	question-header	question-header	0.3117	-0.06	0.197	-0.058	0.1209	-0.043	1
REPORTED	MANUFACTURER:	[0.08354114713216958, 0.141, 0.1596009975062344, 0.156]	[0.08478802992518704, 0.313, 0.21072319201995013, 0.327]	no-link	question-question	0.0748	-0.0012	-0.1272	-0.172	-0.171	-0.157	1
4/	26/	[0.26059850374064836, 0.19, 0.286783042394015, 0.208]	[0.286783042394015, 0.191, 0.3179551122194514, 0.205]	word-word	answer-answer	0.0574	0.001	0.0262	-0.003	0.0	0.015	2
4/	DATE:	[0.26059850374064836, 0.19, 0.286783042394015, 0.208]	[0.18952618453865336, 0.193, 0.23690773067331672, 0.21]	no-link	answer-question	0.0973	0.0711	0.0237	-0.003	-0.002	0.015	2
4/	SOURCE	[0.26059850374064836, 0.19, 0.286783042394015, 0.208]	[0.08728179551122195, 0.244, 0.14588528678304238, 0.261]	no-link	answer-question	0.1995	0.1733	0.1147	-0.054	-0.053	-0.036	2
4/	OF	[0.26059850374064836, 0.19, 0.286783042394015, 0.208]	[0.15211970074812967, 0.247, 0.1708229426433915, 0.26]	no-link	answer-question	0.1347	0.1085	0.0898	-0.057	-0.052	-0.039	2
4/	MARTS.	[0.26059850374064836, 0.19, 0.286783042394015, 0.208]	[0.4376558603491272, 0.26, 0.5024937655860349, 0.273]	no-link	answer-answer	-0.1509	-0.1771	-0.2419	-0.07	-0.065	-0.052	2
4/	LOUISVILLE,	[0.26059850374064836, 0.19, 0.286783042394015, 0.208]	[0.5099750623441397, 0.26, 0.6234413965087282, 0.274]	no-link	answer-answer	-0.2232	-0.2494	-0.3628	-0.07	-0.066	-0.052	2
4/	SHORT	[0.26059850374064836, 0.19, 0.286783042394015, 0.208]	[0.26807980049875313, 0.261, 0.3192019950124688, 0.275]	no-link	answer-answer	0.0187	-0.0075	-0.0586	-0.071	-0.067	-0.053	2
4/	STOP	[0.26059850374064836, 0.19, 0.286783042394015, 0.208]	[0.32917705735660846, 0.261, 0.37281795511221943, 0.275]	no-link	answer-answer	-0.0424	-0.0686	-0.1122	-0.071	-0.067	-0.053	2
4/	FOOD	[0.26059850374064836, 0.19, 0.286783042394015, 0.208]	[0.3827930174563591, 0.263, 0.42643391521197005, 0.277]	no-link	answer-answer	-0.096	-0.1222	-0.1658	-0.073	-0.069	-0.055	2
4/	PHILIP	[0.26059850374064836, 0.19, 0.286783042394015, 0.208]	[0.25561097256857856, 0.31, 0.3204488778054863, 0.327]	no-link	answer-answer	0.0312	0.005	-0.0599	-0.12	-0.119	-0.102	2
4/	MANUFACTURER:	[0.26059850374064836, 0.19, 0.286783042394015, 0.208]	[0.08478802992518704, 0.313, 0.21072319201995013, 0.327]	no-link	answer-question	0.202	0.1758	0.0499	-0.123	-0.119	-0.105	2
4/	MARLBORO	[0.26059850374064836, 0.19, 0.286783042394015, 0.208]	[0.29925187032418954, 0.359, 0.38403990024937656, 0.374]	no-link	answer-answer	-0.0125	-0.0387	-0.1234	-0.169	-0.166	-0.151	2
26/	91	[0.286783042394015, 0.191, 0.3179551122194514, 0.205]	[0.32169576059850374, 0.191, 0.33915211970074816, 0.206]	word-word	answer-answer	0.0524	0.0	0.0349	0.001	0.0037	0.015	2
26/	DATE:	[0.286783042394015, 0.191, 0.3179551122194514, 0.205]	[0.18952618453865336, 0.193, 0.23690773067331672, 0.21]	no-link	answer-answer	0.1284	0.0973	0.0499	-0.002	-0.005	0.012	2
26/	SOURCE	[0.286783042394015, 0.191, 0.3179551122194514, 0.205]	[0.08728179551122195, 0.244, 0.14588528678304238, 0.261]	no-link	answer-question	0.2307	0.1995	0.1409	-0.053	-0.056	-0.039	2
26/	OF	[0.286783042394015, 0.191, 0.3179551122194514, 0.205]	[0.15211970074812967, 0.247, 0.1708229426433915, 0.26]	no-link	answer-question	0.1658	0.1347	0.116	-0.056	-0.055	-0.042	2
26/	MARTS.	[0.286783042394015, 0.191, 0.3179551122194514, 0.205]	[0.4376558603491272, 0.26, 0.5024937655860349, 0.273]	no-link	answer-answer	-0.1197	-0.1509	-0.2157	-0.069	-0.068	-0.055	2
26/	LOUISVILLE,	[0.286783042394015, 0.191, 0.3179551122194514, 0.205]	[0.5099750623441397, 0.26, 0.6234413965087282, 0.274]	no-link	answer-answer	-0.192	-0.2232	-0.3367	-0.069	-0.069	-0.055	2
26/	SHORT	[0.286783042394015, 0.191, 0.3179551122194514, 0.205]	[0.26807980049875313, 0.261, 0.3192019950124688, 0.275]	no-link	answer-answer	0.0499	0.0187	-0.0324	-0.07	-0.07	-0.056	2
26/	STOP	[0.286783042394015, 0.191, 0.3179551122194514, 0.205]	[0.32917705735660846, 0.261, 0.37281795511221943, 0.275]	no-link	answer-answer	-0.0112	-0.0424	-0.086	-0.07	-0.07	-0.056	2
26/	FOOD	[0.286783042394015, 0.191, 0.3179551122194514, 0.205]	[0.3827930174563591, 0.263, 0.42643391521197005, 0.277]	no-link	answer-answer	-0.0648	-0.096	-0.1397	-0.072	-0.072	-0.058	2
26/	PHILIP	[0.286783042394015, 0.191, 0.3179551122194514, 0.205]	[0.25561097256857856, 0.31, 0.3204488778054863, 0.327]	no-link	answer-answer	0.0623	0.0312	-0.0337	-0.119	-0.122	-0.105	2
26/	MANUFACTURER:	[0.286783042394015, 0.191, 0.3179551122194514, 0.205]	[0.08478802992518704, 0.313, 0.21072319201995013, 0.327]	no-link	answer-question	0.2332	0.202	0.0761	-0.122	-0.122	-0.108	2
26/	MARLBORO	[0.286783042394015, 0.191, 0.3179551122194514, 0.205]	[0.29925187032418954, 0.359, 0.38403990024937656, 0.374]	no-link	answer-answer	0.0187	-0.0125	-0.0973	-0.168	-0.169	-0.154	2
26/	BRAND	[0.286783042394015, 0.191, 0.3179551122194514, 0.205]	[0.08728179551122195, 0.366, 0.13466334164588528, 0.377]	no-link	answer-question	0.2307	0.1995	0.1521	-0.175	-0.172	-0.161	2
DATE:	SOURCE	[0.18952618453865336, 0.193, 0.23690773067331672, 0.21]	[0.08728179551122195, 0.244, 0.14588528678304238, 0.261]	line-line	question-question	-0.0436	0.051	-0.1022	0.051	-0.1496	0.068	2
DATE:	OF	[0.18952618453865336, 0.193, 0.23690773067331672, 0.21]	[0.15211970074812967, 0.247, 0.1708229426433915, 0.26]	no-link	question-question	0.0848	0.0374	0.0187	-0.054	-0.05	-0.037	2
DATE:	MARTS.	[0.18952618453865336, 0.193, 0.23690773067331672, 0.21]	[0.4376558603491272, 0.26, 0.5024937655860349, 0.273]	no-link	question-answer	-0.2007	-0.2481	-0.313	-0.067	-0.063	-0.05	2
DATE:	LOUISVILLE,	[0.18952618453865336, 0.193, 0.23690773067331672, 0.21]	[0.5099750623441397, 0.26, 0.6234413965087282, 0.274]	no-link	question-answer	-0.2731	-0.3204	-0.4339	-0.067	-0.064	-0.05	2
DATE:	SHORT	[0.18952618453865336, 0.193, 0.23690773067331672, 0.21]	[0.26807980049875313, 0.261, 0.3192019950124688, 0.275]	no-link	question-answer	-0.0312	-0.0786	-0.1297	-0.068	-0.065	-0.051	2
DATE:	STOP	[0.18952618453865336, 0.193, 0.23690773067331672, 0.21]	[0.32917705735660846, 0.261, 0.37281795511221943, 0.275]	no-link	question-answer	-0.0923	-0.1397	-0.1833	-0.068	-0.065	-0.051	2
DATE:	FOOD	[0.18952618453865336, 0.193, 0.23690773067331672, 0.21]	[0.3827930174563591, 0.263, 0.42643391521197005, 0.277]	no-link	question-answer	-0.1459	-0.1933	-0.2369	-0.07	-0.067	-0.053	2
DATE:	PHILIP	[0.18952618453865336, 0.193, 0.23690773067331672, 0.21]	[0.25561097256857856, 0.31, 0.3204488778054863, 0.327]	no-link	question-answer	-0.0187	-0.0661	-0.1309	-0.117	-0.117	-0.1	2
DATE:	MANUFACTURER:	[0.18952618453865336, 0.193, 0.23690773067331672, 0.21]	[0.08478802992518704, 0.313, 0.21072319201995013, 0.327]	no-link	question-question	0.1521	0.1047	-0.0212	-0.12	-0.117	-0.103	2
DATE:	MARLBORO	[0.18952618453865336, 0.193, 0.23690773067331672, 0.21]	[0.29925187032418954, 0.359, 0.38403990024937656, 0.374]	no-link	question-answer	-0.0623	-0.1097	-0.1945	-0.166	-0.164	-0.149	2
DATE:	BRAND	[0.18952618453865336, 0.193, 0.23690773067331672, 0.21]	[0.08728179551122195, 0.366, 0.13466334164588528, 0.377]	no-link	question-question	0.1496	0.1022	0.0549	-0.173	-0.167	-0.156	2
DATE:	(S)	[0.18952618453865336, 0.193, 0.23690773067331672, 0.21]	[0.13591022443890274, 0.366, 0.1571072319201995, 0.383]	no-link	question-question	0.101	0.0536	0.0324	-0.173	-0.173	-0.156	2
DATE:	4/	[0.18952618453865336, 0.193, 0.23690773067331672, 0.21]	[0.26059850374064836, 0.19, 0.286783042394015, 0.208]	question-answer	question-answer	0.0973	-0.003	0.0711	-0.002	0.0237	0.015	2
DATE:	COMPETITIVE	[0.18952618453865336, 0.193, 0.23690773067331672, 0.21]	[0.2805486284289277, 0.081, 0.39526184538653364, 0.098]	question-header	question-header	0.2057	-0.112	0.091	-0.112	0.0436	-0.095	2
SOURCE	OF	[0.08728179551122195, 0.244, 0.14588528678304238, 0.261]	[0.15211970074812967, 0.247, 0.1708229426433915, 0.26]	word-word	question-question	0.0835	0.003	0.0648	-0.001	0.0062	0.016	0
SOURCE	MARTS.	[0.08728179551122195, 0.244, 0.14588528678304238, 0.261]	[0.4376558603491272, 0.26, 0.5024937655860349, 0.273]	no-link	question-answer	-0.2918	-0.3504	-0.4152	-0.016	-0.012	0.001	0
SOURCE	LOUISVILLE,	[0.08728179551122195, 0.244, 0.14588528678304238, 0.261]	[0.5099750623441397, 0.26, 0.6234413965087282, 0.274]	no-link	question-answer	-0.3641	-0.4227	-0.5362	-0.016	-0.013	0.001	0
SOURCE	SHORT	[0.08728179551122195, 0.244, 0.14588528678304238, 0.261]	[0.26807980049875313, 0.261, 0.3192019950124688, 0.275]	no-link	question-answer	-0.1222	-0.1808	-0.2319	-0.017	-0.014	0.0	0
SOURCE	STOP	[0.08728179551122195, 0.244, 0.14588528678304238, 0.261]	[0.32917705735660846, 0.261, 0.37281795511221943, 0.275]	no-link	question-answer	-0.1833	-0.2419	-0.2855	-0.017	-0.014	0.0	0
SOURCE	FOOD	[0.08728179551122195, 0.244, 0.14588528678304238, 0.261]	[0.3827930174563591, 0.263, 0.42643391521197005, 0.277]	no-link	question-answer	-0.2369	-0.2955	-0.3392	-0.019	-0.016	-0.002	0
SOURCE	PHILIP	[0.08728179551122195, 0.244, 0.14588528678304238, 0.261]	[0.25561097256857856, 0.31, 0.3204488778054863, 0.327]	no-link	question-answer	-0.1097	-0.1683	-0.2332	-0.066	-0.066	-0.049	0
SOURCE	MANUFACTURER:	[0.08728179551122195, 0.244, 0.14588528678304238, 0.261]	[0.08478802992518704, 0.313, 0.21072319201995013, 0.327]	no-link	question-question	0.0611	0.0025	-0.1234	-0.069	-0.066	-0.052	0
SOURCE	MARLBORO	[0.08728179551122195, 0.244, 0.14588528678304238, 0.261]	[0.29925187032418954, 0.359, 0.38403990024937656, 0.374]	no-link	question-answer	-0.1534	-0.212	-0.2968	-0.115	-0.113	-0.098	0
SOURCE	BRAND	[0.08728179551122195, 0.244, 0.14588528678304238, 0.261]	[0.08728179551122195, 0.366, 0.13466334164588528, 0.377]	no-link	question-question	0.0586	0.0	-0.0474	-0.122	-0.116	-0.105	0
SOURCE	(S)	[0.08728179551122195, 0.244, 0.14588528678304238, 0.261]	[0.13591022443890274, 0.366, 0.1571072319201995, 0.383]	no-link	question-question	0.01	-0.0486	-0.0698	-0.122	-0.122	-0.105	0
SOURCE	MANUFACTURER:	[0.08728179551122195, 0.244, 0.14588528678304238, 0.261]	[0.08478802992518704, 0.313, 0.21072319201995013, 0.327]	line-line	question-question	0.1234	0.069	-0.0025	0.066	-0.0611	0.083	3
SOURCE	OF	[0.08728179551122195, 0.244, 0.14588528678304238, 0.261]	[0.15211970074812967, 0.247, 0.1708229426433915, 0.26]	word-word	question-question	0.0835	0.003	0.0648	-0.001	0.0062	0.016	3
SOURCE	SHORT	[0.08728179551122195, 0.244, 0.14588528678304238, 0.261]	[0.26807980049875313, 0.261, 0.3192019950124688, 0.275]	question-answer	question-answer	0.2319	0.017	0.1808	0.014	0.1222	0.031	3
SOURCE	CARTON	[0.08728179551122195, 0.244, 0.14588528678304238, 0.261]	[0.33042394014962595, 0.415, 0.39526184538653364, 0.433]	no-link	question-answer	-0.1845	-0.2431	-0.308	-0.171	-0.172	-0.154	3
SOURCE	COMPETITIVE	[0.08728179551122195, 0.244, 0.14588528678304238, 0.261]	[0.2805486284289277, 0.081, 0.39526184538653364, 0.098]	question-header	question-header	0.308	-0.163	0.1933	-0.163	0.1347	-0.146	3
SOURCE	PROMOTION	[0.08728179551122195, 0.244, 0.14588528678304238, 0.261]	[0.40523690773067333, 0.415, 0.5024937655860349, 0.43]	no-link	question-answer	-0.2594	-0.318	-0.4152	-0.171	-0.169	-0.154	3
OF	INFORMATION:	[0.15211970074812967, 0.247, 0.1708229426433915, 0.26]	[0.08478802992518704, 0.261, 0.19326683291770574, 0.272]	word-word	question-question	0.0411	0.014	-0.0673	0.012	-0.086	0.025	0
OF	MARTS.	[0.15211970074812967, 0.247, 0.1708229426433915, 0.26]	[0.4376558603491272, 0.26, 0.5024937655860349, 0.273]	no-link	question-answer	-0.2668	-0.2855	-0.3504	-0.013	-0.013	0.0	0
OF	LOUISVILLE,	[0.15211970074812967, 0.247, 0.1708229426433915, 0.26]	[0.5099750623441397, 0.26, 0.6234413965087282, 0.274]	no-link	question-answer	-0.3392	-0.3579	-0.4713	-0.013	-0.014	0.0	0
OF	SHORT	[0.15211970074812967, 0.247, 0.1708229426433915, 0.26]	[0.26807980049875313, 0.261, 0.3192019950124688, 0.275]	no-link	question-answer	-0.0973	-0.116	-0.1671	-0.014	-0.015	-0.001	0
OF	STOP	[0.15211970074812967, 0.247, 0.1708229426433915, 0.26]	[0.32917705735660846, 0.261, 0.37281795511221943, 0.275]	no-link	question-answer	-0.1584	-0.1771	-0.2207	-0.014	-0.015	-0.001	0
OF	FOOD	[0.15211970074812967, 0.247, 0.1708229426433915, 0.26]	[0.3827930174563591, 0.263, 0.42643391521197005, 0.277]	no-link	question-answer	-0.212	-0.2307	-0.2743	-0.016	-0.017	-0.003	0
OF	PHILIP	[0.15211970074812967, 0.247, 0.1708229426433915, 0.26]	[0.25561097256857856, 0.31, 0.3204488778054863, 0.327]	no-link	question-answer	-0.0848	-0.1035	-0.1683	-0.063	-0.067	-0.05	0
OF	MANUFACTURER:	[0.15211970074812967, 0.247, 0.1708229426433915, 0.26]	[0.08478802992518704, 0.313, 0.21072319201995013, 0.327]	no-link	question-question	0.086	0.0673	-0.0586	-0.066	-0.067	-0.053	0
OF	MARLBORO	[0.15211970074812967, 0.247, 0.1708229426433915, 0.26]	[0.29925187032418954, 0.359, 0.38403990024937656, 0.374]	no-link	question-answer	-0.1284	-0.1471	-0.2319	-0.112	-0.114	-0.099	0
OF	BRAND	[0.15211970074812967, 0.247, 0.1708229426433915, 0.26]	[0.08728179551122195, 0.366, 0.13466334164588528, 0.377]	no-link	question-question	0.0835	0.0648	0.0175	-0.119	-0.117	-0.106	0
OF	(S)	[0.15211970074812967, 0.247, 0.1708229426433915, 0.26]	[0.13591022443890274, 0.366, 0.1571072319201995, 0.383]	no-link	question-question	0.0349	0.0162	-0.005	-0.119	-0.123	-0.106	0
OF	CARTON	[0.15211970074812967, 0.247, 0.1708229426433915, 0.26]	[0.33042394014962595, 0.415, 0.39526184538653364, 0.433]	no-link	question-answer	-0.1596	-0.1783	-0.2431	-0.168	-0.173	-0.155	0
OF	PROMOTION	[0.15211970074812967, 0.247, 0.1708229426433915, 0.26]	[0.40523690773067333, 0.415, 0.5024937655860349, 0.43]	no-link	question-answer	-0.2344	-0.2531	-0.3504	-0.168	-0.17	-0.155	0
OF	SWEEPSTAKES	[0.15211970074812967, 0.247, 0.1708229426433915, 0.26]	[0.5124688279301746, 0.415, 0.6309226932668329, 0.432]	no-link	question-answer	-0.3416	-0.3603	-0.4788	-0.168	-0.172	-0.155	0
OF	INFORMATION:	[0.15211970074812967, 0.247, 0.1708229426433915, 0.26]	[0.08478802992518704, 0.261, 0.19326683291770574, 0.272]	word-word	question-question	0.0411	0.014	-0.0673	0.012	-0.086	0.025	3
MARTS.	LOUISVILLE,	[0.4376558603491272, 0.26, 0.5024937655860349, 0.273]	[0.5099750623441397, 0.26, 0.6234413965087282, 0.274]	word-word	answer-answer	0.1858	0.0	0.0723	0.001	0.0075	0.014	3
MARTS.	SHORT	[0.4376558603491272, 0.26, 0.5024937655860349, 0.273]	[0.26807980049875313, 0.261, 0.3192019950124688, 0.275]	no-link	answer-answer	0.2344	0.1696	0.1185	-0.001	-0.002	0.012	3
MARTS.	STOP	[0.4376558603491272, 0.26, 0.5024937655860349, 0.273]	[0.32917705735660846, 0.261, 0.37281795511221943, 0.275]	no-link	answer-answer	0.1733	0.1085	0.0648	-0.001	-0.002	0.012	3
MARTS.	FOOD	[0.4376558603491272, 0.26, 0.5024937655860349, 0.273]	[0.3827930174563591, 0.263, 0.42643391521197005, 0.277]	no-link	answer-answer	0.1197	0.0549	0.0112	-0.003	-0.004	0.01	3
MARTS.	PHILIP	[0.4376558603491272, 0.26, 0.5024937655860349, 0.273]	[0.25561097256857856, 0.31, 0.3204488778054863, 0.327]	no-link	answer-answer	0.2469	0.182	0.1172	-0.05	-0.054	-0.037	3
MARTS.	MANUFACTURER:	[0.4376558603491272, 0.26, 0.5024937655860349, 0.273]	[0.08478802992518704, 0.313, 0.21072319201995013, 0.327]	no-link	answer-question	0.4177	0.3529	0.2269	-0.053	-0.054	-0.04	3
MARTS.	MARLBORO	[0.4376558603491272, 0.26, 0.5024937655860349, 0.273]	[0.29925187032418954, 0.359, 0.38403990024937656, 0.374]	no-link	answer-answer	0.2032	0.1384	0.0536	-0.099	-0.101	-0.086	3
MARTS.	BRAND	[0.4376558603491272, 0.26, 0.5024937655860349, 0.273]	[0.08728179551122195, 0.366, 0.13466334164588528, 0.377]	no-link	answer-question	0.4152	0.3504	0.303	-0.106	-0.104	-0.093	3
MARTS.	(S)	[0.4376558603491272, 0.26, 0.5024937655860349, 0.273]	[0.13591022443890274, 0.366, 0.1571072319201995, 0.383]	no-link	answer-question	0.3666	0.3017	0.2805	-0.106	-0.11	-0.093	3
MARTS.	CARTON	[0.4376558603491272, 0.26, 0.5024937655860349, 0.273]	[0.33042394014962595, 0.415, 0.39526184538653364, 0.433]	no-link	answer-answer	0.1721	0.1072	0.0424	-0.155	-0.16	-0.142	3
MARTS.	PROMOTION	[0.4376558603491272, 0.26, 0.5024937655860349, 0.273]	[0.40523690773067333, 0.415, 0.5024937655860349, 0.43]	no-link	answer-answer	0.0973	0.0324	-0.0648	-0.155	-0.157	-0.142	3
MARTS.	SWEEPSTAKES	[0.4376558603491272, 0.26, 0.5024937655860349, 0.273]	[0.5124688279301746, 0.415, 0.6309226932668329, 0.432]	no-link	answer-answer	-0.01	-0.0748	-0.1933	-0.155	-0.159	-0.142	3
MARTS.	OF	[0.4376558603491272, 0.26, 0.5024937655860349, 0.273]	[0.12718204488778054, 0.416, 0.1483790523690773, 0.434]	no-link	answer-question	0.3753	0.3105	0.2893	-0.156	-0.161	-0.143	3
LOUISVILLE,	KY	[0.5099750623441397, 0.26, 0.6234413965087282, 0.274]	[0.6334164588528678, 0.26, 0.6608478802992519, 0.271]	word-word	answer-answer	0.1509	0.0	0.1234	-0.003	0.01	0.011	3
LOUISVILLE,	STOP	[0.5099750623441397, 0.26, 0.6234413965087282, 0.274]	[0.32917705735660846, 0.261, 0.37281795511221943, 0.275]	no-link	answer-answer	0.2943	0.1808	0.1372	-0.001	-0.001	0.013	3
LOUISVILLE,	FOOD	[0.5099750623441397, 0.26, 0.6234413965087282, 0.274]	[0.3827930174563591, 0.263, 0.42643391521197005, 0.277]	no-link	answer-answer	0.2406	0.1272	0.0835	-0.003	-0.003	0.011	3
LOUISVILLE,	PHILIP	[0.5099750623441397, 0.26, 0.6234413965087282, 0.274]	[0.25561097256857856, 0.31, 0.3204488778054863, 0.327]	no-link	answer-answer	0.3678	0.2544	0.1895	-0.05	-0.053	-0.036	3
LOUISVILLE,	MANUFACTURER:	[0.5099750623441397, 0.26, 0.6234413965087282, 0.274]	[0.08478802992518704, 0.313, 0.21072319201995013, 0.327]	no-link	answer-question	0.5387	0.4252	0.2993	-0.053	-0.053	-0.039	3
LOUISVILLE,	MARLBORO	[0.5099750623441397, 0.26, 0.6234413965087282, 0.274]	[0.29925187032418954, 0.359, 0.38403990024937656, 0.374]	no-link	answer-answer	0.3242	0.2107	0.1259	-0.099	-0.1	-0.085	3
LOUISVILLE,	BRAND	[0.5099750623441397, 0.26, 0.6234413965087282, 0.274]	[0.08728179551122195, 0.366, 0.13466334164588528, 0.377]	no-link	answer-question	0.5362	0.4227	0.3753	-0.106	-0.103	-0.092	3
LOUISVILLE,	(S)	[0.5099750623441397, 0.26, 0.6234413965087282, 0.274]	[0.13591022443890274, 0.366, 0.1571072319201995, 0.383]	no-link	answer-question	0.4875	0.3741	0.3529	-0.106	-0.109	-0.092	3
LOUISVILLE,	CARTON	[0.5099750623441397, 0.26, 0.6234413965087282, 0.274]	[0.33042394014962595, 0.415, 0.39526184538653364, 0.433]	no-link	answer-answer	0.293	0.1796	0.1147	-0.155	-0.159	-0.141	3
LOUISVILLE,	PROMOTION	[0.5099750623441397, 0.26, 0.6234413965087282, 0.274]	[0.40523690773067333, 0.415, 0.5024937655860349, 0.43]	no-link	answer-answer	0.2182	0.1047	0.0075	-0.155	-0.156	-0.141	3
LOUISVILLE,	SWEEPSTAKES	[0.5099750623441397, 0.26, 0.6234413965087282, 0.274]	[0.5124688279301746, 0.415, 0.6309226932668329, 0.432]	no-link	answer-answer	0.111	-0.0025	-0.1209	-0.155	-0.158	-0.141	3
LOUISVILLE,	TYPE	[0.5099750623441397, 0.26, 0.6234413965087282, 0.274]	[0.08354114713216958, 0.419, 0.11970074812967581, 0.432]	no-link	answer-question	0.5399	0.4264	0.3903	-0.159	-0.158	-0.145	3
SHORT	STOP	[0.26807980049875313, 0.261, 0.3192019950124688, 0.275]	[0.32917705735660846, 0.261, 0.37281795511221943, 0.275]	word-word	answer-answer	0.1047	0.0	0.0611	0.0	0.01	0.014	3
SHORT	FOOD	[0.26807980049875313, 0.261, 0.3192019950124688, 0.275]	[0.3827930174563591, 0.263, 0.42643391521197005, 0.277]	no-link	answer-answer	-0.0636	-0.1147	-0.1584	-0.002	-0.002	0.012	3
SHORT	PHILIP	[0.26807980049875313, 0.261, 0.3192019950124688, 0.275]	[0.25561097256857856, 0.31, 0.3204488778054863, 0.327]	no-link	answer-answer	0.0636	0.0125	-0.0524	-0.049	-0.052	-0.035	3
SHORT	MANUFACTURER:	[0.26807980049875313, 0.261, 0.3192019950124688, 0.275]	[0.08478802992518704, 0.313, 0.21072319201995013, 0.327]	no-link	answer-question	0.2344	0.1833	0.0574	-0.052	-0.052	-0.038	3
SHORT	MARLBORO	[0.26807980049875313, 0.261, 0.3192019950124688, 0.275]	[0.29925187032418954, 0.359, 0.38403990024937656, 0.374]	no-link	answer-answer	0.02	-0.0312	-0.116	-0.098	-0.099	-0.084	3
SHORT	BRAND	[0.26807980049875313, 0.261, 0.3192019950124688, 0.275]	[0.08728179551122195, 0.366, 0.13466334164588528, 0.377]	no-link	answer-question	0.2319	0.1808	0.1334	-0.105	-0.102	-0.091	3
SHORT	(S)	[0.26807980049875313, 0.261, 0.3192019950124688, 0.275]	[0.13591022443890274, 0.366, 0.1571072319201995, 0.383]	no-link	answer-question	0.1833	0.1322	0.111	-0.105	-0.108	-0.091	3
SHORT	CARTON	[0.26807980049875313, 0.261, 0.3192019950124688, 0.275]	[0.33042394014962595, 0.415, 0.39526184538653364, 0.433]	no-link	answer-answer	-0.0112	-0.0623	-0.1272	-0.154	-0.158	-0.14	3
SHORT	PROMOTION	[0.26807980049875313, 0.261, 0.3192019950124688, 0.275]	[0.40523690773067333, 0.415, 0.5024937655860349, 0.43]	no-link	answer-answer	-0.086	-0.1372	-0.2344	-0.154	-0.155	-0.14	3
SHORT	SWEEPSTAKES	[0.26807980049875313, 0.261, 0.3192019950124688, 0.275]	[0.5124688279301746, 0.415, 0.6309226932668329, 0.432]	no-link	answer-answer	-0.1933	-0.2444	-0.3628	-0.154	-0.157	-0.14	3
SHORT	OF	[0.26807980049875313, 0.261, 0.3192019950124688, 0.275]	[0.12718204488778054, 0.416, 0.1483790523690773, 0.434]	no-link	answer-question	0.192	0.1409	0.1197	-0.155	-0.159	-0.141	3
SHORT	TYPE	[0.26807980049875313, 0.261, 0.3192019950124688, 0.275]	[0.08354114713216958, 0.419, 0.11970074812967581, 0.432]	no-link	answer-question	0.2357	0.1845	0.1484	-0.158	-0.157	-0.144	3
STOP	FOOD	[0.32917705735660846, 0.261, 0.37281795511221943, 0.275]	[0.3827930174563591, 0.263, 0.42643391521197005, 0.277]	word-word	answer-answer	0.0973	0.002	0.0536	0.002	0.01	0.016	3
STOP	PHILIP	[0.32917705735660846, 0.261, 0.37281795511221943, 0.275]	[0.25561097256857856, 0.31, 0.3204488778054863, 0.327]	no-link	answer-answer	0.1172	0.0736	0.0087	-0.049	-0.052	-0.035	3
STOP	MANUFACTURER:	[0.32917705735660846, 0.261, 0.37281795511221943, 0.275]	[0.08478802992518704, 0.313, 0.21072319201995013, 0.327]	no-link	answer-question	0.288	0.2444	0.1185	-0.052	-0.052	-0.038	3
STOP	MARLBORO	[0.32917705735660846, 0.261, 0.37281795511221943, 0.275]	[0.29925187032418954, 0.359, 0.38403990024937656, 0.374]	no-link	answer-answer	0.0736	0.0299	-0.0549	-0.098	-0.099	-0.084	3
STOP	BRAND	[0.32917705735660846, 0.261, 0.37281795511221943, 0.275]	[0.08728179551122195, 0.366, 0.13466334164588528, 0.377]	no-link	answer-question	0.2855	0.2419	0.1945	-0.105	-0.102	-0.091	3
STOP	(S)	[0.32917705735660846, 0.261, 0.37281795511221943, 0.275]	[0.13591022443890274, 0.366, 0.1571072319201995, 0.383]	no-link	answer-question	0.2369	0.1933	0.1721	-0.105	-0.108	-0.091	3
STOP	CARTON	[0.32917705735660846, 0.261, 0.37281795511221943, 0.275]	[0.33042394014962595, 0.415, 0.39526184538653364, 0.433]	no-link	answer-answer	0.0424	-0.0012	-0.0661	-0.154	-0.158	-0.14	3
STOP	PROMOTION	[0.32917705735660846, 0.261, 0.37281795511221943, 0.275]	[0.40523690773067333, 0.415, 0.5024937655860349, 0.43]	no-link	answer-answer	-0.0324	-0.0761	-0.1733	-0.154	-0.155	-0.14	3
STOP	SWEEPSTAKES	[0.32917705735660846, 0.261, 0.37281795511221943, 0.275]	[0.5124688279301746, 0.415, 0.6309226932668329, 0.432]	no-link	answer-answer	-0.1397	-0.1833	-0.3017	-0.154	-0.157	-0.14	3
STOP	OF	[0.32917705735660846, 0.261, 0.37281795511221943, 0.275]	[0.12718204488778054, 0.416, 0.1483790523690773, 0.434]	no-link	answer-question	0.2456	0.202	0.1808	-0.155	-0.159	-0.141	3
STOP	TYPE	[0.32917705735660846, 0.261, 0.37281795511221943, 0.275]	[0.08354114713216958, 0.419, 0.11970074812967581, 0.432]	no-link	answer-question	0.2893	0.2456	0.2095	-0.158	-0.157	-0.144	3
FOOD	MARTS.	[0.3827930174563591, 0.263, 0.42643391521197005, 0.277]	[0.4376558603491272, 0.26, 0.5024937655860349, 0.273]	word-word	answer-answer	0.1197	-0.003	0.0549	-0.004	0.0112	0.01	3
FOOD	MANUFACTURER:	[0.3827930174563591, 0.263, 0.42643391521197005, 0.277]	[0.08478802992518704, 0.313, 0.21072319201995013, 0.327]	no-link	answer-question	0.3416	0.298	0.1721	-0.05	-0.05	-0.036	3
FOOD	MARLBORO	[0.3827930174563591, 0.263, 0.42643391521197005, 0.277]	[0.29925187032418954, 0.359, 0.38403990024937656, 0.374]	no-link	answer-answer	0.1272	0.0835	-0.0012	-0.096	-0.097	-0.082	3
FOOD	BRAND	[0.3827930174563591, 0.263, 0.42643391521197005, 0.277]	[0.08728179551122195, 0.366, 0.13466334164588528, 0.377]	no-link	answer-question	0.3392	0.2955	0.2481	-0.103	-0.1	-0.089	3
FOOD	(S)	[0.3827930174563591, 0.263, 0.42643391521197005, 0.277]	[0.13591022443890274, 0.366, 0.1571072319201995, 0.383]	no-link	answer-question	0.2905	0.2469	0.2257	-0.103	-0.106	-0.089	3
FOOD	CARTON	[0.3827930174563591, 0.263, 0.42643391521197005, 0.277]	[0.33042394014962595, 0.415, 0.39526184538653364, 0.433]	no-link	answer-answer	0.096	0.0524	-0.0125	-0.152	-0.156	-0.138	3
FOOD	PROMOTION	[0.3827930174563591, 0.263, 0.42643391521197005, 0.277]	[0.40523690773067333, 0.415, 0.5024937655860349, 0.43]	no-link	answer-answer	0.0212	-0.0224	-0.1197	-0.152	-0.153	-0.138	3
FOOD	SWEEPSTAKES	[0.3827930174563591, 0.263, 0.42643391521197005, 0.277]	[0.5124688279301746, 0.415, 0.6309226932668329, 0.432]	no-link	answer-answer	-0.086	-0.1297	-0.2481	-0.152	-0.155	-0.138	3
FOOD	OF	[0.3827930174563591, 0.263, 0.42643391521197005, 0.277]	[0.12718204488778054, 0.416, 0.1483790523690773, 0.434]	no-link	answer-question	0.2993	0.2556	0.2344	-0.153	-0.157	-0.139	3
FOOD	TYPE	[0.3827930174563591, 0.263, 0.42643391521197005, 0.277]	[0.08354114713216958, 0.419, 0.11970074812967581, 0.432]	no-link	answer-question	0.3429	0.2993	0.2631	-0.156	-0.155	-0.142	3
PHILIP	MORRIS	[0.25561097256857856, 0.31, 0.3204488778054863, 0.327]	[0.33042394014962595, 0.31, 0.39650872817955113, 0.327]	word-word	answer-answer	0.1409	0.0	0.0748	0.0	0.01	0.017	4
PHILIP	MANUFACTURER:	[0.25561097256857856, 0.31, 0.3204488778054863, 0.327]	[0.08478802992518704, 0.313, 0.21072319201995013, 0.327]	no-link	answer-answer	0.2357	0.1708	0.0449	-0.003	0.0	0.014	4
PHILIP	MARLBORO	[0.25561097256857856, 0.31, 0.3204488778054863, 0.327]	[0.29925187032418954, 0.359, 0.38403990024937656, 0.374]	no-link	answer-answer	0.0212	-0.0436	-0.1284	-0.049	-0.047	-0.032	4
PHILIP	BRAND	[0.25561097256857856, 0.31, 0.3204488778054863, 0.327]	[0.08728179551122195, 0.366, 0.13466334164588528, 0.377]	no-link	answer-question	0.2332	0.1683	0.1209	-0.056	-0.05	-0.039	4
PHILIP	(S)	[0.25561097256857856, 0.31, 0.3204488778054863, 0.327]	[0.13591022443890274, 0.366, 0.1571072319201995, 0.383]	no-link	answer-question	0.1845	0.1197	0.0985	-0.056	-0.056	-0.039	4
PHILIP	CARTON	[0.25561097256857856, 0.31, 0.3204488778054863, 0.327]	[0.33042394014962595, 0.415, 0.39526184538653364, 0.433]	no-link	answer-answer	-0.01	-0.0748	-0.1397	-0.105	-0.106	-0.088	4
PHILIP	PROMOTION	[0.25561097256857856, 0.31, 0.3204488778054863, 0.327]	[0.40523690773067333, 0.415, 0.5024937655860349, 0.43]	no-link	answer-answer	-0.0848	-0.1496	-0.2469	-0.105	-0.103	-0.088	4
PHILIP	SWEEPSTAKES	[0.25561097256857856, 0.31, 0.3204488778054863, 0.327]	[0.5124688279301746, 0.415, 0.6309226932668329, 0.432]	no-link	answer-answer	-0.192	-0.2569	-0.3753	-0.105	-0.105	-0.088	4
PHILIP	OF	[0.25561097256857856, 0.31, 0.3204488778054863, 0.327]	[0.12718204488778054, 0.416, 0.1483790523690773, 0.434]	no-link	answer-question	0.1933	0.1284	0.1072	-0.106	-0.107	-0.089	4
PHILIP	TYPE	[0.25561097256857856, 0.31, 0.3204488778054863, 0.327]	[0.08354114713216958, 0.419, 0.11970074812967581, 0.432]	no-link	answer-question	0.2369	0.1721	0.1359	-0.109	-0.105	-0.092	4
MANUFACTURER:	BRAND	[0.08478802992518704, 0.313, 0.21072319201995013, 0.327]	[0.08728179551122195, 0.366, 0.13466334164588528, 0.377]	line-line	question-question	0.0499	0.053	0.0025	0.05	-0.1234	0.064	4
MANUFACTURER:	MARLBORO	[0.08478802992518704, 0.313, 0.21072319201995013, 0.327]	[0.29925187032418954, 0.359, 0.38403990024937656, 0.374]	no-link	question-answer	-0.0885	-0.2145	-0.2993	-0.046	-0.047	-0.032	4
MANUFACTURER:	(S)	[0.08478802992518704, 0.313, 0.21072319201995013, 0.327]	[0.13591022443890274, 0.366, 0.1571072319201995, 0.383]	no-link	question-question	0.0748	-0.0511	-0.0723	-0.053	-0.056	-0.039	4
MANUFACTURER:	CARTON	[0.08478802992518704, 0.313, 0.21072319201995013, 0.327]	[0.33042394014962595, 0.415, 0.39526184538653364, 0.433]	no-link	question-answer	-0.1197	-0.2456	-0.3105	-0.102	-0.106	-0.088	4
MANUFACTURER:	PROMOTION	[0.08478802992518704, 0.313, 0.21072319201995013, 0.327]	[0.40523690773067333, 0.415, 0.5024937655860349, 0.43]	no-link	question-answer	-0.1945	-0.3204	-0.4177	-0.102	-0.103	-0.088	4
MANUFACTURER:	SWEEPSTAKES	[0.08478802992518704, 0.313, 0.21072319201995013, 0.327]	[0.5124688279301746, 0.415, 0.6309226932668329, 0.432]	no-link	question-answer	-0.3017	-0.4277	-0.5461	-0.102	-0.105	-0.088	4
MANUFACTURER:	OF	[0.08478802992518704, 0.313, 0.21072319201995013, 0.327]	[0.12718204488778054, 0.416, 0.1483790523690773, 0.434]	no-link	question-question	0.0835	-0.0424	-0.0636	-0.103	-0.107	-0.089	4
MANUFACTURER:	TYPE	[0.08478802992518704, 0.313, 0.21072319201995013, 0.327]	[0.08354114713216958, 0.419, 0.11970074812967581, 0.432]	no-link	question-question	0.1272	0.0012	-0.0349	-0.106	-0.105	-0.092	4
MANUFACTURER:	(SEE	[0.08478802992518704, 0.313, 0.21072319201995013, 0.327]	[0.3653366583541147, 0.439, 0.40523690773067333, 0.454]	no-link	question-answer	-0.1546	-0.2805	-0.3204	-0.126	-0.127	-0.112	4
MANUFACTURER:	PHILIP	[0.08478802992518704, 0.313, 0.21072319201995013, 0.327]	[0.25561097256857856, 0.31, 0.3204488778054863, 0.327]	question-answer	question-answer	0.2357	-0.003	0.1708	0.0	0.0449	0.014	4
MANUFACTURER:	HOW	[0.08478802992518704, 0.313, 0.21072319201995013, 0.327]	[0.08728179551122195, 0.55, 0.12344139650872818, 0.565]	no-link	question-question	0.1234	-0.0025	-0.0387	-0.237	-0.238	-0.223	4
MANUFACTURER:	COMPETITIVE	[0.08478802992518704, 0.313, 0.21072319201995013, 0.327]	[0.2805486284289277, 0.081, 0.39526184538653364, 0.098]	question-header	question-header	0.3105	-0.232	0.1958	-0.229	0.0698	-0.215	4
MARLBORO	CIGARETTES	[0.29925187032418954, 0.359, 0.38403990024937656, 0.374]	[0.3940149625935162, 0.36, 0.5037406483790524, 0.373]	word-word	answer-answer	0.2045	0.001	0.0948	-0.001	0.01	0.014	5
MARLBORO	(S)	[0.29925187032418954, 0.359, 0.38403990024937656, 0.374]	[0.13591022443890274, 0.366, 0.1571072319201995, 0.383]	no-link	answer-question	0.2481	0.1633	0.1421	-0.007	-0.009	0.008	5
MARLBORO	BRAND	[0.29925187032418954, 0.359, 0.38403990024937656, 0.374]	[0.08728179551122195, 0.366, 0.13466334164588528, 0.377]	no-link	answer-question	0.2968	0.212	0.1646	-0.007	-0.003	0.008	5
MARLBORO	CARTON	[0.29925187032418954, 0.359, 0.38403990024937656, 0.374]	[0.33042394014962595, 0.415, 0.39526184538653364, 0.433]	no-link	answer-answer	0.0536	-0.0312	-0.096	-0.056	-0.059	-0.041	5
MARLBORO	PROMOTION	[0.29925187032418954, 0.359, 0.38403990024937656, 0.374]	[0.40523690773067333, 0.415, 0.5024937655860349, 0.43]	no-link	answer-answer	-0.0212	-0.106	-0.2032	-0.056	-0.056	-0.041	5
MARLBORO	SWEEPSTAKES	[0.29925187032418954, 0.359, 0.38403990024937656, 0.374]	[0.5124688279301746, 0.415, 0.6309226932668329, 0.432]	no-link	answer-answer	-0.1284	-0.2132	-0.3317	-0.056	-0.058	-0.041	5
MARLBORO	OF	[0.29925187032418954, 0.359, 0.38403990024937656, 0.374]	[0.12718204488778054, 0.416, 0.1483790523690773, 0.434]	no-link	answer-question	0.2569	0.1721	0.1509	-0.057	-0.06	-0.042	5
MARLBORO	TYPE	[0.29925187032418954, 0.359, 0.38403990024937656, 0.374]	[0.08354114713216958, 0.419, 0.11970074812967581, 0.432]	no-link	answer-question	0.3005	0.2157	0.1796	-0.06	-0.058	-0.045	5
MARLBORO	(SEE	[0.29925187032418954, 0.359, 0.38403990024937656, 0.374]	[0.3653366583541147, 0.439, 0.40523690773067333, 0.454]	no-link	answer-answer	0.0187	-0.0661	-0.106	-0.08	-0.08	-0.065	5
MARLBORO	HOW	[0.29925187032418954, 0.359, 0.38403990024937656, 0.374]	[0.08728179551122195, 0.55, 0.12344139650872818, 0.565]	no-link	answer-question	0.2968	0.212	0.1758	-0.191	-0.191	-0.176	5
BRAND	(S)	[0.08728179551122195, 0.366, 0.13466334164588528, 0.377]	[0.13591022443890274, 0.366, 0.1571072319201995, 0.383]	word-word	question-question	0.0698	0.0	0.0486	0.006	0.0012	0.017	0
BRAND	CARTON	[0.08728179551122195, 0.366, 0.13466334164588528, 0.377]	[0.33042394014962595, 0.415, 0.39526184538653364, 0.433]	no-link	question-answer	-0.1958	-0.2431	-0.308	-0.049	-0.056	-0.038	0
BRAND	PROMOTION	[0.08728179551122195, 0.366, 0.13466334164588528, 0.377]	[0.40523690773067333, 0.415, 0.5024937655860349, 0.43]	no-link	question-answer	-0.2706	-0.318	-0.4152	-0.049	-0.053	-0.038	0
BRAND	SWEEPSTAKES	[0.08728179551122195, 0.366, 0.13466334164588528, 0.377]	[0.5124688279301746, 0.415, 0.6309226932668329, 0.432]	no-link	question-answer	-0.3778	-0.4252	-0.5436	-0.049	-0.055	-0.038	0
BRAND	OF	[0.08728179551122195, 0.366, 0.13466334164588528, 0.377]	[0.12718204488778054, 0.416, 0.1483790523690773, 0.434]	no-link	question-question	0.0075	-0.0399	-0.0611	-0.05	-0.057	-0.039	0
BRAND	TYPE	[0.08728179551122195, 0.366, 0.13466334164588528, 0.377]	[0.08354114713216958, 0.419, 0.11970074812967581, 0.432]	no-link	question-question	0.0511	0.0037	-0.0324	-0.053	-0.055	-0.042	0
BRAND	(SEE	[0.08728179551122195, 0.366, 0.13466334164588528, 0.377]	[0.3653366583541147, 0.439, 0.40523690773067333, 0.454]	no-link	question-answer	-0.2307	-0.2781	-0.318	-0.073	-0.077	-0.062	0
BRAND	HOW	[0.08728179551122195, 0.366, 0.13466334164588528, 0.377]	[0.08728179551122195, 0.55, 0.12344139650872818, 0.565]	no-link	question-question	0.0474	0.0	-0.0362	-0.184	-0.188	-0.173	0
(S)	PROMOTED:	[0.13591022443890274, 0.366, 0.1571072319201995, 0.383]	[0.15835411471321695, 0.365, 0.2506234413965087, 0.38]	word-word	question-question	0.1147	-0.001	0.0224	-0.003	0.0012	0.014	0
(S)	BRAND	[0.13591022443890274, 0.366, 0.1571072319201995, 0.383]	[0.08728179551122195, 0.366, 0.13466334164588528, 0.377]	no-link	question-question	0.0698	0.0486	0.0012	0.0	0.006	0.017	0
(S)	CARTON	[0.13591022443890274, 0.366, 0.1571072319201995, 0.383]	[0.33042394014962595, 0.415, 0.39526184538653364, 0.433]	no-link	question-answer	-0.1733	-0.1945	-0.2594	-0.049	-0.05	-0.032	0
(S)	PROMOTION	[0.13591022443890274, 0.366, 0.1571072319201995, 0.383]	[0.40523690773067333, 0.415, 0.5024937655860349, 0.43]	no-link	question-answer	-0.2481	-0.2693	-0.3666	-0.049	-0.047	-0.032	0
(S)	SWEEPSTAKES	[0.13591022443890274, 0.366, 0.1571072319201995, 0.383]	[0.5124688279301746, 0.415, 0.6309226932668329, 0.432]	no-link	question-answer	-0.3554	-0.3766	-0.495	-0.049	-0.049	-0.032	0
(S)	OF	[0.13591022443890274, 0.366, 0.1571072319201995, 0.383]	[0.12718204488778054, 0.416, 0.1483790523690773, 0.434]	no-link	question-question	0.0299	0.0087	-0.0125	-0.05	-0.051	-0.033	0
(S)	TYPE	[0.13591022443890274, 0.366, 0.1571072319201995, 0.383]	[0.08354114713216958, 0.419, 0.11970074812967581, 0.432]	no-link	question-question	0.0736	0.0524	0.0162	-0.053	-0.049	-0.036	0
(S)	(SEE	[0.13591022443890274, 0.366, 0.1571072319201995, 0.383]	[0.3653366583541147, 0.439, 0.40523690773067333, 0.454]	no-link	question-answer	-0.2082	-0.2294	-0.2693	-0.073	-0.071	-0.056	0
(S)	HOW	[0.13591022443890274, 0.366, 0.1571072319201995, 0.383]	[0.08728179551122195, 0.55, 0.12344139650872818, 0.565]	no-link	question-question	0.0698	0.0486	0.0125	-0.184	-0.182	-0.167	0
(S)	OTHER	[0.13591022443890274, 0.366, 0.1571072319201995, 0.383]	[0.0885286783042394, 0.603, 0.1371571072319202, 0.617]	no-link	question-question	0.0686	0.0474	-0.0012	-0.237	-0.234	-0.22	0
BRAND	TYPE	[0.08728179551122195, 0.366, 0.13466334164588528, 0.377]	[0.08354114713216958, 0.419, 0.11970074812967581, 0.432]	line-line	question-question	0.0324	0.053	-0.0037	0.055	-0.0511	0.066	5
BRAND	OTHER	[0.08728179551122195, 0.366, 0.13466334164588528, 0.377]	[0.0885286783042394, 0.603, 0.1371571072319202, 0.617]	no-link	question-question	0.0461	-0.0012	-0.0499	-0.237	-0.24	-0.226	5
BRAND	(S)	[0.08728179551122195, 0.366, 0.13466334164588528, 0.377]	[0.13591022443890274, 0.366, 0.1571072319201995, 0.383]	word-word	question-question	0.0698	0.0	0.0486	0.006	0.0012	0.017	5
(S)	PROMOTED:	[0.13591022443890274, 0.366, 0.1571072319201995, 0.383]	[0.15835411471321695, 0.365, 0.2506234413965087, 0.38]	word-word	question-question	0.1147	-0.001	0.0224	-0.003	0.0012	0.014	5
BRAND	MARLBORO	[0.08728179551122195, 0.366, 0.13466334164588528, 0.377]	[0.29925187032418954, 0.359, 0.38403990024937656, 0.374]	question-answer	question-answer	0.2968	-0.007	0.212	-0.003	0.1646	0.008	5
BRAND	COMPETITIVE	[0.08728179551122195, 0.366, 0.13466334164588528, 0.377]	[0.2805486284289277, 0.081, 0.39526184538653364, 0.098]	question-header	question-header	0.308	-0.285	0.1933	-0.279	0.1459	-0.268	5
CARTON	PROMOTION	[0.33042394014962595, 0.415, 0.39526184538653364, 0.433]	[0.40523690773067333, 0.415, 0.5024937655860349, 0.43]	word-word	answer-answer	0.1721	0.0	0.0748	-0.003	0.01	0.015	6
CARTON	SWEEPSTAKES	[0.33042394014962595, 0.415, 0.39526184538653364, 0.433]	[0.5124688279301746, 0.415, 0.6309226932668329, 0.432]	no-link	answer-answer	-0.1172	-0.182	-0.3005	0.0	0.001	0.018	6
CARTON	OF	[0.33042394014962595, 0.415, 0.39526184538653364, 0.433]	[0.12718204488778054, 0.416, 0.1483790523690773, 0.434]	no-link	answer-question	0.2681	0.2032	0.182	-0.001	-0.001	0.017	6
CARTON	TYPE	[0.33042394014962595, 0.415, 0.39526184538653364, 0.433]	[0.08354114713216958, 0.419, 0.11970074812967581, 0.432]	no-link	answer-question	0.3117	0.2469	0.2107	-0.004	0.001	0.014	6
CARTON	(SEE	[0.33042394014962595, 0.415, 0.39526184538653364, 0.433]	[0.3653366583541147, 0.439, 0.40523690773067333, 0.454]	no-link	answer-answer	0.0299	-0.0349	-0.0748	-0.024	-0.021	-0.006	6
CARTON	HOW	[0.33042394014962595, 0.415, 0.39526184538653364, 0.433]	[0.08728179551122195, 0.55, 0.12344139650872818, 0.565]	no-link	answer-question	0.308	0.2431	0.207	-0.135	-0.132	-0.117	6
CARTON	OTHER	[0.33042394014962595, 0.415, 0.39526184538653364, 0.433]	[0.0885286783042394, 0.603, 0.1371571072319202, 0.617]	no-link	answer-question	0.3067	0.2419	0.1933	-0.188	-0.184	-0.17	6
PROMOTION	SWEEPSTAKES	[0.40523690773067333, 0.415, 0.5024937655860349, 0.43]	[0.5124688279301746, 0.415, 0.6309226932668329, 0.432]	word-word	answer-answer	0.2257	0.0	0.1072	0.002	0.01	0.017	6
PROMOTION	OF	[0.40523690773067333, 0.415, 0.5024937655860349, 0.43]	[0.12718204488778054, 0.416, 0.1483790523690773, 0.434]	no-link	answer-question	0.3753	0.2781	0.2569	-0.001	-0.004	0.014	6
PROMOTION	TYPE	[0.40523690773067333, 0.415, 0.5024937655860349, 0.43]	[0.08354114713216958, 0.419, 0.11970074812967581, 0.432]	no-link	answer-question	0.419	0.3217	0.2855	-0.004	-0.002	0.011	6
PROMOTION	(SEE	[0.40523690773067333, 0.415, 0.5024937655860349, 0.43]	[0.3653366583541147, 0.439, 0.40523690773067333, 0.454]	no-link	answer-answer	0.1372	0.0399	0.0	-0.024	-0.024	-0.009	6
PROMOTION	HOW	[0.40523690773067333, 0.415, 0.5024937655860349, 0.43]	[0.08728179551122195, 0.55, 0.12344139650872818, 0.565]	no-link	answer-question	0.4152	0.318	0.2818	-0.135	-0.135	-0.12	6
PROMOTION	OTHER	[0.40523690773067333, 0.415, 0.5024937655860349, 0.43]	[0.0885286783042394, 0.603, 0.1371571072319202, 0.617]	no-link	answer-question	0.414	0.3167	0.2681	-0.188	-0.187	-0.173	6
SWEEPSTAKES	(SEE	[0.5124688279301746, 0.415, 0.6309226932668329, 0.432]	[0.3653366583541147, 0.439, 0.40523690773067333, 0.454]	word-word	answer-answer	-0.1072	0.024	-0.1471	0.022	-0.2656	0.039	6
SWEEPSTAKES	OF	[0.5124688279301746, 0.415, 0.6309226932668329, 0.432]	[0.12718204488778054, 0.416, 0.1483790523690773, 0.434]	no-link	answer-question	0.5037	0.3853	0.3641	-0.001	-0.002	0.016	6
SWEEPSTAKES	TYPE	[0.5124688279301746, 0.415, 0.6309226932668329, 0.432]	[0.08354114713216958, 0.419, 0.11970074812967581, 0.432]	no-link	answer-question	0.5474	0.4289	0.3928	-0.004	0.0	0.013	6
SWEEPSTAKES	HOW	[0.5124688279301746, 0.415, 0.6309226932668329, 0.432]	[0.08728179551122195, 0.55, 0.12344139650872818, 0.565]	no-link	answer-question	0.5436	0.4252	0.389	-0.135	-0.133	-0.118	6
SWEEPSTAKES	OTHER	[0.5124688279301746, 0.415, 0.6309226932668329, 0.432]	[0.0885286783042394, 0.603, 0.1371571072319202, 0.617]	no-link	answer-question	0.5424	0.4239	0.3753	-0.188	-0.185	-0.171	6
OF	PROMOTION:	[0.12718204488778054, 0.416, 0.1483790523690773, 0.434]	[0.15211970074812967, 0.416, 0.24937655860349128, 0.433]	word-word	question-question	0.1222	0.0	0.0249	-0.001	0.0037	0.017	0
OF	TYPE	[0.12718204488778054, 0.416, 0.1483790523690773, 0.434]	[0.08354114713216958, 0.419, 0.11970074812967581, 0.432]	no-link	question-question	0.0648	0.0436	0.0075	-0.003	0.002	0.015	0
OF	(SEE	[0.12718204488778054, 0.416, 0.1483790523690773, 0.434]	[0.3653366583541147, 0.439, 0.40523690773067333, 0.454]	no-link	question-answer	-0.217	-0.2382	-0.2781	-0.023	-0.02	-0.005	0
OF	HOW	[0.12718204488778054, 0.416, 0.1483790523690773, 0.434]	[0.08728179551122195, 0.55, 0.12344139650872818, 0.565]	no-link	question-question	0.0611	0.0399	0.0037	-0.134	-0.131	-0.116	0
OF	OTHER	[0.12718204488778054, 0.416, 0.1483790523690773, 0.434]	[0.0885286783042394, 0.603, 0.1371571072319202, 0.617]	no-link	question-question	0.0599	0.0387	-0.01	-0.187	-0.183	-0.169	0
OF	PROMOTION:	[0.12718204488778054, 0.416, 0.1483790523690773, 0.434]	[0.15211970074812967, 0.416, 0.24937655860349128, 0.433]	word-word	question-question	0.1222	0.0	0.0249	-0.001	0.0037	0.017	6
TYPE	OF	[0.08354114713216958, 0.419, 0.11970074812967581, 0.432]	[0.12718204488778054, 0.416, 0.1483790523690773, 0.434]	word-word	question-question	0.0648	-0.003	0.0436	0.002	0.0075	0.015	0
TYPE	(SEE	[0.08354114713216958, 0.419, 0.11970074812967581, 0.432]	[0.3653366583541147, 0.439, 0.40523690773067333, 0.454]	no-link	question-answer	-0.2456	-0.2818	-0.3217	-0.02	-0.022	-0.007	0
TYPE	HOW	[0.08354114713216958, 0.419, 0.11970074812967581, 0.432]	[0.08728179551122195, 0.55, 0.12344139650872818, 0.565]	no-link	question-question	0.0324	-0.0037	-0.0399	-0.131	-0.133	-0.118	0
TYPE	OTHER	[0.08354114713216958, 0.419, 0.11970074812967581, 0.432]	[0.0885286783042394, 0.603, 0.1371571072319202, 0.617]	no-link	question-question	0.0312	-0.005	-0.0536	-0.184	-0.185	-0.171	0
TYPE	HOW	[0.08354114713216958, 0.419, 0.11970074812967581, 0.432]	[0.08728179551122195, 0.55, 0.12344139650872818, 0.565]	line-line	question-question	0.0399	0.131	0.0037	0.133	-0.0324	0.146	6
TYPE	OF	[0.08354114713216958, 0.419, 0.11970074812967581, 0.432]	[0.12718204488778054, 0.416, 0.1483790523690773, 0.434]	word-word	question-question	0.0648	-0.003	0.0436	0.002	0.0075	0.015	6
TYPE	CARTON	[0.08354114713216958, 0.419, 0.11970074812967581, 0.432]	[0.33042394014962595, 0.415, 0.39526184538653364, 0.433]	question-answer	question-answer	0.3117	-0.004	0.2469	0.001	0.2107	0.014	6
TYPE	COMPETITIVE	[0.08354114713216958, 0.419, 0.11970074812967581, 0.432]	[0.2805486284289277, 0.081, 0.39526184538653364, 0.098]	question-header	question-header	0.3117	-0.338	0.197	-0.334	0.1608	-0.321	6
(SEE	ATTACHMENTS)	[0.3653366583541147, 0.439, 0.40523690773067333, 0.454]	[0.4177057356608479, 0.436, 0.5399002493765586, 0.453]	word-word	answer-answer	0.1746	-0.003	0.0524	-0.001	0.0125	0.014	6
(SEE	HOW	[0.3653366583541147, 0.439, 0.40523690773067333, 0.454]	[0.08728179551122195, 0.55, 0.12344139650872818, 0.565]	no-link	answer-question	0.318	0.2781	0.2419	-0.111	-0.111	-0.096	6
(SEE	OTHER	[0.3653366583541147, 0.439, 0.40523690773067333, 0.454]	[0.0885286783042394, 0.603, 0.1371571072319202, 0.617]	no-link	answer-question	0.3167	0.2768	0.2282	-0.164	-0.163	-0.149	6
HOW	WIDESPREAD?	[0.08728179551122195, 0.55, 0.12344139650872818, 0.565]	[0.12718204488778054, 0.55, 0.23316708229426433, 0.568]	word-word	question-question	0.1459	0.0	0.0399	0.003	0.0037	0.018	0
HOW	OTHER	[0.08728179551122195, 0.55, 0.12344139650872818, 0.565]	[0.0885286783042394, 0.603, 0.1371571072319202, 0.617]	no-link	question-question	0.0349	-0.0012	-0.0499	-0.053	-0.052	-0.038	0
HOW	OTHER	[0.08728179551122195, 0.55, 0.12344139650872818, 0.565]	[0.0885286783042394, 0.603, 0.1371571072319202, 0.617]	line-line	question-question	0.0499	0.053	0.0012	0.052	-0.0349	0.067	7
HOW	WIDESPREAD?	[0.08728179551122195, 0.55, 0.12344139650872818, 0.565]	[0.12718204488778054, 0.55, 0.23316708229426433, 0.568]	word-word	question-question	0.1459	0.0	0.0399	0.003	0.0037	0.018	7
HOW	COMPETITIVE	[0.08728179551122195, 0.55, 0.12344139650872818, 0.565]	[0.2805486284289277, 0.081, 0.39526184538653364, 0.098]	question-header	question-header	0.308	-0.469	0.1933	-0.467	0.1571	-0.452	7
OTHER	COMMENTS:	[0.0885286783042394, 0.603, 0.1371571072319202, 0.617]	[0.1433915211970075, 0.601, 0.2344139650872818, 0.618]	word-word	question-question	0.1459	-0.002	0.0549	0.001	0.0062	0.015	0
OTHER	COMMENTS:	[0.0885286783042394, 0.603, 0.1371571072319202, 0.617]	[0.1433915211970075, 0.601, 0.2344139650872818, 0.618]	word-word	question-question	0.1459	-0.002	0.0549	0.001	0.0062	0.015	8
OTHER	COMPETITIVE	[0.0885286783042394, 0.603, 0.1371571072319202, 0.617]	[0.2805486284289277, 0.081, 0.39526184538653364, 0.098]	question-header	question-header	0.3067	-0.522	0.192	-0.519	0.1434	-0.505	8
