NEW	REPORTED	[0.37772087067861715, 0.06, 0.4263764404609475, 0.077]	[0.08066581306017925, 0.12, 0.176696542893726, 0.138]	line-line	header-question	-0.201	0.06	-0.2971	0.061	-0.3457	0.078	0
NEW	COMPETITIVE	[0.37772087067861715, 0.06, 0.4263764404609475, 0.077]	[0.42765685019206146, 0.061, 0.5492957746478874, 0.076]	word-word	header-header	0.1716	0.001	0.0499	-0.001	0.0013	0.016	0
NEW	REPORTED	[0.37772087067861715, 0.06, 0.4263764404609475, 0.077]	[0.08066581306017925, 0.12, 0.176696542893726, 0.138]	header-question	header-question	-0.201	0.06	-0.2971	0.061	-0.3457	0.078	0
NEW	DATE:	[0.37772087067861715, 0.06, 0.4263764404609475, 0.077]	[0.147247119078105, 0.172, 0.20614596670934698, 0.192]	header-question	header-question	-0.1716	0.112	-0.2305	0.115	-0.2791	0.132	0
NEW	TIME:	[0.37772087067861715, 0.06, 0.4263764404609475, 0.077]	[0.31241997439180536, 0.173, 0.36235595390524966, 0.191]	header-question	header-question	-0.0154	0.113	-0.0653	0.114	-0.114	0.131	0
NEW	MANUFACTURER:	[0.37772087067861715, 0.06, 0.4263764404609475, 0.077]	[0.08194622279129321, 0.225, 0.23815620998719592, 0.245]	header-question	header-question	-0.1396	0.165	-0.2958	0.168	-0.3444	0.185	0
NEW	BRAND	[0.37772087067861715, 0.06, 0.4263764404609475, 0.077]	[0.08066581306017925, 0.278, 0.1446862996158771, 0.295]	header-question	header-question	-0.233	0.218	-0.2971	0.218	-0.3457	0.235	0
NEW	TYPE	[0.37772087067861715, 0.06, 0.4263764404609475, 0.077]	[0.08194622279129321, 0.332, 0.12804097311139565, 0.347]	header-question	header-question	-0.2497	0.272	-0.2958	0.27	-0.3444	0.287	0
NEW	SIZE	[0.37772087067861715, 0.06, 0.4263764404609475, 0.077]	[0.08066581306017925, 0.399, 0.12419974391805377, 0.417]	header-question	header-question	-0.2535	0.339	-0.2971	0.34	-0.3457	0.357	0
NEW	LIST	[0.37772087067861715, 0.06, 0.4263764404609475, 0.077]	[0.08194622279129321, 0.454, 0.11907810499359796, 0.471]	header-question	header-question	-0.2586	0.394	-0.2958	0.394	-0.3444	0.411	0
NEW	EXTENT	[0.37772087067861715, 0.06, 0.4263764404609475, 0.077]	[0.08194622279129321, 0.507, 0.15364916773367476, 0.521]	header-question	header-question	-0.2241	0.447	-0.2958	0.444	-0.3444	0.461	0
NEW	OTHER	[0.37772087067861715, 0.06, 0.4263764404609475, 0.077]	[0.08194622279129321, 0.608, 0.14596670934699105, 0.625]	header-question	header-question	-0.2318	0.548	-0.2958	0.548	-0.3444	0.565	0
NEW	cc:	[0.37772087067861715, 0.06, 0.4263764404609475, 0.077]	[0.08450704225352113, 0.751, 0.11523687580025609, 0.764]	header-question	header-question	-0.2625	0.691	-0.2932	0.687	-0.3419	0.704	0
NEW	COMPETITIVE	[0.37772087067861715, 0.06, 0.4263764404609475, 0.077]	[0.42765685019206146, 0.061, 0.5492957746478874, 0.076]	word-word	header-header	0.1716	0.001	0.0499	-0.001	0.0013	0.016	1
NEW	COMPETITIVE	[0.37772087067861715, 0.06, 0.4263764404609475, 0.077]	[0.42765685019206146, 0.061, 0.5492957746478874, 0.076]	word-word	header-header	0.1716	0.001	0.0499	-0.001	0.0013	0.016	2
NEW	COMPETITIVE	[0.37772087067861715, 0.06, 0.4263764404609475, 0.077]	[0.42765685019206146, 0.061, 0.5492957746478874, 0.076]	word-word	header-header	0.1716	0.001	0.0499	-0.001	0.0013	0.016	3
NEW	LUBBOCK,	[0.37772087067861715, 0.06, 0.4263764404609475, 0.077]	[0.5006402048655569, 0.12, 0.5915492957746479, 0.137]	no-link	header-answer	-0.0743	-0.1229	-0.2138	-0.06	-0.06	-0.043	3
NEW	COMPETITIVE	[0.37772087067861715, 0.06, 0.4263764404609475, 0.077]	[0.42765685019206146, 0.061, 0.5492957746478874, 0.076]	word-word	header-header	0.1716	0.001	0.0499	-0.001	0.0013	0.016	4
NEW	COMPETITIVE	[0.37772087067861715, 0.06, 0.4263764404609475, 0.077]	[0.42765685019206146, 0.061, 0.5492957746478874, 0.076]	word-word	header-header	0.1716	0.001	0.0499	-0.001	0.0013	0.016	5
NEW	C.	[0.37772087067861715, 0.06, 0.4263764404609475, 0.077]	[0.235595390524968, 0.122, 0.26248399487836105, 0.137]	no-link	header-answer	0.1908	0.1421	0.1152	-0.062	-0.06	-0.045	5
NEW	COMPETITIVE	[0.37772087067861715, 0.06, 0.4263764404609475, 0.077]	[0.42765685019206146, 0.061, 0.5492957746478874, 0.076]	word-word	header-header	0.1716	0.001	0.0499	-0.001	0.0013	0.016	6
NEW	WIECHMANN,	[0.37772087067861715, 0.06, 0.4263764404609475, 0.077]	[0.3072983354673495, 0.122, 0.4199743918053777, 0.139]	no-link	header-answer	0.1191	0.0704	-0.0423	-0.062	-0.062	-0.045	6
NEW	COMPETITIVE	[0.37772087067861715, 0.06, 0.4263764404609475, 0.077]	[0.42765685019206146, 0.061, 0.5492957746478874, 0.076]	word-word	header-header	0.1716	0.001	0.0499	-0.001	0.0013	0.016	7
NEW	D.	[0.37772087067861715, 0.06, 0.4263764404609475, 0.077]	[0.4327784891165173, 0.122, 0.4558258642765685, 0.137]	no-link	header-answer	-0.0064	-0.0551	-0.0781	-0.062	-0.06	-0.045	7
NEW	COMPETITIVE	[0.37772087067861715, 0.06, 0.4263764404609475, 0.077]	[0.42765685019206146, 0.061, 0.5492957746478874, 0.076]	word-word	header-header	0.1716	0.001	0.0499	-0.001	0.0013	0.016	8
NEW	M.	[0.37772087067861715, 0.06, 0.4263764404609475, 0.077]	[0.4558258642765685, 0.122, 0.47503201024327785, 0.137]	no-link	header-answer	-0.0294	-0.0781	-0.0973	-0.062	-0.06	-0.045	8
NEW	COMPETITIVE	[0.37772087067861715, 0.06, 0.4263764404609475, 0.077]	[0.42765685019206146, 0.061, 0.5492957746478874, 0.076]	word-word	header-header	0.1716	0.001	0.0499	-0.001	0.0013	0.016	9
NEW	,	[0.37772087067861715, 0.06, 0.4263764404609475, 0.077]	[0.4788732394366197, 0.122, 0.49167733674775926, 0.139]	no-link	header-answer	-0.0525	-0.1012	-0.114	-0.062	-0.062	-0.045	9
COMPETITIVE	PRODUCTS	[0.42765685019206146, 0.061, 0.5492957746478874, 0.076]	[0.5544174135723432, 0.059, 0.6568501920614597, 0.077]	word-word	header-header	0.2292	-0.002	0.1268	0.001	0.0051	0.016	0
COMPETITIVE	REPORTED	[0.42765685019206146, 0.061, 0.5492957746478874, 0.076]	[0.08066581306017925, 0.12, 0.176696542893726, 0.138]	no-link	header-question	0.4686	0.347	0.251	-0.059	-0.062	-0.044	0
COMPETITIVE	LUBBOCK,	[0.42765685019206146, 0.061, 0.5492957746478874, 0.076]	[0.5006402048655569, 0.12, 0.5915492957746479, 0.137]	no-link	header-answer	0.0487	-0.073	-0.1639	-0.059	-0.061	-0.044	0
COMPETITIVE	C.	[0.42765685019206146, 0.061, 0.5492957746478874, 0.076]	[0.235595390524968, 0.122, 0.26248399487836105, 0.137]	no-link	header-answer	0.3137	0.1921	0.1652	-0.061	-0.061	-0.046	0
COMPETITIVE	WIECHMANN,	[0.42765685019206146, 0.061, 0.5492957746478874, 0.076]	[0.3072983354673495, 0.122, 0.4199743918053777, 0.139]	no-link	header-answer	0.242	0.1204	0.0077	-0.061	-0.063	-0.046	0
COMPETITIVE	D.	[0.42765685019206146, 0.061, 0.5492957746478874, 0.076]	[0.4327784891165173, 0.122, 0.4558258642765685, 0.137]	no-link	header-answer	0.1165	-0.0051	-0.0282	-0.061	-0.061	-0.046	0
COMPETITIVE	M.	[0.42765685019206146, 0.061, 0.5492957746478874, 0.076]	[0.4558258642765685, 0.122, 0.47503201024327785, 0.137]	no-link	header-answer	0.0935	-0.0282	-0.0474	-0.061	-0.061	-0.046	0
COMPETITIVE	,	[0.42765685019206146, 0.061, 0.5492957746478874, 0.076]	[0.4788732394366197, 0.122, 0.49167733674775926, 0.139]	no-link	header-answer	0.0704	-0.0512	-0.064	-0.061	-0.063	-0.046	0
COMPETITIVE	PRODUCTS	[0.42765685019206146, 0.061, 0.5492957746478874, 0.076]	[0.5544174135723432, 0.059, 0.6568501920614597, 0.077]	word-word	header-header	0.2292	-0.002	0.1268	0.001	0.0051	0.016	1
COMPETITIVE	DATE:	[0.42765685019206146, 0.061, 0.5492957746478874, 0.076]	[0.147247119078105, 0.172, 0.20614596670934698, 0.192]	no-link	header-question	0.402	0.2804	0.2215	-0.111	-0.116	-0.096	1
COMPETITIVE	PRODUCTS	[0.42765685019206146, 0.061, 0.5492957746478874, 0.076]	[0.5544174135723432, 0.059, 0.6568501920614597, 0.077]	word-word	header-header	0.2292	-0.002	0.1268	0.001	0.0051	0.016	2
COMPETITIVE	PRODUCTS	[0.42765685019206146, 0.061, 0.5492957746478874, 0.076]	[0.5544174135723432, 0.059, 0.6568501920614597, 0.077]	word-word	header-header	0.2292	-0.002	0.1268	0.001	0.0051	0.016	3
COMPETITIVE	PRODUCTS	[0.42765685019206146, 0.061, 0.5492957746478874, 0.076]	[0.5544174135723432, 0.059, 0.6568501920614597, 0.077]	word-word	header-header	0.2292	-0.002	0.1268	0.001	0.0051	0.016	4
COMPETITIVE	10	[0.42765685019206146, 0.061, 0.5492957746478874, 0.076]	[0.2176696542893726, 0.172, 0.23943661971830985, 0.189]	no-link	header-answer	0.3316	0.21	0.1882	-0.111	-0.113	-0.096	4
COMPETITIVE	PRODUCTS	[0.42765685019206146, 0.061, 0.5492957746478874, 0.076]	[0.5544174135723432, 0.059, 0.6568501920614597, 0.077]	word-word	header-header	0.2292	-0.002	0.1268	0.001	0.0051	0.016	5
COMPETITIVE	PRODUCTS	[0.42765685019206146, 0.061, 0.5492957746478874, 0.076]	[0.5544174135723432, 0.059, 0.6568501920614597, 0.077]	word-word	header-header	0.2292	-0.002	0.1268	0.001	0.0051	0.016	6
COMPETITIVE	/5	[0.42765685019206146, 0.061, 0.5492957746478874, 0.076]	[0.23815620998719592, 0.173, 0.26376440460947503, 0.19]	no-link	header-answer	0.3111	0.1895	0.1639	-0.112	-0.114	-0.097	6
COMPETITIVE	PRODUCTS	[0.42765685019206146, 0.061, 0.5492957746478874, 0.076]	[0.5544174135723432, 0.059, 0.6568501920614597, 0.077]	word-word	header-header	0.2292	-0.002	0.1268	0.001	0.0051	0.016	7
COMPETITIVE	TIME:	[0.42765685019206146, 0.061, 0.5492957746478874, 0.076]	[0.31241997439180536, 0.173, 0.36235595390524966, 0.191]	no-link	header-header	0.2369	0.1152	0.0653	-0.112	-0.115	-0.097	7
COMPETITIVE	PRODUCTS	[0.42765685019206146, 0.061, 0.5492957746478874, 0.076]	[0.5544174135723432, 0.059, 0.6568501920614597, 0.077]	word-word	header-header	0.2292	-0.002	0.1268	0.001	0.0051	0.016	8
COMPETITIVE	J.	[0.42765685019206146, 0.061, 0.5492957746478874, 0.076]	[0.32522407170294493, 0.222, 0.352112676056338, 0.242]	no-link	header-answer	0.2241	0.1024	0.0755	-0.161	-0.166	-0.146	8
COMPETITIVE	PRODUCTS	[0.42765685019206146, 0.061, 0.5492957746478874, 0.076]	[0.5544174135723432, 0.059, 0.6568501920614597, 0.077]	word-word	header-header	0.2292	-0.002	0.1268	0.001	0.0051	0.016	9
COMPETITIVE	R.	[0.42765685019206146, 0.061, 0.5492957746478874, 0.076]	[0.293213828425096, 0.223, 0.3201024327784891, 0.241]	no-link	header-answer	0.2561	0.1344	0.1076	-0.162	-0.165	-0.147	9
REPORTED	BY	[0.08066581306017925, 0.12, 0.176696542893726, 0.138]	[0.18181818181818182, 0.119, 0.20998719590268886, 0.137]	word-word	question-question	0.1293	-0.001	0.1012	-0.001	0.0051	0.017	0
REPORTED	LUBBOCK,	[0.08066581306017925, 0.12, 0.176696542893726, 0.138]	[0.5006402048655569, 0.12, 0.5915492957746479, 0.137]	no-link	question-answer	-0.3239	-0.42	-0.5109	0.0	0.001	0.018	0
REPORTED	C.	[0.08066581306017925, 0.12, 0.176696542893726, 0.138]	[0.235595390524968, 0.122, 0.26248399487836105, 0.137]	no-link	question-answer	-0.0589	-0.1549	-0.1818	-0.002	0.001	0.016	0
REPORTED	WIECHMANN,	[0.08066581306017925, 0.12, 0.176696542893726, 0.138]	[0.3072983354673495, 0.122, 0.4199743918053777, 0.139]	no-link	question-answer	-0.1306	-0.2266	-0.3393	-0.002	-0.001	0.016	0
REPORTED	D.	[0.08066581306017925, 0.12, 0.176696542893726, 0.138]	[0.4327784891165173, 0.122, 0.4558258642765685, 0.137]	no-link	question-answer	-0.2561	-0.3521	-0.3752	-0.002	0.001	0.016	0
REPORTED	M.	[0.08066581306017925, 0.12, 0.176696542893726, 0.138]	[0.4558258642765685, 0.122, 0.47503201024327785, 0.137]	no-link	question-answer	-0.2791	-0.3752	-0.3944	-0.002	0.001	0.016	0
REPORTED	,	[0.08066581306017925, 0.12, 0.176696542893726, 0.138]	[0.4788732394366197, 0.122, 0.49167733674775926, 0.139]	no-link	question-answer	-0.3022	-0.3982	-0.411	-0.002	-0.001	0.016	0
REPORTED	DATE:	[0.08066581306017925, 0.12, 0.176696542893726, 0.138]	[0.147247119078105, 0.172, 0.20614596670934698, 0.192]	no-link	question-question	0.0294	-0.0666	-0.1255	-0.052	-0.054	-0.034	0
REPORTED	10	[0.08066581306017925, 0.12, 0.176696542893726, 0.138]	[0.2176696542893726, 0.172, 0.23943661971830985, 0.189]	no-link	question-answer	-0.041	-0.137	-0.1588	-0.052	-0.051	-0.034	0
REPORTED	/5	[0.08066581306017925, 0.12, 0.176696542893726, 0.138]	[0.23815620998719592, 0.173, 0.26376440460947503, 0.19]	no-link	question-answer	-0.0615	-0.1575	-0.1831	-0.053	-0.052	-0.035	0
REPORTED	TIME:	[0.08066581306017925, 0.12, 0.176696542893726, 0.138]	[0.31241997439180536, 0.173, 0.36235595390524966, 0.191]	no-link	question-header	-0.1357	-0.2318	-0.2817	-0.053	-0.053	-0.035	0
REPORTED	J.	[0.08066581306017925, 0.12, 0.176696542893726, 0.138]	[0.32522407170294493, 0.222, 0.352112676056338, 0.242]	no-link	question-answer	-0.1485	-0.2446	-0.2714	-0.102	-0.104	-0.084	0
REPORTED	R.	[0.08066581306017925, 0.12, 0.176696542893726, 0.138]	[0.293213828425096, 0.223, 0.3201024327784891, 0.241]	no-link	question-answer	-0.1165	-0.2125	-0.2394	-0.103	-0.103	-0.085	0
REPORTED	MANUFACTURER:	[0.08066581306017925, 0.12, 0.176696542893726, 0.138]	[0.08194622279129321, 0.225, 0.23815620998719592, 0.245]	no-link	question-question	0.0948	-0.0013	-0.1575	-0.105	-0.107	-0.087	0
REPORTED	DATE:	[0.08066581306017925, 0.12, 0.176696542893726, 0.138]	[0.147247119078105, 0.172, 0.20614596670934698, 0.192]	line-line	question-question	0.1255	0.052	0.0666	0.054	-0.0294	0.072	1
REPORTED	BY	[0.08066581306017925, 0.12, 0.176696542893726, 0.138]	[0.18181818181818182, 0.119, 0.20998719590268886, 0.137]	word-word	question-question	0.1293	-0.001	0.1012	-0.001	0.0051	0.017	1
REPORTED	C.	[0.08066581306017925, 0.12, 0.176696542893726, 0.138]	[0.235595390524968, 0.122, 0.26248399487836105, 0.137]	question-answer	question-answer	0.1818	0.002	0.1549	-0.001	0.0589	0.017	1
REPORTED	BRAND	[0.08066581306017925, 0.12, 0.176696542893726, 0.138]	[0.08066581306017925, 0.278, 0.1446862996158771, 0.295]	no-link	question-question	0.096	0.0	-0.064	-0.158	-0.157	-0.14	1
LUBBOCK,	TX	[0.5006402048655569, 0.12, 0.5915492957746479, 0.137]	[0.6030729833546735, 0.117, 0.6299615877080665, 0.135]	word-word	answer-answer	0.1293	-0.003	0.1024	-0.002	0.0115	0.015	1
LUBBOCK,	C.	[0.5006402048655569, 0.12, 0.5915492957746479, 0.137]	[0.235595390524968, 0.122, 0.26248399487836105, 0.137]	no-link	answer-answer	0.356	0.265	0.2382	-0.002	0.0	0.015	1
LUBBOCK,	WIECHMANN,	[0.5006402048655569, 0.12, 0.5915492957746479, 0.137]	[0.3072983354673495, 0.122, 0.4199743918053777, 0.139]	no-link	answer-answer	0.2843	0.1933	0.0807	-0.002	-0.002	0.015	1
LUBBOCK,	D.	[0.5006402048655569, 0.12, 0.5915492957746479, 0.137]	[0.4327784891165173, 0.122, 0.4558258642765685, 0.137]	no-link	answer-answer	0.1588	0.0679	0.0448	-0.002	0.0	0.015	1
LUBBOCK,	M.	[0.5006402048655569, 0.12, 0.5915492957746479, 0.137]	[0.4558258642765685, 0.122, 0.47503201024327785, 0.137]	no-link	answer-answer	0.1357	0.0448	0.0256	-0.002	0.0	0.015	1
LUBBOCK,	,	[0.5006402048655569, 0.12, 0.5915492957746479, 0.137]	[0.4788732394366197, 0.122, 0.49167733674775926, 0.139]	no-link	answer-answer	0.1127	0.0218	0.009	-0.002	-0.002	0.015	1
LUBBOCK,	DATE:	[0.5006402048655569, 0.12, 0.5915492957746479, 0.137]	[0.147247119078105, 0.172, 0.20614596670934698, 0.192]	no-link	answer-question	0.4443	0.3534	0.2945	-0.052	-0.055	-0.035	1
LUBBOCK,	10	[0.5006402048655569, 0.12, 0.5915492957746479, 0.137]	[0.2176696542893726, 0.172, 0.23943661971830985, 0.189]	no-link	answer-answer	0.3739	0.283	0.2612	-0.052	-0.052	-0.035	1
LUBBOCK,	/5	[0.5006402048655569, 0.12, 0.5915492957746479, 0.137]	[0.23815620998719592, 0.173, 0.26376440460947503, 0.19]	no-link	answer-answer	0.3534	0.2625	0.2369	-0.053	-0.053	-0.036	1
LUBBOCK,	TIME:	[0.5006402048655569, 0.12, 0.5915492957746479, 0.137]	[0.31241997439180536, 0.173, 0.36235595390524966, 0.191]	no-link	answer-header	0.2791	0.1882	0.1383	-0.053	-0.054	-0.036	1
LUBBOCK,	J.	[0.5006402048655569, 0.12, 0.5915492957746479, 0.137]	[0.32522407170294493, 0.222, 0.352112676056338, 0.242]	no-link	answer-answer	0.2663	0.1754	0.1485	-0.102	-0.105	-0.085	1
LUBBOCK,	R.	[0.5006402048655569, 0.12, 0.5915492957746479, 0.137]	[0.293213828425096, 0.223, 0.3201024327784891, 0.241]	no-link	answer-answer	0.2983	0.2074	0.1805	-0.103	-0.104	-0.086	1
LUBBOCK,	MANUFACTURER:	[0.5006402048655569, 0.12, 0.5915492957746479, 0.137]	[0.08194622279129321, 0.225, 0.23815620998719592, 0.245]	no-link	answer-question	0.5096	0.4187	0.2625	-0.105	-0.108	-0.088	1
LUBBOCK,	BRAND	[0.5006402048655569, 0.12, 0.5915492957746479, 0.137]	[0.08066581306017925, 0.278, 0.1446862996158771, 0.295]	no-link	answer-question	0.5109	0.42	0.356	-0.158	-0.158	-0.141	1
REPORTED	NEW	[0.08066581306017925, 0.12, 0.176696542893726, 0.138]	[0.37772087067861715, 0.06, 0.4263764404609475, 0.077]	question-header	question-header	0.3457	-0.06	0.2971	-0.061	0.201	-0.043	1
C.	M.	[0.235595390524968, 0.122, 0.26248399487836105, 0.137]	[0.2701664532650448, 0.123, 0.29577464788732394, 0.138]	word-word	answer-answer	0.0602	0.001	0.0346	0.001	0.0077	0.016	1
C.	D.	[0.235595390524968, 0.122, 0.26248399487836105, 0.137]	[0.4327784891165173, 0.122, 0.4558258642765685, 0.137]	no-link	answer-answer	-0.1703	-0.1972	-0.2202	0.0	0.0	0.015	1
C.	,	[0.235595390524968, 0.122, 0.26248399487836105, 0.137]	[0.4788732394366197, 0.122, 0.49167733674775926, 0.139]	no-link	answer-answer	-0.2164	-0.2433	-0.2561	0.0	-0.002	0.015	1
C.	DATE:	[0.235595390524968, 0.122, 0.26248399487836105, 0.137]	[0.147247119078105, 0.172, 0.20614596670934698, 0.192]	no-link	answer-question	0.1152	0.0883	0.0294	-0.05	-0.055	-0.035	1
C.	10	[0.235595390524968, 0.122, 0.26248399487836105, 0.137]	[0.2176696542893726, 0.172, 0.23943661971830985, 0.189]	no-link	answer-answer	0.0448	0.0179	-0.0038	-0.05	-0.052	-0.035	1
C.	/5	[0.235595390524968, 0.122, 0.26248399487836105, 0.137]	[0.23815620998719592, 0.173, 0.26376440460947503, 0.19]	no-link	answer-answer	0.0243	-0.0026	-0.0282	-0.051	-0.053	-0.036	1
C.	TIME:	[0.235595390524968, 0.122, 0.26248399487836105, 0.137]	[0.31241997439180536, 0.173, 0.36235595390524966, 0.191]	no-link	answer-header	-0.0499	-0.0768	-0.1268	-0.051	-0.054	-0.036	1
C.	J.	[0.235595390524968, 0.122, 0.26248399487836105, 0.137]	[0.32522407170294493, 0.222, 0.352112676056338, 0.242]	no-link	answer-answer	-0.0627	-0.0896	-0.1165	-0.1	-0.105	-0.085	1
C.	R.	[0.235595390524968, 0.122, 0.26248399487836105, 0.137]	[0.293213828425096, 0.223, 0.3201024327784891, 0.241]	no-link	answer-answer	-0.0307	-0.0576	-0.0845	-0.101	-0.104	-0.086	1
C.	MANUFACTURER:	[0.235595390524968, 0.122, 0.26248399487836105, 0.137]	[0.08194622279129321, 0.225, 0.23815620998719592, 0.245]	no-link	answer-question	0.1805	0.1536	-0.0026	-0.103	-0.108	-0.088	1
C.	BRAND	[0.235595390524968, 0.122, 0.26248399487836105, 0.137]	[0.08066581306017925, 0.278, 0.1446862996158771, 0.295]	no-link	answer-question	0.1818	0.1549	0.0909	-0.156	-0.158	-0.141	1
WIECHMANN,	D.	[0.3072983354673495, 0.122, 0.4199743918053777, 0.139]	[0.4327784891165173, 0.122, 0.4558258642765685, 0.137]	word-word	answer-answer	0.1485	0.0	0.1255	-0.002	0.0128	0.015	1
WIECHMANN,	M.	[0.3072983354673495, 0.122, 0.4199743918053777, 0.139]	[0.4558258642765685, 0.122, 0.47503201024327785, 0.137]	no-link	answer-answer	-0.0359	-0.1485	-0.1677	0.0	0.002	0.017	1
WIECHMANN,	,	[0.3072983354673495, 0.122, 0.4199743918053777, 0.139]	[0.4788732394366197, 0.122, 0.49167733674775926, 0.139]	no-link	answer-answer	-0.0589	-0.1716	-0.1844	0.0	0.0	0.017	1
WIECHMANN,	DATE:	[0.3072983354673495, 0.122, 0.4199743918053777, 0.139]	[0.147247119078105, 0.172, 0.20614596670934698, 0.192]	no-link	answer-question	0.2727	0.1601	0.1012	-0.05	-0.053	-0.033	1
WIECHMANN,	10	[0.3072983354673495, 0.122, 0.4199743918053777, 0.139]	[0.2176696542893726, 0.172, 0.23943661971830985, 0.189]	no-link	answer-answer	0.2023	0.0896	0.0679	-0.05	-0.05	-0.033	1
WIECHMANN,	/5	[0.3072983354673495, 0.122, 0.4199743918053777, 0.139]	[0.23815620998719592, 0.173, 0.26376440460947503, 0.19]	no-link	answer-answer	0.1818	0.0691	0.0435	-0.051	-0.051	-0.034	1
WIECHMANN,	TIME:	[0.3072983354673495, 0.122, 0.4199743918053777, 0.139]	[0.31241997439180536, 0.173, 0.36235595390524966, 0.191]	no-link	answer-header	0.1076	-0.0051	-0.0551	-0.051	-0.052	-0.034	1
WIECHMANN,	J.	[0.3072983354673495, 0.122, 0.4199743918053777, 0.139]	[0.32522407170294493, 0.222, 0.352112676056338, 0.242]	no-link	answer-answer	0.0948	-0.0179	-0.0448	-0.1	-0.103	-0.083	1
WIECHMANN,	R.	[0.3072983354673495, 0.122, 0.4199743918053777, 0.139]	[0.293213828425096, 0.223, 0.3201024327784891, 0.241]	no-link	answer-answer	0.1268	0.0141	-0.0128	-0.101	-0.102	-0.084	1
WIECHMANN,	MANUFACTURER:	[0.3072983354673495, 0.122, 0.4199743918053777, 0.139]	[0.08194622279129321, 0.225, 0.23815620998719592, 0.245]	no-link	answer-question	0.338	0.2254	0.0691	-0.103	-0.106	-0.086	1
WIECHMANN,	BRAND	[0.3072983354673495, 0.122, 0.4199743918053777, 0.139]	[0.08066581306017925, 0.278, 0.1446862996158771, 0.295]	no-link	answer-question	0.3393	0.2266	0.1626	-0.156	-0.156	-0.139	1
WIECHMANN,	CIGARETTES	[0.3072983354673495, 0.122, 0.4199743918053777, 0.139]	[0.3559539052496799, 0.278, 0.47247119078104993, 0.296]	no-link	answer-answer	0.064	-0.0487	-0.1652	-0.156	-0.157	-0.139	1
D.	M.	[0.4327784891165173, 0.122, 0.4558258642765685, 0.137]	[0.4558258642765685, 0.122, 0.47503201024327785, 0.137]	word-word	answer-answer	0.0423	0.0	0.023	0.0	0.0	0.015	1
D.	,	[0.4327784891165173, 0.122, 0.4558258642765685, 0.137]	[0.4788732394366197, 0.122, 0.49167733674775926, 0.139]	no-link	answer-answer	-0.023	-0.0461	-0.0589	0.0	-0.002	0.015	1
D.	DATE:	[0.4327784891165173, 0.122, 0.4558258642765685, 0.137]	[0.147247119078105, 0.172, 0.20614596670934698, 0.192]	no-link	answer-question	0.3086	0.2855	0.2266	-0.05	-0.055	-0.035	1
D.	10	[0.4327784891165173, 0.122, 0.4558258642765685, 0.137]	[0.2176696542893726, 0.172, 0.23943661971830985, 0.189]	no-link	answer-answer	0.2382	0.2151	0.1933	-0.05	-0.052	-0.035	1
D.	/5	[0.4327784891165173, 0.122, 0.4558258642765685, 0.137]	[0.23815620998719592, 0.173, 0.26376440460947503, 0.19]	no-link	answer-answer	0.2177	0.1946	0.169	-0.051	-0.053	-0.036	1
D.	TIME:	[0.4327784891165173, 0.122, 0.4558258642765685, 0.137]	[0.31241997439180536, 0.173, 0.36235595390524966, 0.191]	no-link	answer-header	0.1434	0.1204	0.0704	-0.051	-0.054	-0.036	1
D.	J.	[0.4327784891165173, 0.122, 0.4558258642765685, 0.137]	[0.32522407170294493, 0.222, 0.352112676056338, 0.242]	no-link	answer-answer	0.1306	0.1076	0.0807	-0.1	-0.105	-0.085	1
D.	R.	[0.4327784891165173, 0.122, 0.4558258642765685, 0.137]	[0.293213828425096, 0.223, 0.3201024327784891, 0.241]	no-link	answer-answer	0.1626	0.1396	0.1127	-0.101	-0.104	-0.086	1
D.	MANUFACTURER:	[0.4327784891165173, 0.122, 0.4558258642765685, 0.137]	[0.08194622279129321, 0.225, 0.23815620998719592, 0.245]	no-link	answer-question	0.3739	0.3508	0.1946	-0.103	-0.108	-0.088	1
D.	BRAND	[0.4327784891165173, 0.122, 0.4558258642765685, 0.137]	[0.08066581306017925, 0.278, 0.1446862996158771, 0.295]	no-link	answer-question	0.3752	0.3521	0.2881	-0.156	-0.158	-0.141	1
D.	CIGARETTES	[0.4327784891165173, 0.122, 0.4558258642765685, 0.137]	[0.3559539052496799, 0.278, 0.47247119078104993, 0.296]	no-link	answer-answer	0.0999	0.0768	-0.0397	-0.156	-0.159	-0.141	1
M.	,	[0.4558258642765685, 0.122, 0.47503201024327785, 0.137]	[0.4788732394366197, 0.122, 0.49167733674775926, 0.139]	word-word	answer-answer	0.0359	0.0	0.023	0.002	0.0038	0.017	1
M.	DATE:	[0.4558258642765685, 0.122, 0.47503201024327785, 0.137]	[0.147247119078105, 0.172, 0.20614596670934698, 0.192]	no-link	answer-question	0.3278	0.3086	0.2497	-0.05	-0.055	-0.035	1
M.	10	[0.4558258642765685, 0.122, 0.47503201024327785, 0.137]	[0.2176696542893726, 0.172, 0.23943661971830985, 0.189]	no-link	answer-answer	0.2574	0.2382	0.2164	-0.05	-0.052	-0.035	1
M.	/5	[0.4558258642765685, 0.122, 0.47503201024327785, 0.137]	[0.23815620998719592, 0.173, 0.26376440460947503, 0.19]	no-link	answer-answer	0.2369	0.2177	0.1921	-0.051	-0.053	-0.036	1
M.	TIME:	[0.4558258642765685, 0.122, 0.47503201024327785, 0.137]	[0.31241997439180536, 0.173, 0.36235595390524966, 0.191]	no-link	answer-header	0.1626	0.1434	0.0935	-0.051	-0.054	-0.036	1
M.	J.	[0.4558258642765685, 0.122, 0.47503201024327785, 0.137]	[0.32522407170294493, 0.222, 0.352112676056338, 0.242]	no-link	answer-answer	0.1498	0.1306	0.1037	-0.1	-0.105	-0.085	1
M.	R.	[0.4558258642765685, 0.122, 0.47503201024327785, 0.137]	[0.293213828425096, 0.223, 0.3201024327784891, 0.241]	no-link	answer-answer	0.1818	0.1626	0.1357	-0.101	-0.104	-0.086	1
M.	MANUFACTURER:	[0.4558258642765685, 0.122, 0.47503201024327785, 0.137]	[0.08194622279129321, 0.225, 0.23815620998719592, 0.245]	no-link	answer-question	0.3931	0.3739	0.2177	-0.103	-0.108	-0.088	1
M.	BRAND	[0.4558258642765685, 0.122, 0.47503201024327785, 0.137]	[0.08066581306017925, 0.278, 0.1446862996158771, 0.295]	no-link	answer-question	0.3944	0.3752	0.3111	-0.156	-0.158	-0.141	1
M.	CIGARETTES	[0.4558258642765685, 0.122, 0.47503201024327785, 0.137]	[0.3559539052496799, 0.278, 0.47247119078104993, 0.296]	no-link	answer-answer	0.1191	0.0999	-0.0166	-0.156	-0.159	-0.141	1
M.	CARDINAL	[0.4558258642765685, 0.122, 0.47503201024327785, 0.137]	[0.24839948783610755, 0.281, 0.34827144686299616, 0.298]	no-link	answer-answer	0.2266	0.2074	0.1076	-0.159	-0.161	-0.144	1
,	LUBBOCK,	[0.4788732394366197, 0.122, 0.49167733674775926, 0.139]	[0.5006402048655569, 0.12, 0.5915492957746479, 0.137]	word-word	answer-answer	0.1127	-0.002	0.0218	-0.002	0.009	0.015	1
,	DATE:	[0.4788732394366197, 0.122, 0.49167733674775926, 0.139]	[0.147247119078105, 0.172, 0.20614596670934698, 0.192]	no-link	answer-question	0.3444	0.3316	0.2727	-0.05	-0.053	-0.033	1
,	10	[0.4788732394366197, 0.122, 0.49167733674775926, 0.139]	[0.2176696542893726, 0.172, 0.23943661971830985, 0.189]	no-link	answer-answer	0.274	0.2612	0.2394	-0.05	-0.05	-0.033	1
,	/5	[0.4788732394366197, 0.122, 0.49167733674775926, 0.139]	[0.23815620998719592, 0.173, 0.26376440460947503, 0.19]	no-link	answer-answer	0.2535	0.2407	0.2151	-0.051	-0.051	-0.034	1
,	TIME:	[0.4788732394366197, 0.122, 0.49167733674775926, 0.139]	[0.31241997439180536, 0.173, 0.36235595390524966, 0.191]	no-link	answer-header	0.1793	0.1665	0.1165	-0.051	-0.052	-0.034	1
,	J.	[0.4788732394366197, 0.122, 0.49167733674775926, 0.139]	[0.32522407170294493, 0.222, 0.352112676056338, 0.242]	no-link	answer-answer	0.1665	0.1536	0.1268	-0.1	-0.103	-0.083	1
,	R.	[0.4788732394366197, 0.122, 0.49167733674775926, 0.139]	[0.293213828425096, 0.223, 0.3201024327784891, 0.241]	no-link	answer-answer	0.1985	0.1857	0.1588	-0.101	-0.102	-0.084	1
,	MANUFACTURER:	[0.4788732394366197, 0.122, 0.49167733674775926, 0.139]	[0.08194622279129321, 0.225, 0.23815620998719592, 0.245]	no-link	answer-question	0.4097	0.3969	0.2407	-0.103	-0.106	-0.086	1
,	BRAND	[0.4788732394366197, 0.122, 0.49167733674775926, 0.139]	[0.08066581306017925, 0.278, 0.1446862996158771, 0.295]	no-link	answer-question	0.411	0.3982	0.3342	-0.156	-0.156	-0.139	1
,	CIGARETTES	[0.4788732394366197, 0.122, 0.49167733674775926, 0.139]	[0.3559539052496799, 0.278, 0.47247119078104993, 0.296]	no-link	answer-answer	0.1357	0.1229	0.0064	-0.156	-0.157	-0.139	1
,	CARDINAL	[0.4788732394366197, 0.122, 0.49167733674775926, 0.139]	[0.24839948783610755, 0.281, 0.34827144686299616, 0.298]	no-link	answer-answer	0.2433	0.2305	0.1306	-0.159	-0.159	-0.142	1
,	(11	[0.4788732394366197, 0.122, 0.49167733674775926, 0.139]	[0.49295774647887325, 0.281, 0.5275288092189501, 0.298]	no-link	answer-answer	-0.0013	-0.0141	-0.0487	-0.159	-0.159	-0.142	1
M.	WIECHMANN,	[0.2701664532650448, 0.123, 0.29577464788732394, 0.138]	[0.3072983354673495, 0.122, 0.4199743918053777, 0.139]	word-word	answer-answer	0.1498	-0.001	0.0371	0.001	0.0115	0.016	1
M.	(11	[0.2701664532650448, 0.123, 0.29577464788732394, 0.138]	[0.49295774647887325, 0.281, 0.5275288092189501, 0.298]	no-link	answer-answer	-0.1972	-0.2228	-0.2574	-0.158	-0.16	-0.143	1
M.	TYPE	[0.2701664532650448, 0.123, 0.29577464788732394, 0.138]	[0.08194622279129321, 0.332, 0.12804097311139565, 0.347]	no-link	answer-question	0.2138	0.1882	0.1421	-0.209	-0.209	-0.194	1
DATE:	TIME:	[0.147247119078105, 0.172, 0.20614596670934698, 0.192]	[0.31241997439180536, 0.173, 0.36235595390524966, 0.191]	question-question	question-question	0.2151	0.001	0.1652	-0.001	0.1063	0.019	2
DATE:	10	[0.147247119078105, 0.172, 0.20614596670934698, 0.192]	[0.2176696542893726, 0.172, 0.23943661971830985, 0.189]	no-link	question-answer	-0.0115	-0.0704	-0.0922	0.0	0.003	0.02	2
DATE:	/5	[0.147247119078105, 0.172, 0.20614596670934698, 0.192]	[0.23815620998719592, 0.173, 0.26376440460947503, 0.19]	no-link	question-answer	-0.032	-0.0909	-0.1165	-0.001	0.002	0.019	2
DATE:	J.	[0.147247119078105, 0.172, 0.20614596670934698, 0.192]	[0.32522407170294493, 0.222, 0.352112676056338, 0.242]	no-link	question-answer	-0.1191	-0.178	-0.2049	-0.05	-0.05	-0.03	2
DATE:	R.	[0.147247119078105, 0.172, 0.20614596670934698, 0.192]	[0.293213828425096, 0.223, 0.3201024327784891, 0.241]	no-link	question-answer	-0.0871	-0.146	-0.1729	-0.051	-0.049	-0.031	2
DATE:	MANUFACTURER:	[0.147247119078105, 0.172, 0.20614596670934698, 0.192]	[0.08194622279129321, 0.225, 0.23815620998719592, 0.245]	no-link	question-question	0.1242	0.0653	-0.0909	-0.053	-0.053	-0.033	2
DATE:	BRAND	[0.147247119078105, 0.172, 0.20614596670934698, 0.192]	[0.08066581306017925, 0.278, 0.1446862996158771, 0.295]	no-link	question-question	0.1255	0.0666	0.0026	-0.106	-0.103	-0.086	2
DATE:	CIGARETTES	[0.147247119078105, 0.172, 0.20614596670934698, 0.192]	[0.3559539052496799, 0.278, 0.47247119078104993, 0.296]	no-link	question-answer	-0.1498	-0.2087	-0.3252	-0.106	-0.104	-0.086	2
DATE:	CARDINAL	[0.147247119078105, 0.172, 0.20614596670934698, 0.192]	[0.24839948783610755, 0.281, 0.34827144686299616, 0.298]	no-link	question-answer	-0.0423	-0.1012	-0.201	-0.109	-0.106	-0.089	2
DATE:	(11	[0.147247119078105, 0.172, 0.20614596670934698, 0.192]	[0.49295774647887325, 0.281, 0.5275288092189501, 0.298]	no-link	question-answer	-0.2868	-0.3457	-0.3803	-0.109	-0.106	-0.089	2
DATE:	TYPE	[0.147247119078105, 0.172, 0.20614596670934698, 0.192]	[0.08194622279129321, 0.332, 0.12804097311139565, 0.347]	no-link	question-question	0.1242	0.0653	0.0192	-0.16	-0.155	-0.14	2
DATE:	OF	[0.147247119078105, 0.172, 0.20614596670934698, 0.192]	[0.13444302176696543, 0.332, 0.16005121638924455, 0.345]	no-link	question-question	0.0717	0.0128	-0.0128	-0.16	-0.153	-0.14	2
DATE:	MANUFACTURER:	[0.147247119078105, 0.172, 0.20614596670934698, 0.192]	[0.08194622279129321, 0.225, 0.23815620998719592, 0.245]	line-line	question-question	0.0909	0.053	-0.0653	0.053	-0.1242	0.073	2
DATE:	10	[0.147247119078105, 0.172, 0.20614596670934698, 0.192]	[0.2176696542893726, 0.172, 0.23943661971830985, 0.189]	question-answer	question-answer	0.0922	0.0	0.0704	-0.003	0.0115	0.017	2
10	/5	[0.2176696542893726, 0.172, 0.23943661971830985, 0.189]	[0.23815620998719592, 0.173, 0.26376440460947503, 0.19]	word-word	answer-answer	0.0461	0.001	0.0205	0.001	-0.0013	0.018	2
10	TIME:	[0.2176696542893726, 0.172, 0.23943661971830985, 0.189]	[0.31241997439180536, 0.173, 0.36235595390524966, 0.191]	no-link	answer-header	-0.073	-0.0948	-0.1447	-0.001	-0.002	0.016	2
10	J.	[0.2176696542893726, 0.172, 0.23943661971830985, 0.189]	[0.32522407170294493, 0.222, 0.352112676056338, 0.242]	no-link	answer-answer	-0.0858	-0.1076	-0.1344	-0.05	-0.053	-0.033	2
10	R.	[0.2176696542893726, 0.172, 0.23943661971830985, 0.189]	[0.293213828425096, 0.223, 0.3201024327784891, 0.241]	no-link	answer-answer	-0.0538	-0.0755	-0.1024	-0.051	-0.052	-0.034	2
10	MANUFACTURER:	[0.2176696542893726, 0.172, 0.23943661971830985, 0.189]	[0.08194622279129321, 0.225, 0.23815620998719592, 0.245]	no-link	answer-question	0.1575	0.1357	-0.0205	-0.053	-0.056	-0.036	2
10	BRAND	[0.2176696542893726, 0.172, 0.23943661971830985, 0.189]	[0.08066581306017925, 0.278, 0.1446862996158771, 0.295]	no-link	answer-question	0.1588	0.137	0.073	-0.106	-0.106	-0.089	2
10	CIGARETTES	[0.2176696542893726, 0.172, 0.23943661971830985, 0.189]	[0.3559539052496799, 0.278, 0.47247119078104993, 0.296]	no-link	answer-answer	-0.1165	-0.1383	-0.2548	-0.106	-0.107	-0.089	2
10	CARDINAL	[0.2176696542893726, 0.172, 0.23943661971830985, 0.189]	[0.24839948783610755, 0.281, 0.34827144686299616, 0.298]	no-link	answer-answer	-0.009	-0.0307	-0.1306	-0.109	-0.109	-0.092	2
10	(11	[0.2176696542893726, 0.172, 0.23943661971830985, 0.189]	[0.49295774647887325, 0.281, 0.5275288092189501, 0.298]	no-link	answer-answer	-0.2535	-0.2753	-0.3099	-0.109	-0.109	-0.092	2
10	TYPE	[0.2176696542893726, 0.172, 0.23943661971830985, 0.189]	[0.08194622279129321, 0.332, 0.12804097311139565, 0.347]	no-link	answer-question	0.1575	0.1357	0.0896	-0.16	-0.158	-0.143	2
10	OF	[0.2176696542893726, 0.172, 0.23943661971830985, 0.189]	[0.13444302176696543, 0.332, 0.16005121638924455, 0.345]	no-link	answer-question	0.105	0.0832	0.0576	-0.16	-0.156	-0.143	2
DATE:	NEW	[0.147247119078105, 0.172, 0.20614596670934698, 0.192]	[0.37772087067861715, 0.06, 0.4263764404609475, 0.077]	question-header	question-header	0.2791	-0.112	0.2305	-0.115	0.1716	-0.095	2
/5	/92	[0.23815620998719592, 0.173, 0.26376440460947503, 0.19]	[0.2612035851472471, 0.172, 0.29833546734955185, 0.189]	word-word	answer-answer	0.0602	-0.001	0.023	-0.001	-0.0026	0.016	2
/5	J.	[0.23815620998719592, 0.173, 0.26376440460947503, 0.19]	[0.32522407170294493, 0.222, 0.352112676056338, 0.242]	no-link	answer-answer	-0.0615	-0.0871	-0.114	-0.049	-0.052	-0.032	2
/5	R.	[0.23815620998719592, 0.173, 0.26376440460947503, 0.19]	[0.293213828425096, 0.223, 0.3201024327784891, 0.241]	no-link	answer-answer	-0.0294	-0.0551	-0.0819	-0.05	-0.051	-0.033	2
/5	MANUFACTURER:	[0.23815620998719592, 0.173, 0.26376440460947503, 0.19]	[0.08194622279129321, 0.225, 0.23815620998719592, 0.245]	no-link	answer-question	0.1818	0.1562	0.0	-0.052	-0.055	-0.035	2
/5	BRAND	[0.23815620998719592, 0.173, 0.26376440460947503, 0.19]	[0.08066581306017925, 0.278, 0.1446862996158771, 0.295]	no-link	answer-question	0.1831	0.1575	0.0935	-0.105	-0.105	-0.088	2
/5	CIGARETTES	[0.23815620998719592, 0.173, 0.26376440460947503, 0.19]	[0.3559539052496799, 0.278, 0.47247119078104993, 0.296]	no-link	answer-answer	-0.0922	-0.1178	-0.2343	-0.105	-0.106	-0.088	2
/5	CARDINAL	[0.23815620998719592, 0.173, 0.26376440460947503, 0.19]	[0.24839948783610755, 0.281, 0.34827144686299616, 0.298]	no-link	answer-answer	0.0154	-0.0102	-0.1101	-0.108	-0.108	-0.091	2
/5	(11	[0.23815620998719592, 0.173, 0.26376440460947503, 0.19]	[0.49295774647887325, 0.281, 0.5275288092189501, 0.298]	no-link	answer-answer	-0.2292	-0.2548	-0.2894	-0.108	-0.108	-0.091	2
/5	TYPE	[0.23815620998719592, 0.173, 0.26376440460947503, 0.19]	[0.08194622279129321, 0.332, 0.12804097311139565, 0.347]	no-link	answer-question	0.1818	0.1562	0.1101	-0.159	-0.157	-0.142	2
/5	OF	[0.23815620998719592, 0.173, 0.26376440460947503, 0.19]	[0.13444302176696543, 0.332, 0.16005121638924455, 0.345]	no-link	answer-question	0.1293	0.1037	0.0781	-0.159	-0.155	-0.142	2
/5	OR	[0.23815620998719592, 0.173, 0.26376440460947503, 0.19]	[0.13060179257362356, 0.398, 0.15749039692701663, 0.416]	no-link	answer-question	0.1332	0.1076	0.0807	-0.225	-0.226	-0.208	2
TIME:	NEW	[0.31241997439180536, 0.173, 0.36235595390524966, 0.191]	[0.37772087067861715, 0.06, 0.4263764404609475, 0.077]	question-header	question-header	0.114	-0.113	0.0653	-0.114	0.0154	-0.096	2
TIME:	R.	[0.31241997439180536, 0.173, 0.36235595390524966, 0.191]	[0.293213828425096, 0.223, 0.3201024327784891, 0.241]	no-link	question-answer	0.0691	0.0192	-0.0077	-0.05	-0.05	-0.032	2
TIME:	MANUFACTURER:	[0.31241997439180536, 0.173, 0.36235595390524966, 0.191]	[0.08194622279129321, 0.225, 0.23815620998719592, 0.245]	no-link	question-question	0.2804	0.2305	0.0743	-0.052	-0.054	-0.034	2
TIME:	BRAND	[0.31241997439180536, 0.173, 0.36235595390524966, 0.191]	[0.08066581306017925, 0.278, 0.1446862996158771, 0.295]	no-link	question-question	0.2817	0.2318	0.1677	-0.105	-0.104	-0.087	2
TIME:	CIGARETTES	[0.31241997439180536, 0.173, 0.36235595390524966, 0.191]	[0.3559539052496799, 0.278, 0.47247119078104993, 0.296]	no-link	question-answer	0.0064	-0.0435	-0.1601	-0.105	-0.105	-0.087	2
TIME:	CARDINAL	[0.31241997439180536, 0.173, 0.36235595390524966, 0.191]	[0.24839948783610755, 0.281, 0.34827144686299616, 0.298]	no-link	question-answer	0.114	0.064	-0.0359	-0.108	-0.107	-0.09	2
TIME:	(11	[0.31241997439180536, 0.173, 0.36235595390524966, 0.191]	[0.49295774647887325, 0.281, 0.5275288092189501, 0.298]	no-link	question-answer	-0.1306	-0.1805	-0.2151	-0.108	-0.107	-0.09	2
TIME:	TYPE	[0.31241997439180536, 0.173, 0.36235595390524966, 0.191]	[0.08194622279129321, 0.332, 0.12804097311139565, 0.347]	no-link	question-question	0.2804	0.2305	0.1844	-0.159	-0.156	-0.141	2
TIME:	OF	[0.31241997439180536, 0.173, 0.36235595390524966, 0.191]	[0.13444302176696543, 0.332, 0.16005121638924455, 0.345]	no-link	question-question	0.2279	0.178	0.1524	-0.159	-0.154	-0.141	2
TIME:	OR	[0.31241997439180536, 0.173, 0.36235595390524966, 0.191]	[0.13060179257362356, 0.398, 0.15749039692701663, 0.416]	no-link	question-question	0.2318	0.1818	0.1549	-0.225	-0.225	-0.207	2
J.	REYNOLDS	[0.32522407170294493, 0.222, 0.352112676056338, 0.242]	[0.3649167733674776, 0.222, 0.45838668373879643, 0.24]	word-word	answer-answer	0.1332	0.0	0.0397	-0.002	0.0128	0.018	3
J.	MANUFACTURER:	[0.32522407170294493, 0.222, 0.352112676056338, 0.242]	[0.08194622279129321, 0.225, 0.23815620998719592, 0.245]	no-link	answer-question	0.2702	0.2433	0.0871	-0.003	-0.003	0.017	3
J.	BRAND	[0.32522407170294493, 0.222, 0.352112676056338, 0.242]	[0.08066581306017925, 0.278, 0.1446862996158771, 0.295]	no-link	answer-question	0.2714	0.2446	0.1805	-0.056	-0.053	-0.036	3
J.	CIGARETTES	[0.32522407170294493, 0.222, 0.352112676056338, 0.242]	[0.3559539052496799, 0.278, 0.47247119078104993, 0.296]	no-link	answer-answer	-0.0038	-0.0307	-0.1472	-0.056	-0.054	-0.036	3
J.	CARDINAL	[0.32522407170294493, 0.222, 0.352112676056338, 0.242]	[0.24839948783610755, 0.281, 0.34827144686299616, 0.298]	no-link	answer-answer	0.1037	0.0768	-0.023	-0.059	-0.056	-0.039	3
J.	(11	[0.32522407170294493, 0.222, 0.352112676056338, 0.242]	[0.49295774647887325, 0.281, 0.5275288092189501, 0.298]	no-link	answer-answer	-0.1408	-0.1677	-0.2023	-0.059	-0.056	-0.039	3
J.	TYPE	[0.32522407170294493, 0.222, 0.352112676056338, 0.242]	[0.08194622279129321, 0.332, 0.12804097311139565, 0.347]	no-link	answer-question	0.2702	0.2433	0.1972	-0.11	-0.105	-0.09	3
J.	OF	[0.32522407170294493, 0.222, 0.352112676056338, 0.242]	[0.13444302176696543, 0.332, 0.16005121638924455, 0.345]	no-link	answer-question	0.2177	0.1908	0.1652	-0.11	-0.103	-0.09	3
J.	OR	[0.32522407170294493, 0.222, 0.352112676056338, 0.242]	[0.13060179257362356, 0.398, 0.15749039692701663, 0.416]	no-link	answer-question	0.2215	0.1946	0.1677	-0.176	-0.174	-0.156	3
J.	SIZE	[0.32522407170294493, 0.222, 0.352112676056338, 0.242]	[0.08066581306017925, 0.399, 0.12419974391805377, 0.417]	no-link	answer-question	0.2714	0.2446	0.201	-0.177	-0.175	-0.157	3
R.	J.	[0.293213828425096, 0.223, 0.3201024327784891, 0.241]	[0.32522407170294493, 0.222, 0.352112676056338, 0.242]	word-word	answer-answer	0.0589	-0.001	0.032	0.001	0.0051	0.019	3
R.	MANUFACTURER:	[0.293213828425096, 0.223, 0.3201024327784891, 0.241]	[0.08194622279129321, 0.225, 0.23815620998719592, 0.245]	no-link	answer-answer	0.2382	0.2113	0.0551	-0.002	-0.004	0.016	3
R.	BRAND	[0.293213828425096, 0.223, 0.3201024327784891, 0.241]	[0.08066581306017925, 0.278, 0.1446862996158771, 0.295]	no-link	answer-question	0.2394	0.2125	0.1485	-0.055	-0.054	-0.037	3
R.	CIGARETTES	[0.293213828425096, 0.223, 0.3201024327784891, 0.241]	[0.3559539052496799, 0.278, 0.47247119078104993, 0.296]	no-link	answer-answer	-0.0359	-0.0627	-0.1793	-0.055	-0.055	-0.037	3
R.	CARDINAL	[0.293213828425096, 0.223, 0.3201024327784891, 0.241]	[0.24839948783610755, 0.281, 0.34827144686299616, 0.298]	no-link	answer-answer	0.0717	0.0448	-0.0551	-0.058	-0.057	-0.04	3
R.	(11	[0.293213828425096, 0.223, 0.3201024327784891, 0.241]	[0.49295774647887325, 0.281, 0.5275288092189501, 0.298]	no-link	answer-answer	-0.1729	-0.1997	-0.2343	-0.058	-0.057	-0.04	3
R.	TYPE	[0.293213828425096, 0.223, 0.3201024327784891, 0.241]	[0.08194622279129321, 0.332, 0.12804097311139565, 0.347]	no-link	answer-question	0.2382	0.2113	0.1652	-0.109	-0.106	-0.091	3
R.	OF	[0.293213828425096, 0.223, 0.3201024327784891, 0.241]	[0.13444302176696543, 0.332, 0.16005121638924455, 0.345]	no-link	answer-question	0.1857	0.1588	0.1332	-0.109	-0.104	-0.091	3
R.	OR	[0.293213828425096, 0.223, 0.3201024327784891, 0.241]	[0.13060179257362356, 0.398, 0.15749039692701663, 0.416]	no-link	answer-question	0.1895	0.1626	0.1357	-0.175	-0.175	-0.157	3
R.	SIZE	[0.293213828425096, 0.223, 0.3201024327784891, 0.241]	[0.08066581306017925, 0.399, 0.12419974391805377, 0.417]	no-link	answer-question	0.2394	0.2125	0.169	-0.176	-0.176	-0.158	3
MANUFACTURER:	BRAND	[0.08194622279129321, 0.225, 0.23815620998719592, 0.245]	[0.08066581306017925, 0.278, 0.1446862996158771, 0.295]	line-line	question-question	0.0627	0.053	-0.0013	0.05	-0.1575	0.07	3
MANUFACTURER:	CIGARETTES	[0.08194622279129321, 0.225, 0.23815620998719592, 0.245]	[0.3559539052496799, 0.278, 0.47247119078104993, 0.296]	no-link	question-answer	-0.1178	-0.274	-0.3905	-0.053	-0.051	-0.033	3
MANUFACTURER:	CARDINAL	[0.08194622279129321, 0.225, 0.23815620998719592, 0.245]	[0.24839948783610755, 0.281, 0.34827144686299616, 0.298]	no-link	question-answer	-0.0102	-0.1665	-0.2663	-0.056	-0.053	-0.036	3
MANUFACTURER:	(11	[0.08194622279129321, 0.225, 0.23815620998719592, 0.245]	[0.49295774647887325, 0.281, 0.5275288092189501, 0.298]	no-link	question-answer	-0.2548	-0.411	-0.4456	-0.056	-0.053	-0.036	3
MANUFACTURER:	TYPE	[0.08194622279129321, 0.225, 0.23815620998719592, 0.245]	[0.08194622279129321, 0.332, 0.12804097311139565, 0.347]	no-link	question-question	0.1562	0.0	-0.0461	-0.107	-0.102	-0.087	3
MANUFACTURER:	OF	[0.08194622279129321, 0.225, 0.23815620998719592, 0.245]	[0.13444302176696543, 0.332, 0.16005121638924455, 0.345]	no-link	question-question	0.1037	-0.0525	-0.0781	-0.107	-0.1	-0.087	3
MANUFACTURER:	OR	[0.08194622279129321, 0.225, 0.23815620998719592, 0.245]	[0.13060179257362356, 0.398, 0.15749039692701663, 0.416]	no-link	question-question	0.1076	-0.0487	-0.0755	-0.173	-0.171	-0.153	3
MANUFACTURER:	SIZE	[0.08194622279129321, 0.225, 0.23815620998719592, 0.245]	[0.08066581306017925, 0.399, 0.12419974391805377, 0.417]	no-link	question-question	0.1575	0.0013	-0.0423	-0.174	-0.172	-0.154	3
MANUFACTURER:	R.	[0.08194622279129321, 0.225, 0.23815620998719592, 0.245]	[0.293213828425096, 0.223, 0.3201024327784891, 0.241]	question-answer	question-answer	0.2382	-0.002	0.2113	-0.004	0.0551	0.016	3
MANUFACTURER:	NEW	[0.08194622279129321, 0.225, 0.23815620998719592, 0.245]	[0.37772087067861715, 0.06, 0.4263764404609475, 0.077]	question-header	question-header	0.3444	-0.165	0.2958	-0.168	0.1396	-0.148	3
MANUFACTURER:	LIST	[0.08194622279129321, 0.225, 0.23815620998719592, 0.245]	[0.08194622279129321, 0.454, 0.11907810499359796, 0.471]	no-link	question-question	0.1562	0.0	-0.0371	-0.229	-0.226	-0.209	3
BRAND	NAME:	[0.08066581306017925, 0.278, 0.1446862996158771, 0.295]	[0.14852752880921896, 0.279, 0.20742637644046094, 0.297]	word-word	question-question	0.1268	0.001	0.0679	0.002	0.0038	0.019	0
BRAND	CIGARETTES	[0.08066581306017925, 0.278, 0.1446862996158771, 0.295]	[0.3559539052496799, 0.278, 0.47247119078104993, 0.296]	no-link	question-answer	-0.2113	-0.2753	-0.3918	0.0	-0.001	0.017	0
BRAND	CARDINAL	[0.08066581306017925, 0.278, 0.1446862996158771, 0.295]	[0.24839948783610755, 0.281, 0.34827144686299616, 0.298]	no-link	question-answer	-0.1037	-0.1677	-0.2676	-0.003	-0.003	0.014	0
BRAND	(11	[0.08066581306017925, 0.278, 0.1446862996158771, 0.295]	[0.49295774647887325, 0.281, 0.5275288092189501, 0.298]	no-link	question-answer	-0.3483	-0.4123	-0.4469	-0.003	-0.003	0.014	0
BRAND	TYPE	[0.08066581306017925, 0.278, 0.1446862996158771, 0.295]	[0.08194622279129321, 0.332, 0.12804097311139565, 0.347]	no-link	question-question	0.0627	-0.0013	-0.0474	-0.054	-0.052	-0.037	0
BRAND	OF	[0.08066581306017925, 0.278, 0.1446862996158771, 0.295]	[0.13444302176696543, 0.332, 0.16005121638924455, 0.345]	no-link	question-question	0.0102	-0.0538	-0.0794	-0.054	-0.05	-0.037	0
BRAND	OR	[0.08066581306017925, 0.278, 0.1446862996158771, 0.295]	[0.13060179257362356, 0.398, 0.15749039692701663, 0.416]	no-link	question-question	0.0141	-0.0499	-0.0768	-0.12	-0.121	-0.103	0
BRAND	SIZE	[0.08066581306017925, 0.278, 0.1446862996158771, 0.295]	[0.08066581306017925, 0.399, 0.12419974391805377, 0.417]	no-link	question-question	0.064	0.0	-0.0435	-0.121	-0.122	-0.104	0
BRAND	LIST	[0.08066581306017925, 0.278, 0.1446862996158771, 0.295]	[0.08194622279129321, 0.454, 0.11907810499359796, 0.471]	no-link	question-question	0.0627	-0.0013	-0.0384	-0.176	-0.176	-0.159	0
BRAND	TYPE	[0.08066581306017925, 0.278, 0.1446862996158771, 0.295]	[0.08194622279129321, 0.332, 0.12804097311139565, 0.347]	line-line	question-question	0.0474	0.054	0.0013	0.052	-0.0627	0.069	4
BRAND	NAME:	[0.08066581306017925, 0.278, 0.1446862996158771, 0.295]	[0.14852752880921896, 0.279, 0.20742637644046094, 0.297]	word-word	question-question	0.1268	0.001	0.0679	0.002	0.0038	0.019	4
BRAND	CARDINAL	[0.08066581306017925, 0.278, 0.1446862996158771, 0.295]	[0.24839948783610755, 0.281, 0.34827144686299616, 0.298]	question-answer	question-answer	0.2676	0.003	0.1677	0.003	0.1037	0.02	4
BRAND	EXTENT	[0.08066581306017925, 0.278, 0.1446862996158771, 0.295]	[0.08194622279129321, 0.507, 0.15364916773367476, 0.521]	no-link	question-question	0.0627	-0.0013	-0.073	-0.229	-0.226	-0.212	4
CIGARETTES	(11	[0.3559539052496799, 0.278, 0.47247119078104993, 0.296]	[0.49295774647887325, 0.281, 0.5275288092189501, 0.298]	word-word	answer-answer	0.1716	0.003	0.137	0.002	0.0205	0.02	4
CIGARETTES	CARDINAL	[0.3559539052496799, 0.278, 0.47247119078104993, 0.296]	[0.24839948783610755, 0.281, 0.34827144686299616, 0.298]	no-link	answer-answer	0.2241	0.1076	0.0077	-0.003	-0.002	0.015	4
CIGARETTES	TYPE	[0.3559539052496799, 0.278, 0.47247119078104993, 0.296]	[0.08194622279129321, 0.332, 0.12804097311139565, 0.347]	no-link	answer-question	0.3905	0.274	0.2279	-0.054	-0.051	-0.036	4
CIGARETTES	OF	[0.3559539052496799, 0.278, 0.47247119078104993, 0.296]	[0.13444302176696543, 0.332, 0.16005121638924455, 0.345]	no-link	answer-question	0.338	0.2215	0.1959	-0.054	-0.049	-0.036	4
CIGARETTES	OR	[0.3559539052496799, 0.278, 0.47247119078104993, 0.296]	[0.13060179257362356, 0.398, 0.15749039692701663, 0.416]	no-link	answer-question	0.3419	0.2254	0.1985	-0.12	-0.12	-0.102	4
CIGARETTES	SIZE	[0.3559539052496799, 0.278, 0.47247119078104993, 0.296]	[0.08066581306017925, 0.399, 0.12419974391805377, 0.417]	no-link	answer-question	0.3918	0.2753	0.2318	-0.121	-0.121	-0.103	4
CIGARETTES	LIST	[0.3559539052496799, 0.278, 0.47247119078104993, 0.296]	[0.08194622279129321, 0.454, 0.11907810499359796, 0.471]	no-link	answer-question	0.3905	0.274	0.2369	-0.176	-0.175	-0.158	4
CIGARETTES	EXTENT	[0.3559539052496799, 0.278, 0.47247119078104993, 0.296]	[0.08194622279129321, 0.507, 0.15364916773367476, 0.521]	no-link	answer-question	0.3905	0.274	0.2023	-0.229	-0.225	-0.211	4
BRAND	NEW	[0.08066581306017925, 0.278, 0.1446862996158771, 0.295]	[0.37772087067861715, 0.06, 0.4263764404609475, 0.077]	question-header	question-header	0.3457	-0.218	0.2971	-0.218	0.233	-0.201	4
CARDINAL	CIGARETTES	[0.24839948783610755, 0.281, 0.34827144686299616, 0.298]	[0.3559539052496799, 0.278, 0.47247119078104993, 0.296]	word-word	answer-answer	0.2241	-0.003	0.1076	-0.002	0.0077	0.015	4
CARDINAL	TYPE	[0.24839948783610755, 0.281, 0.34827144686299616, 0.298]	[0.08194622279129321, 0.332, 0.12804097311139565, 0.347]	no-link	answer-question	0.2663	0.1665	0.1204	-0.051	-0.049	-0.034	4
CARDINAL	OF	[0.24839948783610755, 0.281, 0.34827144686299616, 0.298]	[0.13444302176696543, 0.332, 0.16005121638924455, 0.345]	no-link	answer-question	0.2138	0.114	0.0883	-0.051	-0.047	-0.034	4
CARDINAL	OR	[0.24839948783610755, 0.281, 0.34827144686299616, 0.298]	[0.13060179257362356, 0.398, 0.15749039692701663, 0.416]	no-link	answer-question	0.2177	0.1178	0.0909	-0.117	-0.118	-0.1	4
CARDINAL	SIZE	[0.24839948783610755, 0.281, 0.34827144686299616, 0.298]	[0.08066581306017925, 0.399, 0.12419974391805377, 0.417]	no-link	answer-question	0.2676	0.1677	0.1242	-0.118	-0.119	-0.101	4
CARDINAL	LIST	[0.24839948783610755, 0.281, 0.34827144686299616, 0.298]	[0.08194622279129321, 0.454, 0.11907810499359796, 0.471]	no-link	answer-question	0.2663	0.1665	0.1293	-0.173	-0.173	-0.156	4
CARDINAL	EXTENT	[0.24839948783610755, 0.281, 0.34827144686299616, 0.298]	[0.08194622279129321, 0.507, 0.15364916773367476, 0.521]	no-link	answer-question	0.2663	0.1665	0.0948	-0.226	-0.223	-0.209	4
(11	PACKINGS)	[0.49295774647887325, 0.281, 0.5275288092189501, 0.298]	[0.5352112676056338, 0.279, 0.6389244558258643, 0.296]	word-word	answer-answer	0.146	-0.002	0.0423	-0.002	0.0077	0.015	4
(11	OF	[0.49295774647887325, 0.281, 0.5275288092189501, 0.298]	[0.13444302176696543, 0.332, 0.16005121638924455, 0.345]	no-link	answer-question	0.3931	0.3585	0.3329	-0.051	-0.047	-0.034	4
(11	TYPE	[0.49295774647887325, 0.281, 0.5275288092189501, 0.298]	[0.08194622279129321, 0.332, 0.12804097311139565, 0.347]	no-link	answer-question	0.4456	0.411	0.3649	-0.051	-0.049	-0.034	4
(11	OR	[0.49295774647887325, 0.281, 0.5275288092189501, 0.298]	[0.13060179257362356, 0.398, 0.15749039692701663, 0.416]	no-link	answer-question	0.3969	0.3624	0.3355	-0.117	-0.118	-0.1	4
(11	SIZE	[0.49295774647887325, 0.281, 0.5275288092189501, 0.298]	[0.08066581306017925, 0.399, 0.12419974391805377, 0.417]	no-link	answer-question	0.4469	0.4123	0.3688	-0.118	-0.119	-0.101	4
(11	LIST	[0.49295774647887325, 0.281, 0.5275288092189501, 0.298]	[0.08194622279129321, 0.454, 0.11907810499359796, 0.471]	no-link	answer-question	0.4456	0.411	0.3739	-0.173	-0.173	-0.156	4
(11	EXTENT	[0.49295774647887325, 0.281, 0.5275288092189501, 0.298]	[0.08194622279129321, 0.507, 0.15364916773367476, 0.521]	no-link	answer-question	0.4456	0.411	0.3393	-0.226	-0.223	-0.209	4
TYPE	OF	[0.08194622279129321, 0.332, 0.12804097311139565, 0.347]	[0.13444302176696543, 0.332, 0.16005121638924455, 0.345]	word-word	question-question	0.0781	0.0	0.0525	-0.002	0.0064	0.013	0
TYPE	OR	[0.08194622279129321, 0.332, 0.12804097311139565, 0.347]	[0.13060179257362356, 0.398, 0.15749039692701663, 0.416]	no-link	question-question	-0.0026	-0.0487	-0.0755	-0.066	-0.069	-0.051	0
TYPE	SIZE	[0.08194622279129321, 0.332, 0.12804097311139565, 0.347]	[0.08066581306017925, 0.399, 0.12419974391805377, 0.417]	no-link	question-question	0.0474	0.0013	-0.0423	-0.067	-0.07	-0.052	0
TYPE	LIST	[0.08194622279129321, 0.332, 0.12804097311139565, 0.347]	[0.08194622279129321, 0.454, 0.11907810499359796, 0.471]	no-link	question-question	0.0461	0.0	-0.0371	-0.122	-0.124	-0.107	0
TYPE	EXTENT	[0.08194622279129321, 0.332, 0.12804097311139565, 0.347]	[0.08194622279129321, 0.507, 0.15364916773367476, 0.521]	no-link	question-question	0.0461	0.0	-0.0717	-0.175	-0.174	-0.16	0
OF	PRODUCT:	[0.13444302176696543, 0.332, 0.16005121638924455, 0.345]	[0.08450704225352113, 0.351, 0.1792573623559539, 0.368]	word-word	question-question	0.0448	0.019	-0.0499	0.023	-0.0755	0.036	0
OF	TYPE	[0.13444302176696543, 0.332, 0.16005121638924455, 0.345]	[0.08194622279129321, 0.332, 0.12804097311139565, 0.347]	no-link	question-question	0.0781	0.0525	0.0064	0.0	-0.002	0.013	0
OF	OR	[0.13444302176696543, 0.332, 0.16005121638924455, 0.345]	[0.13060179257362356, 0.398, 0.15749039692701663, 0.416]	no-link	question-question	0.0294	0.0038	-0.023	-0.066	-0.071	-0.053	0
OF	SIZE	[0.13444302176696543, 0.332, 0.16005121638924455, 0.345]	[0.08066581306017925, 0.399, 0.12419974391805377, 0.417]	no-link	question-question	0.0794	0.0538	0.0102	-0.067	-0.072	-0.054	0
OF	LIST	[0.13444302176696543, 0.332, 0.16005121638924455, 0.345]	[0.08194622279129321, 0.454, 0.11907810499359796, 0.471]	no-link	question-question	0.0781	0.0525	0.0154	-0.122	-0.126	-0.109	0
OF	EXTENT	[0.13444302176696543, 0.332, 0.16005121638924455, 0.345]	[0.08194622279129321, 0.507, 0.15364916773367476, 0.521]	no-link	question-question	0.0781	0.0525	-0.0192	-0.175	-0.176	-0.162	0
OF	OTHER	[0.13444302176696543, 0.332, 0.16005121638924455, 0.345]	[0.08194622279129321, 0.608, 0.14596670934699105, 0.625]	no-link	question-question	0.0781	0.0525	-0.0115	-0.276	-0.28	-0.263	0
TYPE	SIZE	[0.08194622279129321, 0.332, 0.12804097311139565, 0.347]	[0.08066581306017925, 0.399, 0.12419974391805377, 0.417]	line-line	question-question	0.0423	0.067	-0.0013	0.07	-0.0474	0.085	5
TYPE	OTHER	[0.08194622279129321, 0.332, 0.12804097311139565, 0.347]	[0.08194622279129321, 0.608, 0.14596670934699105, 0.625]	no-link	question-question	0.0461	0.0	-0.064	-0.276	-0.278	-0.261	5
TYPE	OF	[0.08194622279129321, 0.332, 0.12804097311139565, 0.347]	[0.13444302176696543, 0.332, 0.16005121638924455, 0.345]	word-word	question-question	0.0781	0.0	0.0525	-0.002	0.0064	0.013	5
OF	PRODUCT:	[0.13444302176696543, 0.332, 0.16005121638924455, 0.345]	[0.08450704225352113, 0.351, 0.1792573623559539, 0.368]	word-word	question-question	0.0448	0.019	-0.0499	0.023	-0.0755	0.036	5
TYPE	NEW	[0.08194622279129321, 0.332, 0.12804097311139565, 0.347]	[0.37772087067861715, 0.06, 0.4263764404609475, 0.077]	question-header	question-header	0.3444	-0.272	0.2958	-0.27	0.2497	-0.255	5
TYPE	SEE	[0.08194622279129321, 0.332, 0.12804097311139565, 0.347]	[0.30089628681177977, 0.624, 0.3405889884763124, 0.644]	no-link	question-answer	-0.1729	-0.219	-0.2586	-0.292	-0.297	-0.277	5
OR	SIZES:	[0.13060179257362356, 0.398, 0.15749039692701663, 0.416]	[0.1613316261203585, 0.399, 0.22151088348271447, 0.417]	word-word	question-question	0.0909	0.001	0.0307	0.001	0.0038	0.019	0
OR	SIZE	[0.13060179257362356, 0.398, 0.15749039692701663, 0.416]	[0.08066581306017925, 0.399, 0.12419974391805377, 0.417]	no-link	question-question	0.0768	0.0499	0.0064	-0.001	-0.001	0.017	0
OR	LIST	[0.13060179257362356, 0.398, 0.15749039692701663, 0.416]	[0.08194622279129321, 0.454, 0.11907810499359796, 0.471]	no-link	question-question	0.0755	0.0487	0.0115	-0.056	-0.055	-0.038	0
OR	EXTENT	[0.13060179257362356, 0.398, 0.15749039692701663, 0.416]	[0.08194622279129321, 0.507, 0.15364916773367476, 0.521]	no-link	question-question	0.0755	0.0487	-0.023	-0.109	-0.105	-0.091	0
OR	OF	[0.13060179257362356, 0.398, 0.15749039692701663, 0.416]	[0.1587708066581306, 0.507, 0.1856594110115237, 0.521]	no-link	question-question	-0.0013	-0.0282	-0.0551	-0.109	-0.105	-0.091	0
OR	OTHER	[0.13060179257362356, 0.398, 0.15749039692701663, 0.416]	[0.08194622279129321, 0.608, 0.14596670934699105, 0.625]	no-link	question-question	0.0755	0.0487	-0.0154	-0.21	-0.209	-0.192	0
OR	SEE	[0.13060179257362356, 0.398, 0.15749039692701663, 0.416]	[0.30089628681177977, 0.624, 0.3405889884763124, 0.644]	no-link	question-answer	-0.1434	-0.1703	-0.21	-0.226	-0.228	-0.208	0
OR	SIZES:	[0.13060179257362356, 0.398, 0.15749039692701663, 0.416]	[0.1613316261203585, 0.399, 0.22151088348271447, 0.417]	word-word	question-question	0.0909	0.001	0.0307	0.001	0.0038	0.019	6
SIZE	OR	[0.08066581306017925, 0.399, 0.12419974391805377, 0.417]	[0.13060179257362356, 0.398, 0.15749039692701663, 0.416]	word-word	question-question	0.0768	-0.001	0.0499	-0.001	0.0064	0.017	0
SIZE	LIST	[0.08066581306017925, 0.399, 0.12419974391805377, 0.417]	[0.08194622279129321, 0.454, 0.11907810499359796, 0.471]	no-link	question-question	0.0423	-0.0013	-0.0384	-0.055	-0.054	-0.037	0
SIZE	EXTENT	[0.08066581306017925, 0.399, 0.12419974391805377, 0.417]	[0.08194622279129321, 0.507, 0.15364916773367476, 0.521]	no-link	question-question	0.0423	-0.0013	-0.073	-0.108	-0.104	-0.09	0
SIZE	OF	[0.08066581306017925, 0.399, 0.12419974391805377, 0.417]	[0.1587708066581306, 0.507, 0.1856594110115237, 0.521]	no-link	question-question	-0.0346	-0.0781	-0.105	-0.108	-0.104	-0.09	0
SIZE	OTHER	[0.08066581306017925, 0.399, 0.12419974391805377, 0.417]	[0.08194622279129321, 0.608, 0.14596670934699105, 0.625]	no-link	question-question	0.0423	-0.0013	-0.0653	-0.209	-0.208	-0.191	0
SIZE	SEE	[0.08066581306017925, 0.399, 0.12419974391805377, 0.417]	[0.30089628681177977, 0.624, 0.3405889884763124, 0.644]	no-link	question-answer	-0.1767	-0.2202	-0.2599	-0.225	-0.227	-0.207	0
SIZE	LIST	[0.08066581306017925, 0.399, 0.12419974391805377, 0.417]	[0.08194622279129321, 0.454, 0.11907810499359796, 0.471]	line-line	question-question	0.0384	0.055	0.0013	0.054	-0.0423	0.072	6
SIZE	OR	[0.08066581306017925, 0.399, 0.12419974391805377, 0.417]	[0.13060179257362356, 0.398, 0.15749039692701663, 0.416]	word-word	question-question	0.0768	-0.001	0.0499	-0.001	0.0064	0.017	6
SIZE	NEW	[0.08066581306017925, 0.399, 0.12419974391805377, 0.417]	[0.37772087067861715, 0.06, 0.4263764404609475, 0.077]	question-header	question-header	0.3457	-0.339	0.2971	-0.34	0.2535	-0.322	6
LIST	PRICE:	[0.08194622279129321, 0.454, 0.11907810499359796, 0.471]	[0.12548015364916773, 0.454, 0.19206145966709348, 0.472]	word-word	question-question	0.1101	0.0	0.0435	0.001	0.0064	0.018	0
LIST	EXTENT	[0.08194622279129321, 0.454, 0.11907810499359796, 0.471]	[0.08194622279129321, 0.507, 0.15364916773367476, 0.521]	no-link	question-question	0.0371	0.0	-0.0717	-0.053	-0.05	-0.036	0
LIST	OF	[0.08194622279129321, 0.454, 0.11907810499359796, 0.471]	[0.1587708066581306, 0.507, 0.1856594110115237, 0.521]	no-link	question-question	-0.0397	-0.0768	-0.1037	-0.053	-0.05	-0.036	0
LIST	OTHER	[0.08194622279129321, 0.454, 0.11907810499359796, 0.471]	[0.08194622279129321, 0.608, 0.14596670934699105, 0.625]	no-link	question-question	0.0371	0.0	-0.064	-0.154	-0.154	-0.137	0
LIST	SEE	[0.08194622279129321, 0.454, 0.11907810499359796, 0.471]	[0.30089628681177977, 0.624, 0.3405889884763124, 0.644]	no-link	question-answer	-0.1818	-0.219	-0.2586	-0.17	-0.173	-0.153	0
LIST	EXTENT	[0.08194622279129321, 0.454, 0.11907810499359796, 0.471]	[0.08194622279129321, 0.507, 0.15364916773367476, 0.521]	line-line	question-question	0.0717	0.053	0.0	0.05	-0.0371	0.067	7
LIST	PRICE:	[0.08194622279129321, 0.454, 0.11907810499359796, 0.471]	[0.12548015364916773, 0.454, 0.19206145966709348, 0.472]	word-word	question-question	0.1101	0.0	0.0435	0.001	0.0064	0.018	7
LIST	NEW	[0.08194622279129321, 0.454, 0.11907810499359796, 0.471]	[0.37772087067861715, 0.06, 0.4263764404609475, 0.077]	question-header	question-header	0.3444	-0.394	0.2958	-0.394	0.2586	-0.377	7
EXTENT	OF	[0.08194622279129321, 0.507, 0.15364916773367476, 0.521]	[0.1587708066581306, 0.507, 0.1856594110115237, 0.521]	word-word	question-question	0.1037	0.0	0.0768	0.0	0.0051	0.014	0
EXTENT	OTHER	[0.08194622279129321, 0.507, 0.15364916773367476, 0.521]	[0.08194622279129321, 0.608, 0.14596670934699105, 0.625]	no-link	question-question	0.0717	0.0	-0.064	-0.101	-0.104	-0.087	0
EXTENT	SEE	[0.08194622279129321, 0.507, 0.15364916773367476, 0.521]	[0.30089628681177977, 0.624, 0.3405889884763124, 0.644]	no-link	question-answer	-0.1472	-0.219	-0.2586	-0.117	-0.123	-0.103	0
OF	DISTRIBUTION:	[0.1587708066581306, 0.507, 0.1856594110115237, 0.521]	[0.08450704225352113, 0.522, 0.22023047375160051, 0.54]	word-word	question-question	0.0615	0.015	-0.0743	0.019	-0.1012	0.033	0
OF	SEE	[0.1587708066581306, 0.507, 0.1856594110115237, 0.521]	[0.30089628681177977, 0.624, 0.3405889884763124, 0.644]	no-link	question-answer	-0.1152	-0.1421	-0.1818	-0.117	-0.123	-0.103	0
EXTENT	OTHER	[0.08194622279129321, 0.507, 0.15364916773367476, 0.521]	[0.08194622279129321, 0.608, 0.14596670934699105, 0.625]	line-line	question-question	0.064	0.101	0.0	0.104	-0.0717	0.118	8
EXTENT	OF	[0.08194622279129321, 0.507, 0.15364916773367476, 0.521]	[0.1587708066581306, 0.507, 0.1856594110115237, 0.521]	word-word	question-question	0.1037	0.0	0.0768	0.0	0.0051	0.014	8
OF	DISTRIBUTION:	[0.1587708066581306, 0.507, 0.1856594110115237, 0.521]	[0.08450704225352113, 0.522, 0.22023047375160051, 0.54]	word-word	question-question	0.0615	0.015	-0.0743	0.019	-0.1012	0.033	8
EXTENT	NEW	[0.08194622279129321, 0.507, 0.15364916773367476, 0.521]	[0.37772087067861715, 0.06, 0.4263764404609475, 0.077]	question-header	question-header	0.3444	-0.447	0.2958	-0.444	0.2241	-0.43	8
OTHER	INFORMATION:	[0.08194622279129321, 0.608, 0.14596670934699105, 0.625]	[0.08450704225352113, 0.628, 0.22407170294494239, 0.645]	word-word	question-question	0.1421	0.02	0.0026	0.02	-0.0615	0.037	0
OTHER	SEE	[0.08194622279129321, 0.608, 0.14596670934699105, 0.625]	[0.30089628681177977, 0.624, 0.3405889884763124, 0.644]	no-link	question-answer	-0.1549	-0.219	-0.2586	-0.016	-0.019	0.001	0
OTHER	INFORMATION:	[0.08194622279129321, 0.608, 0.14596670934699105, 0.625]	[0.08450704225352113, 0.628, 0.22407170294494239, 0.645]	word-word	question-question	0.1421	0.02	0.0026	0.02	-0.0615	0.037	9
OTHER	SEE	[0.08194622279129321, 0.608, 0.14596670934699105, 0.625]	[0.30089628681177977, 0.624, 0.3405889884763124, 0.644]	question-answer	question-answer	0.2586	0.016	0.219	0.019	0.1549	0.036	9
OTHER	NEW	[0.08194622279129321, 0.608, 0.14596670934699105, 0.625]	[0.37772087067861715, 0.06, 0.4263764404609475, 0.077]	question-header	question-header	0.3444	-0.548	0.2958	-0.548	0.2318	-0.531	9
SEE	ATTACHMENT	[0.30089628681177977, 0.624, 0.3405889884763124, 0.644]	[0.34827144686299616, 0.624, 0.4660691421254802, 0.641]	word-word	answer-answer	0.1652	0.0	0.0474	-0.003	0.0077	0.017	9
