Lorillard	FACSIMILE	[0.14742014742014742, 0.084, 0.42997542997543, 0.15]	[0.3906633906633907, 0.215, 0.5024570024570024, 0.232]	line-line	header-header	0.355	0.131	0.2432	0.082	-0.0393	0.148	0
Lorillard	TOBACCO	[0.14742014742014742, 0.084, 0.42997542997543, 0.15]	[0.257985257985258, 0.136, 0.3316953316953317, 0.152]	no-link	header-header	0.172	-0.1106	-0.1843	-0.052	-0.002	0.014	0
Lorillard	COVER	[0.14742014742014742, 0.084, 0.42997542997543, 0.15]	[0.5073710073710074, 0.214, 0.581081081081081, 0.233]	no-link	header-header	-0.0774	-0.36	-0.4337	-0.13	-0.083	-0.064	0
Lorillard	DATE	[0.14742014742014742, 0.084, 0.42997542997543, 0.15]	[0.19164619164619165, 0.27, 0.2592137592137592, 0.29]	no-link	header-question	0.2383	-0.0442	-0.1118	-0.186	-0.14	-0.12	0
Lorillard	TIME	[0.14742014742014742, 0.084, 0.42997542997543, 0.15]	[0.44226044226044225, 0.271, 0.4950859950859951, 0.29]	no-link	header-answer	-0.0123	-0.2948	-0.3477	-0.187	-0.14	-0.121	0
Lorillard	3:28	[0.14742014742014742, 0.084, 0.42997542997543, 0.15]	[0.5257985257985258, 0.273, 0.5663390663390664, 0.285]	no-link	header-answer	-0.0958	-0.3784	-0.4189	-0.189	-0.135	-0.123	0
Lorillard	TRANSMIT	[0.14742014742014742, 0.084, 0.42997542997543, 0.15]	[0.28869778869778867, 0.337, 0.3955773955773956, 0.356]	no-link	header-header	0.1413	-0.1413	-0.2482	-0.253	-0.206	-0.187	0
Lorillard	PLEASE	[0.14742014742014742, 0.084, 0.42997542997543, 0.15]	[0.19164619164619165, 0.338, 0.2751842751842752, 0.355]	no-link	header-question	0.2383	-0.0442	-0.1278	-0.254	-0.205	-0.188	0
Lorillard	TOBACCO	[0.14742014742014742, 0.084, 0.42997542997543, 0.15]	[0.257985257985258, 0.136, 0.3316953316953317, 0.152]	word-word	header-header	0.1843	0.052	0.1106	0.002	-0.172	0.068	0
TOBACCO	COMPANY	[0.257985257985258, 0.136, 0.3316953316953317, 0.152]	[0.3353808353808354, 0.139, 0.4103194103194103, 0.151]	word-word	header-header	0.1523	0.003	0.0774	-0.001	0.0037	0.015	0
TOBACCO	FACSIMILE	[0.257985257985258, 0.136, 0.3316953316953317, 0.152]	[0.3906633906633907, 0.215, 0.5024570024570024, 0.232]	no-link	header-question	-0.059	-0.1327	-0.2445	-0.079	-0.08	-0.063	0
TOBACCO	DATE	[0.257985257985258, 0.136, 0.3316953316953317, 0.152]	[0.19164619164619165, 0.27, 0.2592137592137592, 0.29]	no-link	header-question	0.14	0.0663	-0.0012	-0.134	-0.138	-0.118	0
TOBACCO	TIME	[0.257985257985258, 0.136, 0.3316953316953317, 0.152]	[0.44226044226044225, 0.271, 0.4950859950859951, 0.29]	no-link	header-answer	-0.1106	-0.1843	-0.2371	-0.135	-0.138	-0.119	0
TOBACCO	3:28	[0.257985257985258, 0.136, 0.3316953316953317, 0.152]	[0.5257985257985258, 0.273, 0.5663390663390664, 0.285]	no-link	header-answer	-0.1941	-0.2678	-0.3084	-0.137	-0.133	-0.121	0
TOBACCO	TRANSMIT	[0.257985257985258, 0.136, 0.3316953316953317, 0.152]	[0.28869778869778867, 0.337, 0.3955773955773956, 0.356]	no-link	header-header	0.043	-0.0307	-0.1376	-0.201	-0.204	-0.185	0
TOBACCO	PLEASE	[0.257985257985258, 0.136, 0.3316953316953317, 0.152]	[0.19164619164619165, 0.338, 0.2751842751842752, 0.355]	no-link	header-question	0.14	0.0663	-0.0172	-0.202	-0.203	-0.186	0
TOBACCO	THIS	[0.257985257985258, 0.136, 0.3316953316953317, 0.152]	[0.40417690417690416, 0.34, 0.457002457002457, 0.356]	no-link	header-header	-0.0725	-0.1462	-0.199	-0.204	-0.204	-0.188	0
COVER	PAGE	[0.5073710073710074, 0.214, 0.581081081081081, 0.233]	[0.5835380835380836, 0.219, 0.6437346437346437, 0.235]	word-word	header-header	0.1364	0.005	0.0762	0.002	0.0025	0.021	1
COVER	FACSIMILE	[0.5073710073710074, 0.214, 0.581081081081081, 0.233]	[0.3906633906633907, 0.215, 0.5024570024570024, 0.232]	no-link	header-header	0.1904	0.1167	0.0049	-0.001	0.001	0.018	1
COVER	DATE	[0.5073710073710074, 0.214, 0.581081081081081, 0.233]	[0.19164619164619165, 0.27, 0.2592137592137592, 0.29]	no-link	header-question	0.3894	0.3157	0.2482	-0.056	-0.057	-0.037	1
COVER	TIME	[0.5073710073710074, 0.214, 0.581081081081081, 0.233]	[0.44226044226044225, 0.271, 0.4950859950859951, 0.29]	no-link	header-answer	0.1388	0.0651	0.0123	-0.057	-0.057	-0.038	1
COVER	3:28	[0.5073710073710074, 0.214, 0.581081081081081, 0.233]	[0.5257985257985258, 0.273, 0.5663390663390664, 0.285]	no-link	header-answer	0.0553	-0.0184	-0.059	-0.059	-0.052	-0.04	1
COVER	TRANSMIT	[0.5073710073710074, 0.214, 0.581081081081081, 0.233]	[0.28869778869778867, 0.337, 0.3955773955773956, 0.356]	no-link	header-header	0.2924	0.2187	0.1118	-0.123	-0.123	-0.104	1
COVER	PLEASE	[0.5073710073710074, 0.214, 0.581081081081081, 0.233]	[0.19164619164619165, 0.338, 0.2751842751842752, 0.355]	no-link	header-question	0.3894	0.3157	0.2322	-0.124	-0.122	-0.105	1
COVER	THIS	[0.5073710073710074, 0.214, 0.581081081081081, 0.233]	[0.40417690417690416, 0.34, 0.457002457002457, 0.356]	no-link	header-header	0.1769	0.1032	0.0504	-0.126	-0.123	-0.107	1
FACSIMILE	DATE	[0.3906633906633907, 0.215, 0.5024570024570024, 0.232]	[0.19164619164619165, 0.27, 0.2592137592137592, 0.29]	line-line	header-question	-0.1314	0.055	-0.199	0.058	-0.3108	0.075	1
FACSIMILE	TIME	[0.3906633906633907, 0.215, 0.5024570024570024, 0.232]	[0.44226044226044225, 0.271, 0.4950859950859951, 0.29]	no-link	header-answer	0.0602	-0.0516	-0.1044	-0.056	-0.058	-0.039	1
FACSIMILE	3:28	[0.3906633906633907, 0.215, 0.5024570024570024, 0.232]	[0.5257985257985258, 0.273, 0.5663390663390664, 0.285]	no-link	header-answer	-0.0233	-0.1351	-0.1757	-0.058	-0.053	-0.041	1
FACSIMILE	TRANSMIT	[0.3906633906633907, 0.215, 0.5024570024570024, 0.232]	[0.28869778869778867, 0.337, 0.3955773955773956, 0.356]	no-link	header-header	0.2138	0.102	-0.0049	-0.122	-0.124	-0.105	1
FACSIMILE	PLEASE	[0.3906633906633907, 0.215, 0.5024570024570024, 0.232]	[0.19164619164619165, 0.338, 0.2751842751842752, 0.355]	no-link	header-question	0.3108	0.199	0.1155	-0.123	-0.123	-0.106	1
FACSIMILE	THIS	[0.3906633906633907, 0.215, 0.5024570024570024, 0.232]	[0.40417690417690416, 0.34, 0.457002457002457, 0.356]	no-link	header-header	0.0983	-0.0135	-0.0663	-0.125	-0.124	-0.108	1
FACSIMILE	COVER	[0.3906633906633907, 0.215, 0.5024570024570024, 0.232]	[0.5073710073710074, 0.214, 0.581081081081081, 0.233]	word-word	header-header	0.1904	-0.001	0.1167	0.001	0.0049	0.018	1
DATE	TIME	[0.19164619164619165, 0.27, 0.2592137592137592, 0.29]	[0.44226044226044225, 0.271, 0.4950859950859951, 0.29]	question-question	question-question	0.3034	0.001	0.2506	0.0	0.183	0.02	2
DATE	3:28	[0.19164619164619165, 0.27, 0.2592137592137592, 0.29]	[0.5257985257985258, 0.273, 0.5663390663390664, 0.285]	no-link	question-answer	-0.2666	-0.3342	-0.3747	-0.003	0.005	0.017	2
DATE	TRANSMIT	[0.19164619164619165, 0.27, 0.2592137592137592, 0.29]	[0.28869778869778867, 0.337, 0.3955773955773956, 0.356]	no-link	question-header	-0.0295	-0.0971	-0.2039	-0.067	-0.066	-0.047	2
DATE	PLEASE	[0.19164619164619165, 0.27, 0.2592137592137592, 0.29]	[0.19164619164619165, 0.338, 0.2751842751842752, 0.355]	no-link	question-question	0.0676	0.0	-0.0835	-0.068	-0.065	-0.048	2
DATE	THIS	[0.19164619164619165, 0.27, 0.2592137592137592, 0.29]	[0.40417690417690416, 0.34, 0.457002457002457, 0.356]	no-link	question-header	-0.145	-0.2125	-0.2654	-0.07	-0.066	-0.05	2
DATE	DOCUMENT	[0.19164619164619165, 0.27, 0.2592137592137592, 0.29]	[0.4619164619164619, 0.342, 0.5786240786240786, 0.355]	no-link	question-header	-0.2027	-0.2703	-0.387	-0.072	-0.065	-0.052	2
DATE	PLEASE	[0.19164619164619165, 0.27, 0.2592137592137592, 0.29]	[0.19164619164619165, 0.338, 0.2751842751842752, 0.355]	line-line	question-header	0.0835	0.068	0.0	0.065	-0.0676	0.085	2
DATE	11/4/93	[0.19164619164619165, 0.27, 0.2592137592137592, 0.29]	[0.28869778869778867, 0.273, 0.36240786240786244, 0.286]	question-answer	question-answer	0.1708	0.003	0.0971	-0.004	0.0295	0.016	2
TIME	3:28	[0.44226044226044225, 0.271, 0.4950859950859951, 0.29]	[0.5257985257985258, 0.273, 0.5663390663390664, 0.285]	question-answer	question-answer	0.1241	0.002	0.0835	-0.005	0.0307	0.014	2
TIME	TRANSMIT	[0.44226044226044225, 0.271, 0.4950859950859951, 0.29]	[0.28869778869778867, 0.337, 0.3955773955773956, 0.356]	no-link	question-header	0.2064	0.1536	0.0467	-0.066	-0.066	-0.047	2
TIME	PLEASE	[0.44226044226044225, 0.271, 0.4950859950859951, 0.29]	[0.19164619164619165, 0.338, 0.2751842751842752, 0.355]	no-link	question-question	0.3034	0.2506	0.1671	-0.067	-0.065	-0.048	2
TIME	THIS	[0.44226044226044225, 0.271, 0.4950859950859951, 0.29]	[0.40417690417690416, 0.34, 0.457002457002457, 0.356]	no-link	question-header	0.0909	0.0381	-0.0147	-0.069	-0.066	-0.05	2
TIME	DOCUMENT	[0.44226044226044225, 0.271, 0.4950859950859951, 0.29]	[0.4619164619164619, 0.342, 0.5786240786240786, 0.355]	no-link	question-header	0.0332	-0.0197	-0.1364	-0.071	-0.065	-0.052	2
3:28	CST	[0.5257985257985258, 0.273, 0.5663390663390664, 0.285]	[0.5737100737100738, 0.273, 0.6068796068796068, 0.286]	word-word	answer-answer	0.0811	0.0	0.0479	0.001	0.0074	0.013	2
3:28	TRANSMIT	[0.5257985257985258, 0.273, 0.5663390663390664, 0.285]	[0.28869778869778867, 0.337, 0.3955773955773956, 0.356]	no-link	answer-header	0.2776	0.2371	0.1302	-0.064	-0.071	-0.052	2
3:28	PLEASE	[0.5257985257985258, 0.273, 0.5663390663390664, 0.285]	[0.19164619164619165, 0.338, 0.2751842751842752, 0.355]	no-link	answer-question	0.3747	0.3342	0.2506	-0.065	-0.07	-0.053	2
3:28	THIS	[0.5257985257985258, 0.273, 0.5663390663390664, 0.285]	[0.40417690417690416, 0.34, 0.457002457002457, 0.356]	no-link	answer-header	0.1622	0.1216	0.0688	-0.067	-0.071	-0.055	2
3:28	DOCUMENT	[0.5257985257985258, 0.273, 0.5663390663390664, 0.285]	[0.4619164619164619, 0.342, 0.5786240786240786, 0.355]	no-link	answer-header	0.1044	0.0639	-0.0528	-0.069	-0.07	-0.057	2
3:28	NAME:	[0.5257985257985258, 0.273, 0.5663390663390664, 0.285]	[0.19656019656019655, 0.38, 0.2641277641277641, 0.399]	no-link	answer-question	0.3698	0.3292	0.2617	-0.107	-0.114	-0.095	2
TRANSMIT	THIS	[0.28869778869778867, 0.337, 0.3955773955773956, 0.356]	[0.40417690417690416, 0.34, 0.457002457002457, 0.356]	word-word	header-header	0.1683	0.003	0.1155	0.0	0.0086	0.019	3
TRANSMIT	PLEASE	[0.28869778869778867, 0.337, 0.3955773955773956, 0.356]	[0.19164619164619165, 0.338, 0.2751842751842752, 0.355]	no-link	header-question	0.2039	0.0971	0.0135	-0.001	0.001	0.018	3
TRANSMIT	DOCUMENT	[0.28869778869778867, 0.337, 0.3955773955773956, 0.356]	[0.4619164619164619, 0.342, 0.5786240786240786, 0.355]	no-link	header-header	-0.0663	-0.1732	-0.2899	-0.005	0.001	0.014	3
TRANSMIT	NAME:	[0.28869778869778867, 0.337, 0.3955773955773956, 0.356]	[0.19656019656019655, 0.38, 0.2641277641277641, 0.399]	no-link	header-question	0.199	0.0921	0.0246	-0.043	-0.043	-0.024	3
TRANSMIT	THIS	[0.28869778869778867, 0.337, 0.3955773955773956, 0.356]	[0.40417690417690416, 0.34, 0.457002457002457, 0.356]	word-word	header-header	0.1683	0.003	0.1155	0.0	0.0086	0.019	4
TRANSMIT	THIS	[0.28869778869778867, 0.337, 0.3955773955773956, 0.356]	[0.40417690417690416, 0.34, 0.457002457002457, 0.356]	word-word	header-header	0.1683	0.003	0.1155	0.0	0.0086	0.019	5
TRANSMIT	Mr.	[0.28869778869778867, 0.337, 0.3955773955773956, 0.356]	[0.3058968058968059, 0.382, 0.3366093366093366, 0.395]	no-link	header-answer	0.0897	-0.0172	-0.0479	-0.045	-0.039	-0.026	5
TRANSMIT	THIS	[0.28869778869778867, 0.337, 0.3955773955773956, 0.356]	[0.40417690417690416, 0.34, 0.457002457002457, 0.356]	word-word	header-header	0.1683	0.003	0.1155	0.0	0.0086	0.019	6
TRANSMIT	A.	[0.28869778869778867, 0.337, 0.3955773955773956, 0.356]	[0.3464373464373464, 0.382, 0.36977886977886976, 0.395]	no-link	header-answer	0.0491	-0.0577	-0.0811	-0.045	-0.039	-0.026	6
PLEASE	NAME:	[0.19164619164619165, 0.338, 0.2751842751842752, 0.355]	[0.19656019656019655, 0.38, 0.2641277641277641, 0.399]	line-line	header-question	0.0725	0.042	0.0049	0.044	-0.0786	0.061	3
PLEASE	THIS	[0.19164619164619165, 0.338, 0.2751842751842752, 0.355]	[0.40417690417690416, 0.34, 0.457002457002457, 0.356]	no-link	header-header	-0.129	-0.2125	-0.2654	-0.002	-0.001	0.015	3
PLEASE	DOCUMENT	[0.19164619164619165, 0.338, 0.2751842751842752, 0.355]	[0.4619164619164619, 0.342, 0.5786240786240786, 0.355]	no-link	header-header	-0.1867	-0.2703	-0.387	-0.004	0.0	0.013	3
PLEASE	Mr.	[0.19164619164619165, 0.338, 0.2751842751842752, 0.355]	[0.3058968058968059, 0.382, 0.3366093366093366, 0.395]	no-link	header-answer	-0.0307	-0.1143	-0.145	-0.044	-0.04	-0.027	3
PLEASE	A.	[0.19164619164619165, 0.338, 0.2751842751842752, 0.355]	[0.3464373464373464, 0.382, 0.36977886977886976, 0.395]	no-link	header-answer	-0.0713	-0.1548	-0.1781	-0.044	-0.04	-0.027	3
PLEASE	J.	[0.19164619164619165, 0.338, 0.2751842751842752, 0.355]	[0.3746928746928747, 0.382, 0.39803439803439805, 0.397]	no-link	header-answer	-0.0995	-0.183	-0.2064	-0.044	-0.042	-0.027	3
PLEASE	TRANSMIT	[0.19164619164619165, 0.338, 0.2751842751842752, 0.355]	[0.28869778869778867, 0.337, 0.3955773955773956, 0.356]	word-word	header-header	0.2039	-0.001	0.0971	0.001	0.0135	0.018	3
PLEASE	OFFICE:	[0.19164619164619165, 0.338, 0.2751842751842752, 0.355]	[0.1941031941031941, 0.406, 0.2800982800982801, 0.429]	no-link	header-question	0.0811	-0.0025	-0.0885	-0.068	-0.074	-0.051	3
PLEASE	NAME:	[0.19164619164619165, 0.338, 0.2751842751842752, 0.355]	[0.19656019656019655, 0.38, 0.2641277641277641, 0.399]	header-question	header-question	0.0725	0.042	0.0049	0.044	-0.0786	0.061	3
PLEASE	OFFICE:	[0.19164619164619165, 0.338, 0.2751842751842752, 0.355]	[0.1941031941031941, 0.406, 0.2800982800982801, 0.429]	header-question	header-question	0.0885	0.068	0.0025	0.074	-0.0811	0.091	3
PLEASE	New	[0.19164619164619165, 0.338, 0.2751842751842752, 0.355]	[0.3058968058968059, 0.406, 0.3353808353808354, 0.423]	no-link	header-answer	-0.0307	-0.1143	-0.1437	-0.068	-0.068	-0.051	3
PLEASE	FAX	[0.19164619164619165, 0.338, 0.2751842751842752, 0.355]	[0.19533169533169534, 0.434, 0.23955773955773957, 0.451]	header-question	header-question	0.0479	0.096	0.0037	0.096	-0.0799	0.113	3
PLEASE	York-	[0.19164619164619165, 0.338, 0.2751842751842752, 0.355]	[0.3464373464373464, 0.406, 0.41154791154791154, 0.425]	no-link	header-answer	-0.0713	-0.1548	-0.2199	-0.068	-0.07	-0.051	3
PLEASE	TRANSMIT	[0.19164619164619165, 0.338, 0.2751842751842752, 0.355]	[0.28869778869778867, 0.337, 0.3955773955773956, 0.356]	word-word	header-header	0.2039	-0.001	0.0971	0.001	0.0135	0.018	4
PLEASE	TRANSMIT	[0.19164619164619165, 0.338, 0.2751842751842752, 0.355]	[0.28869778869778867, 0.337, 0.3955773955773956, 0.356]	word-word	header-header	0.2039	-0.001	0.0971	0.001	0.0135	0.018	5
PLEASE	Sales	[0.19164619164619165, 0.338, 0.2751842751842752, 0.355]	[0.4152334152334152, 0.408, 0.4705159705159705, 0.424]	no-link	header-answer	-0.14	-0.2236	-0.2789	-0.07	-0.069	-0.053	5
PLEASE	TRANSMIT	[0.19164619164619165, 0.338, 0.2751842751842752, 0.355]	[0.28869778869778867, 0.337, 0.3955773955773956, 0.356]	word-word	header-header	0.2039	-0.001	0.0971	0.001	0.0135	0.018	6
THIS	DOCUMENT	[0.40417690417690416, 0.34, 0.457002457002457, 0.356]	[0.4619164619164619, 0.342, 0.5786240786240786, 0.355]	word-word	header-header	0.1744	0.002	0.0577	-0.001	0.0049	0.015	3
THIS	NAME:	[0.40417690417690416, 0.34, 0.457002457002457, 0.356]	[0.19656019656019655, 0.38, 0.2641277641277641, 0.399]	no-link	header-question	0.2604	0.2076	0.14	-0.04	-0.043	-0.024	3
THIS	Mr.	[0.40417690417690416, 0.34, 0.457002457002457, 0.356]	[0.3058968058968059, 0.382, 0.3366093366093366, 0.395]	no-link	header-answer	0.1511	0.0983	0.0676	-0.042	-0.039	-0.026	3
THIS	A.	[0.40417690417690416, 0.34, 0.457002457002457, 0.356]	[0.3464373464373464, 0.382, 0.36977886977886976, 0.395]	no-link	header-answer	0.1106	0.0577	0.0344	-0.042	-0.039	-0.026	3
THIS	J.	[0.40417690417690416, 0.34, 0.457002457002457, 0.356]	[0.3746928746928747, 0.382, 0.39803439803439805, 0.397]	no-link	header-answer	0.0823	0.0295	0.0061	-0.042	-0.041	-0.026	3
THIS	OFFICE:	[0.40417690417690416, 0.34, 0.457002457002457, 0.356]	[0.1941031941031941, 0.406, 0.2800982800982801, 0.429]	no-link	header-question	0.2629	0.2101	0.1241	-0.066	-0.073	-0.05	3
THIS	New	[0.40417690417690416, 0.34, 0.457002457002457, 0.356]	[0.3058968058968059, 0.406, 0.3353808353808354, 0.423]	no-link	header-answer	0.1511	0.0983	0.0688	-0.066	-0.067	-0.05	3
THIS	York-	[0.40417690417690416, 0.34, 0.457002457002457, 0.356]	[0.3464373464373464, 0.406, 0.41154791154791154, 0.425]	no-link	header-answer	0.1106	0.0577	-0.0074	-0.066	-0.069	-0.05	3
THIS	Sales	[0.40417690417690416, 0.34, 0.457002457002457, 0.356]	[0.4152334152334152, 0.408, 0.4705159705159705, 0.424]	no-link	header-answer	0.0418	-0.0111	-0.0663	-0.068	-0.068	-0.052	3
THIS	FAX	[0.40417690417690416, 0.34, 0.457002457002457, 0.356]	[0.19533169533169534, 0.434, 0.23955773955773957, 0.451]	no-link	header-question	0.2617	0.2088	0.1646	-0.094	-0.095	-0.078	3
THIS	DOCUMENT	[0.40417690417690416, 0.34, 0.457002457002457, 0.356]	[0.4619164619164619, 0.342, 0.5786240786240786, 0.355]	word-word	header-header	0.1744	0.002	0.0577	-0.001	0.0049	0.015	4
THIS	DOCUMENT	[0.40417690417690416, 0.34, 0.457002457002457, 0.356]	[0.4619164619164619, 0.342, 0.5786240786240786, 0.355]	word-word	header-header	0.1744	0.002	0.0577	-0.001	0.0049	0.015	5
THIS	DOCUMENT	[0.40417690417690416, 0.34, 0.457002457002457, 0.356]	[0.4619164619164619, 0.342, 0.5786240786240786, 0.355]	word-word	header-header	0.1744	0.002	0.0577	-0.001	0.0049	0.015	6
DOCUMENT	TO:	[0.4619164619164619, 0.342, 0.5786240786240786, 0.355]	[0.5884520884520884, 0.34, 0.6228501228501229, 0.356]	word-word	header-header	0.1609	-0.002	0.1265	0.001	0.0098	0.014	3
DOCUMENT	NAME:	[0.4619164619164619, 0.342, 0.5786240786240786, 0.355]	[0.19656019656019655, 0.38, 0.2641277641277641, 0.399]	no-link	header-question	0.3821	0.2654	0.1978	-0.038	-0.044	-0.025	3
DOCUMENT	Mr.	[0.4619164619164619, 0.342, 0.5786240786240786, 0.355]	[0.3058968058968059, 0.382, 0.3366093366093366, 0.395]	no-link	header-answer	0.2727	0.156	0.1253	-0.04	-0.04	-0.027	3
DOCUMENT	A.	[0.4619164619164619, 0.342, 0.5786240786240786, 0.355]	[0.3464373464373464, 0.382, 0.36977886977886976, 0.395]	no-link	header-answer	0.2322	0.1155	0.0921	-0.04	-0.04	-0.027	3
DOCUMENT	J.	[0.4619164619164619, 0.342, 0.5786240786240786, 0.355]	[0.3746928746928747, 0.382, 0.39803439803439805, 0.397]	no-link	header-answer	0.2039	0.0872	0.0639	-0.04	-0.042	-0.027	3
DOCUMENT	OFFICE:	[0.4619164619164619, 0.342, 0.5786240786240786, 0.355]	[0.1941031941031941, 0.406, 0.2800982800982801, 0.429]	no-link	header-question	0.3845	0.2678	0.1818	-0.064	-0.074	-0.051	3
DOCUMENT	New	[0.4619164619164619, 0.342, 0.5786240786240786, 0.355]	[0.3058968058968059, 0.406, 0.3353808353808354, 0.423]	no-link	header-answer	0.2727	0.156	0.1265	-0.064	-0.068	-0.051	3
DOCUMENT	York-	[0.4619164619164619, 0.342, 0.5786240786240786, 0.355]	[0.3464373464373464, 0.406, 0.41154791154791154, 0.425]	no-link	header-answer	0.2322	0.1155	0.0504	-0.064	-0.07	-0.051	3
DOCUMENT	Sales	[0.4619164619164619, 0.342, 0.5786240786240786, 0.355]	[0.4152334152334152, 0.408, 0.4705159705159705, 0.424]	no-link	header-answer	0.1634	0.0467	-0.0086	-0.066	-0.069	-0.053	3
DOCUMENT	FAX	[0.4619164619164619, 0.342, 0.5786240786240786, 0.355]	[0.19533169533169534, 0.434, 0.23955773955773957, 0.451]	no-link	header-question	0.3833	0.2666	0.2224	-0.092	-0.096	-0.079	3
DOCUMENT	212	[0.4619164619164619, 0.342, 0.5786240786240786, 0.355]	[0.4484029484029484, 0.436, 0.47788697788697787, 0.453]	no-link	header-answer	0.1302	0.0135	-0.016	-0.094	-0.098	-0.081	3
DOCUMENT	TO:	[0.4619164619164619, 0.342, 0.5786240786240786, 0.355]	[0.5884520884520884, 0.34, 0.6228501228501229, 0.356]	word-word	header-header	0.1609	-0.002	0.1265	0.001	0.0098	0.014	4
DOCUMENT	545-	[0.4619164619164619, 0.342, 0.5786240786240786, 0.355]	[0.4975429975429975, 0.436, 0.5405405405405406, 0.455]	no-link	header-answer	0.0811	-0.0356	-0.0786	-0.094	-0.1	-0.081	4
DOCUMENT	TO:	[0.4619164619164619, 0.342, 0.5786240786240786, 0.355]	[0.5884520884520884, 0.34, 0.6228501228501229, 0.356]	word-word	header-header	0.1609	-0.002	0.1265	0.001	0.0098	0.014	5
DOCUMENT	PHONE	[0.4619164619164619, 0.342, 0.5786240786240786, 0.355]	[0.24692874692874692, 0.437, 0.31695331695331697, 0.452]	no-link	header-question	0.3317	0.215	0.145	-0.095	-0.097	-0.082	5
DOCUMENT	TO:	[0.4619164619164619, 0.342, 0.5786240786240786, 0.355]	[0.5884520884520884, 0.34, 0.6228501228501229, 0.356]	word-word	header-header	0.1609	-0.002	0.1265	0.001	0.0098	0.014	6
NAME:	OFFICE:	[0.19656019656019655, 0.38, 0.2641277641277641, 0.399]	[0.1941031941031941, 0.406, 0.2800982800982801, 0.429]	line-line	question-question	0.0835	0.026	-0.0025	0.03	-0.07	0.049	4
NAME:	Mr.	[0.19656019656019655, 0.38, 0.2641277641277641, 0.399]	[0.3058968058968059, 0.382, 0.3366093366093366, 0.395]	no-link	question-answer	-0.0418	-0.1093	-0.14	-0.002	0.004	0.017	4
NAME:	A.	[0.19656019656019655, 0.38, 0.2641277641277641, 0.399]	[0.3464373464373464, 0.382, 0.36977886977886976, 0.395]	no-link	question-answer	-0.0823	-0.1499	-0.1732	-0.002	0.004	0.017	4
NAME:	J.	[0.19656019656019655, 0.38, 0.2641277641277641, 0.399]	[0.3746928746928747, 0.382, 0.39803439803439805, 0.397]	no-link	question-answer	-0.1106	-0.1781	-0.2015	-0.002	0.002	0.017	4
NAME:	New	[0.19656019656019655, 0.38, 0.2641277641277641, 0.399]	[0.3058968058968059, 0.406, 0.3353808353808354, 0.423]	no-link	question-answer	-0.0418	-0.1093	-0.1388	-0.026	-0.024	-0.007	4
NAME:	York-	[0.19656019656019655, 0.38, 0.2641277641277641, 0.399]	[0.3464373464373464, 0.406, 0.41154791154791154, 0.425]	no-link	question-answer	-0.0823	-0.1499	-0.215	-0.026	-0.026	-0.007	4
NAME:	Sales	[0.19656019656019655, 0.38, 0.2641277641277641, 0.399]	[0.4152334152334152, 0.408, 0.4705159705159705, 0.424]	no-link	question-answer	-0.1511	-0.2187	-0.274	-0.028	-0.025	-0.009	4
NAME:	FAX	[0.19656019656019655, 0.38, 0.2641277641277641, 0.399]	[0.19533169533169534, 0.434, 0.23955773955773957, 0.451]	no-link	question-question	0.0688	0.0012	-0.043	-0.054	-0.052	-0.035	4
NAME:	212	[0.19656019656019655, 0.38, 0.2641277641277641, 0.399]	[0.4484029484029484, 0.436, 0.47788697788697787, 0.453]	no-link	question-answer	-0.1843	-0.2518	-0.2813	-0.056	-0.054	-0.037	4
NAME:	545-	[0.19656019656019655, 0.38, 0.2641277641277641, 0.399]	[0.4975429975429975, 0.436, 0.5405405405405406, 0.455]	no-link	question-answer	-0.2334	-0.301	-0.344	-0.056	-0.056	-0.037	4
NAME:	PHONE	[0.19656019656019655, 0.38, 0.2641277641277641, 0.399]	[0.24692874692874692, 0.437, 0.31695331695331697, 0.452]	no-link	question-question	0.0172	-0.0504	-0.1204	-0.057	-0.053	-0.038	4
NAME:	THIS	[0.19656019656019655, 0.38, 0.2641277641277641, 0.399]	[0.19656019656019655, 0.476, 0.2457002457002457, 0.492]	no-link	question-question	0.0676	0.0	-0.0491	-0.096	-0.093	-0.077	4
NAME:	Mr.	[0.19656019656019655, 0.38, 0.2641277641277641, 0.399]	[0.3058968058968059, 0.382, 0.3366093366093366, 0.395]	question-answer	question-answer	0.14	0.002	0.1093	-0.004	0.0418	0.015	4
NAME:	PLEASE	[0.19656019656019655, 0.38, 0.2641277641277641, 0.399]	[0.19164619164619165, 0.338, 0.2751842751842752, 0.355]	question-header	question-header	0.0786	-0.042	-0.0049	-0.044	-0.0725	-0.025	4
NAME:	DOCUMENT	[0.19656019656019655, 0.38, 0.2641277641277641, 0.399]	[0.25184275184275184, 0.476, 0.37346437346437344, 0.493]	no-link	question-header	0.0123	-0.0553	-0.1769	-0.096	-0.094	-0.077	4
Mr.	A.	[0.3058968058968059, 0.382, 0.3366093366093366, 0.395]	[0.3464373464373464, 0.382, 0.36977886977886976, 0.395]	word-word	answer-answer	0.0639	0.0	0.0405	0.0	0.0098	0.013	4
Mr.	J.	[0.3058968058968059, 0.382, 0.3366093366093366, 0.395]	[0.3746928746928747, 0.382, 0.39803439803439805, 0.397]	no-link	answer-answer	-0.0381	-0.0688	-0.0921	0.0	-0.002	0.013	4
Mr.	OFFICE:	[0.3058968058968059, 0.382, 0.3366093366093366, 0.395]	[0.1941031941031941, 0.406, 0.2800982800982801, 0.429]	no-link	answer-question	0.1425	0.1118	0.0258	-0.024	-0.034	-0.011	4
Mr.	New	[0.3058968058968059, 0.382, 0.3366093366093366, 0.395]	[0.3058968058968059, 0.406, 0.3353808353808354, 0.423]	no-link	answer-answer	0.0307	0.0	-0.0295	-0.024	-0.028	-0.011	4
Mr.	York-	[0.3058968058968059, 0.382, 0.3366093366093366, 0.395]	[0.3464373464373464, 0.406, 0.41154791154791154, 0.425]	no-link	answer-answer	-0.0098	-0.0405	-0.1057	-0.024	-0.03	-0.011	4
Mr.	Sales	[0.3058968058968059, 0.382, 0.3366093366093366, 0.395]	[0.4152334152334152, 0.408, 0.4705159705159705, 0.424]	no-link	answer-answer	-0.0786	-0.1093	-0.1646	-0.026	-0.029	-0.013	4
Mr.	FAX	[0.3058968058968059, 0.382, 0.3366093366093366, 0.395]	[0.19533169533169534, 0.434, 0.23955773955773957, 0.451]	no-link	answer-question	0.1413	0.1106	0.0663	-0.052	-0.056	-0.039	4
Mr.	212	[0.3058968058968059, 0.382, 0.3366093366093366, 0.395]	[0.4484029484029484, 0.436, 0.47788697788697787, 0.453]	no-link	answer-answer	-0.1118	-0.1425	-0.172	-0.054	-0.058	-0.041	4
Mr.	545-	[0.3058968058968059, 0.382, 0.3366093366093366, 0.395]	[0.4975429975429975, 0.436, 0.5405405405405406, 0.455]	no-link	answer-answer	-0.1609	-0.1916	-0.2346	-0.054	-0.06	-0.041	4
Mr.	PHONE	[0.3058968058968059, 0.382, 0.3366093366093366, 0.395]	[0.24692874692874692, 0.437, 0.31695331695331697, 0.452]	no-link	answer-question	0.0897	0.059	-0.0111	-0.055	-0.057	-0.042	4
Mr.	THIS	[0.3058968058968059, 0.382, 0.3366093366093366, 0.395]	[0.19656019656019655, 0.476, 0.2457002457002457, 0.492]	no-link	answer-question	0.14	0.1093	0.0602	-0.094	-0.097	-0.081	4
Mr.	DOCUMENT	[0.3058968058968059, 0.382, 0.3366093366093366, 0.395]	[0.25184275184275184, 0.476, 0.37346437346437344, 0.493]	no-link	answer-header	0.0848	0.0541	-0.0676	-0.094	-0.098	-0.081	4
A.	J.	[0.3464373464373464, 0.382, 0.36977886977886976, 0.395]	[0.3746928746928747, 0.382, 0.39803439803439805, 0.397]	word-word	answer-answer	0.0516	0.0	0.0283	0.002	0.0049	0.015	4
A.	OFFICE:	[0.3464373464373464, 0.382, 0.36977886977886976, 0.395]	[0.1941031941031941, 0.406, 0.2800982800982801, 0.429]	no-link	answer-question	0.1757	0.1523	0.0663	-0.024	-0.034	-0.011	4
A.	New	[0.3464373464373464, 0.382, 0.36977886977886976, 0.395]	[0.3058968058968059, 0.406, 0.3353808353808354, 0.423]	no-link	answer-answer	0.0639	0.0405	0.0111	-0.024	-0.028	-0.011	4
A.	York-	[0.3464373464373464, 0.382, 0.36977886977886976, 0.395]	[0.3464373464373464, 0.406, 0.41154791154791154, 0.425]	no-link	answer-answer	0.0233	0.0	-0.0651	-0.024	-0.03	-0.011	4
A.	Sales	[0.3464373464373464, 0.382, 0.36977886977886976, 0.395]	[0.4152334152334152, 0.408, 0.4705159705159705, 0.424]	no-link	answer-answer	-0.0455	-0.0688	-0.1241	-0.026	-0.029	-0.013	4
A.	FAX	[0.3464373464373464, 0.382, 0.36977886977886976, 0.395]	[0.19533169533169534, 0.434, 0.23955773955773957, 0.451]	no-link	answer-question	0.1744	0.1511	0.1069	-0.052	-0.056	-0.039	4
A.	212	[0.3464373464373464, 0.382, 0.36977886977886976, 0.395]	[0.4484029484029484, 0.436, 0.47788697788697787, 0.453]	no-link	answer-answer	-0.0786	-0.102	-0.1314	-0.054	-0.058	-0.041	4
A.	545-	[0.3464373464373464, 0.382, 0.36977886977886976, 0.395]	[0.4975429975429975, 0.436, 0.5405405405405406, 0.455]	no-link	answer-answer	-0.1278	-0.1511	-0.1941	-0.054	-0.06	-0.041	4
A.	PHONE	[0.3464373464373464, 0.382, 0.36977886977886976, 0.395]	[0.24692874692874692, 0.437, 0.31695331695331697, 0.452]	no-link	answer-question	0.1229	0.0995	0.0295	-0.055	-0.057	-0.042	4
A.	THIS	[0.3464373464373464, 0.382, 0.36977886977886976, 0.395]	[0.19656019656019655, 0.476, 0.2457002457002457, 0.492]	no-link	answer-question	0.1732	0.1499	0.1007	-0.094	-0.097	-0.081	4
A.	DOCUMENT	[0.3464373464373464, 0.382, 0.36977886977886976, 0.395]	[0.25184275184275184, 0.476, 0.37346437346437344, 0.493]	no-link	answer-header	0.1179	0.0946	-0.027	-0.094	-0.098	-0.081	4
J.	Giacoio	[0.3746928746928747, 0.382, 0.39803439803439805, 0.397]	[0.4090909090909091, 0.382, 0.48157248157248156, 0.398]	word-word	answer-answer	0.1069	0.0	0.0344	0.001	0.0111	0.016	4
J.	OFFICE:	[0.3746928746928747, 0.382, 0.39803439803439805, 0.397]	[0.1941031941031941, 0.406, 0.2800982800982801, 0.429]	no-link	answer-answer	0.2039	0.1806	0.0946	-0.024	-0.032	-0.009	4
J.	New	[0.3746928746928747, 0.382, 0.39803439803439805, 0.397]	[0.3058968058968059, 0.406, 0.3353808353808354, 0.423]	no-link	answer-answer	0.0921	0.0688	0.0393	-0.024	-0.026	-0.009	4
J.	York-	[0.3746928746928747, 0.382, 0.39803439803439805, 0.397]	[0.3464373464373464, 0.406, 0.41154791154791154, 0.425]	no-link	answer-answer	0.0516	0.0283	-0.0369	-0.024	-0.028	-0.009	4
J.	Sales	[0.3746928746928747, 0.382, 0.39803439803439805, 0.397]	[0.4152334152334152, 0.408, 0.4705159705159705, 0.424]	no-link	answer-answer	-0.0172	-0.0405	-0.0958	-0.026	-0.027	-0.011	4
J.	FAX	[0.3746928746928747, 0.382, 0.39803439803439805, 0.397]	[0.19533169533169534, 0.434, 0.23955773955773957, 0.451]	no-link	answer-question	0.2027	0.1794	0.1351	-0.052	-0.054	-0.037	4
J.	212	[0.3746928746928747, 0.382, 0.39803439803439805, 0.397]	[0.4484029484029484, 0.436, 0.47788697788697787, 0.453]	no-link	answer-answer	-0.0504	-0.0737	-0.1032	-0.054	-0.056	-0.039	4
J.	545-	[0.3746928746928747, 0.382, 0.39803439803439805, 0.397]	[0.4975429975429975, 0.436, 0.5405405405405406, 0.455]	no-link	answer-answer	-0.0995	-0.1229	-0.1658	-0.054	-0.058	-0.039	4
J.	PHONE	[0.3746928746928747, 0.382, 0.39803439803439805, 0.397]	[0.24692874692874692, 0.437, 0.31695331695331697, 0.452]	no-link	answer-question	0.1511	0.1278	0.0577	-0.055	-0.055	-0.04	4
J.	THIS	[0.3746928746928747, 0.382, 0.39803439803439805, 0.397]	[0.19656019656019655, 0.476, 0.2457002457002457, 0.492]	no-link	answer-question	0.2015	0.1781	0.129	-0.094	-0.095	-0.079	4
J.	DOCUMENT	[0.3746928746928747, 0.382, 0.39803439803439805, 0.397]	[0.25184275184275184, 0.476, 0.37346437346437344, 0.493]	no-link	answer-header	0.1462	0.1229	0.0012	-0.094	-0.096	-0.079	4
OFFICE:	FAX	[0.1941031941031941, 0.406, 0.2800982800982801, 0.429]	[0.19533169533169534, 0.434, 0.23955773955773957, 0.451]	line-line	question-question	0.0455	0.028	0.0012	0.022	-0.0848	0.045	5
OFFICE:	New	[0.1941031941031941, 0.406, 0.2800982800982801, 0.429]	[0.3058968058968059, 0.406, 0.3353808353808354, 0.423]	no-link	question-answer	-0.0258	-0.1118	-0.1413	0.0	0.006	0.023	5
OFFICE:	York-	[0.1941031941031941, 0.406, 0.2800982800982801, 0.429]	[0.3464373464373464, 0.406, 0.41154791154791154, 0.425]	no-link	question-answer	-0.0663	-0.1523	-0.2174	0.0	0.004	0.023	5
OFFICE:	Sales	[0.1941031941031941, 0.406, 0.2800982800982801, 0.429]	[0.4152334152334152, 0.408, 0.4705159705159705, 0.424]	no-link	question-answer	-0.1351	-0.2211	-0.2764	-0.002	0.005	0.021	5
OFFICE:	212	[0.1941031941031941, 0.406, 0.2800982800982801, 0.429]	[0.4484029484029484, 0.436, 0.47788697788697787, 0.453]	no-link	question-answer	-0.1683	-0.2543	-0.2838	-0.03	-0.024	-0.007	5
OFFICE:	545-	[0.1941031941031941, 0.406, 0.2800982800982801, 0.429]	[0.4975429975429975, 0.436, 0.5405405405405406, 0.455]	no-link	question-answer	-0.2174	-0.3034	-0.3464	-0.03	-0.026	-0.007	5
OFFICE:	PHONE	[0.1941031941031941, 0.406, 0.2800982800982801, 0.429]	[0.24692874692874692, 0.437, 0.31695331695331697, 0.452]	no-link	question-question	0.0332	-0.0528	-0.1229	-0.031	-0.023	-0.008	5
OFFICE:	THIS	[0.1941031941031941, 0.406, 0.2800982800982801, 0.429]	[0.19656019656019655, 0.476, 0.2457002457002457, 0.492]	no-link	question-question	0.0835	-0.0025	-0.0516	-0.07	-0.063	-0.047	5
OFFICE:	DOCUMENT	[0.1941031941031941, 0.406, 0.2800982800982801, 0.429]	[0.25184275184275184, 0.476, 0.37346437346437344, 0.493]	no-link	question-header	0.0283	-0.0577	-0.1794	-0.07	-0.064	-0.047	5
OFFICE:	New	[0.1941031941031941, 0.406, 0.2800982800982801, 0.429]	[0.3058968058968059, 0.406, 0.3353808353808354, 0.423]	question-answer	question-answer	0.1413	0.0	0.1118	-0.006	0.0258	0.017	5
New	York-	[0.3058968058968059, 0.406, 0.3353808353808354, 0.423]	[0.3464373464373464, 0.406, 0.41154791154791154, 0.425]	word-word	answer-answer	0.1057	0.0	0.0405	0.002	0.0111	0.019	5
New	OFFICE:	[0.3058968058968059, 0.406, 0.3353808353808354, 0.423]	[0.1941031941031941, 0.406, 0.2800982800982801, 0.429]	no-link	answer-header	0.1413	0.1118	0.0258	0.0	-0.006	0.017	5
New	Sales	[0.3058968058968059, 0.406, 0.3353808353808354, 0.423]	[0.4152334152334152, 0.408, 0.4705159705159705, 0.424]	no-link	answer-answer	-0.0799	-0.1093	-0.1646	-0.002	-0.001	0.015	5
New	FAX	[0.3058968058968059, 0.406, 0.3353808353808354, 0.423]	[0.19533169533169534, 0.434, 0.23955773955773957, 0.451]	no-link	answer-question	0.14	0.1106	0.0663	-0.028	-0.028	-0.011	5
New	212	[0.3058968058968059, 0.406, 0.3353808353808354, 0.423]	[0.4484029484029484, 0.436, 0.47788697788697787, 0.453]	no-link	answer-answer	-0.113	-0.1425	-0.172	-0.03	-0.03	-0.013	5
New	545-	[0.3058968058968059, 0.406, 0.3353808353808354, 0.423]	[0.4975429975429975, 0.436, 0.5405405405405406, 0.455]	no-link	answer-answer	-0.1622	-0.1916	-0.2346	-0.03	-0.032	-0.013	5
New	PHONE	[0.3058968058968059, 0.406, 0.3353808353808354, 0.423]	[0.24692874692874692, 0.437, 0.31695331695331697, 0.452]	no-link	answer-question	0.0885	0.059	-0.0111	-0.031	-0.029	-0.014	5
New	THIS	[0.3058968058968059, 0.406, 0.3353808353808354, 0.423]	[0.19656019656019655, 0.476, 0.2457002457002457, 0.492]	no-link	answer-question	0.1388	0.1093	0.0602	-0.07	-0.069	-0.053	5
New	DOCUMENT	[0.3058968058968059, 0.406, 0.3353808353808354, 0.423]	[0.25184275184275184, 0.476, 0.37346437346437344, 0.493]	no-link	answer-header	0.0835	0.0541	-0.0676	-0.07	-0.07	-0.053	5
York-	Sales	[0.3464373464373464, 0.406, 0.41154791154791154, 0.425]	[0.4152334152334152, 0.408, 0.4705159705159705, 0.424]	word-word	answer-answer	0.1241	0.002	0.0688	-0.001	0.0037	0.018	5
York-	FAX	[0.3464373464373464, 0.406, 0.41154791154791154, 0.425]	[0.19533169533169534, 0.434, 0.23955773955773957, 0.451]	no-link	answer-question	0.2162	0.1511	0.1069	-0.028	-0.026	-0.009	5
York-	212	[0.3464373464373464, 0.406, 0.41154791154791154, 0.425]	[0.4484029484029484, 0.436, 0.47788697788697787, 0.453]	no-link	answer-answer	-0.0369	-0.102	-0.1314	-0.03	-0.028	-0.011	5
York-	545-	[0.3464373464373464, 0.406, 0.41154791154791154, 0.425]	[0.4975429975429975, 0.436, 0.5405405405405406, 0.455]	no-link	answer-answer	-0.086	-0.1511	-0.1941	-0.03	-0.03	-0.011	5
York-	PHONE	[0.3464373464373464, 0.406, 0.41154791154791154, 0.425]	[0.24692874692874692, 0.437, 0.31695331695331697, 0.452]	no-link	answer-question	0.1646	0.0995	0.0295	-0.031	-0.027	-0.012	5
York-	THIS	[0.3464373464373464, 0.406, 0.41154791154791154, 0.425]	[0.19656019656019655, 0.476, 0.2457002457002457, 0.492]	no-link	answer-question	0.215	0.1499	0.1007	-0.07	-0.067	-0.051	5
York-	DOCUMENT	[0.3464373464373464, 0.406, 0.41154791154791154, 0.425]	[0.25184275184275184, 0.476, 0.37346437346437344, 0.493]	no-link	answer-header	0.1597	0.0946	-0.027	-0.07	-0.068	-0.051	5
OFFICE:	PLEASE	[0.1941031941031941, 0.406, 0.2800982800982801, 0.429]	[0.19164619164619165, 0.338, 0.2751842751842752, 0.355]	question-header	question-header	0.0811	-0.068	-0.0025	-0.074	-0.0885	-0.051	5
Sales	Planning	[0.4152334152334152, 0.408, 0.4705159705159705, 0.424]	[0.47911547911547914, 0.408, 0.5626535626535627, 0.424]	word-word	answer-answer	0.1474	0.0	0.0639	0.0	0.0086	0.016	5
Sales	FAX	[0.4152334152334152, 0.408, 0.4705159705159705, 0.424]	[0.19533169533169534, 0.434, 0.23955773955773957, 0.451]	no-link	answer-header	0.2752	0.2199	0.1757	-0.026	-0.027	-0.01	5
Sales	212	[0.4152334152334152, 0.408, 0.4705159705159705, 0.424]	[0.4484029484029484, 0.436, 0.47788697788697787, 0.453]	no-link	answer-answer	0.0221	-0.0332	-0.0627	-0.028	-0.029	-0.012	5
Sales	545-	[0.4152334152334152, 0.408, 0.4705159705159705, 0.424]	[0.4975429975429975, 0.436, 0.5405405405405406, 0.455]	no-link	answer-answer	-0.027	-0.0823	-0.1253	-0.028	-0.031	-0.012	5
Sales	PHONE	[0.4152334152334152, 0.408, 0.4705159705159705, 0.424]	[0.24692874692874692, 0.437, 0.31695331695331697, 0.452]	no-link	answer-question	0.2236	0.1683	0.0983	-0.029	-0.028	-0.013	5
Sales	THIS	[0.4152334152334152, 0.408, 0.4705159705159705, 0.424]	[0.19656019656019655, 0.476, 0.2457002457002457, 0.492]	no-link	answer-question	0.274	0.2187	0.1695	-0.068	-0.068	-0.052	5
Sales	DOCUMENT	[0.4152334152334152, 0.408, 0.4705159705159705, 0.424]	[0.25184275184275184, 0.476, 0.37346437346437344, 0.493]	no-link	answer-header	0.2187	0.1634	0.0418	-0.068	-0.069	-0.052	5
FAX	PHONE	[0.19533169533169534, 0.434, 0.23955773955773957, 0.451]	[0.24692874692874692, 0.437, 0.31695331695331697, 0.452]	word-word	question-question	0.1216	0.003	0.0516	0.001	0.0074	0.018	3
FAX	212	[0.19533169533169534, 0.434, 0.23955773955773957, 0.451]	[0.4484029484029484, 0.436, 0.47788697788697787, 0.453]	no-link	question-answer	-0.2088	-0.2531	-0.2826	-0.002	-0.002	0.015	3
FAX	545-	[0.19533169533169534, 0.434, 0.23955773955773957, 0.451]	[0.4975429975429975, 0.436, 0.5405405405405406, 0.455]	no-link	question-answer	-0.258	-0.3022	-0.3452	-0.002	-0.004	0.015	3
FAX	THIS	[0.19533169533169534, 0.434, 0.23955773955773957, 0.451]	[0.19656019656019655, 0.476, 0.2457002457002457, 0.492]	no-link	question-question	0.043	-0.0012	-0.0504	-0.042	-0.041	-0.025	3
FAX	DOCUMENT	[0.19533169533169534, 0.434, 0.23955773955773957, 0.451]	[0.25184275184275184, 0.476, 0.37346437346437344, 0.493]	no-link	question-header	-0.0123	-0.0565	-0.1781	-0.042	-0.042	-0.025	3
FAX	THIS	[0.19533169533169534, 0.434, 0.23955773955773957, 0.451]	[0.19656019656019655, 0.476, 0.2457002457002457, 0.492]	line-line	question-header	0.0504	0.042	0.0012	0.041	-0.043	0.058	6
FAX	PHONE	[0.19533169533169534, 0.434, 0.23955773955773957, 0.451]	[0.24692874692874692, 0.437, 0.31695331695331697, 0.452]	word-word	question-question	0.1216	0.003	0.0516	0.001	0.0074	0.018	6
FAX	212	[0.19533169533169534, 0.434, 0.23955773955773957, 0.451]	[0.4484029484029484, 0.436, 0.47788697788697787, 0.453]	question-answer	question-answer	0.2826	0.002	0.2531	0.002	0.2088	0.019	6
FAX	IS	[0.19533169533169534, 0.434, 0.23955773955773957, 0.451]	[0.3820638820638821, 0.477, 0.40171990171990174, 0.492]	no-link	question-header	-0.1425	-0.1867	-0.2064	-0.043	-0.041	-0.026	6
FAX	PLEASE	[0.19533169533169534, 0.434, 0.23955773955773957, 0.451]	[0.19164619164619165, 0.338, 0.2751842751842752, 0.355]	question-header	question-header	0.0799	-0.096	-0.0037	-0.096	-0.0479	-0.079	6
212	545-	[0.4484029484029484, 0.436, 0.47788697788697787, 0.453]	[0.4975429975429975, 0.436, 0.5405405405405406, 0.455]	word-word	answer-answer	0.0921	0.0	0.0491	0.002	0.0197	0.019	6
212	PHONE	[0.4484029484029484, 0.436, 0.47788697788697787, 0.453]	[0.24692874692874692, 0.437, 0.31695331695331697, 0.452]	no-link	answer-question	0.231	0.2015	0.1314	-0.001	0.001	0.016	6
212	THIS	[0.4484029484029484, 0.436, 0.47788697788697787, 0.453]	[0.19656019656019655, 0.476, 0.2457002457002457, 0.492]	no-link	answer-question	0.2813	0.2518	0.2027	-0.04	-0.039	-0.023	6
212	DOCUMENT	[0.4484029484029484, 0.436, 0.47788697788697787, 0.453]	[0.25184275184275184, 0.476, 0.37346437346437344, 0.493]	no-link	answer-header	0.226	0.1966	0.0749	-0.04	-0.04	-0.023	6
212	IS	[0.4484029484029484, 0.436, 0.47788697788697787, 0.453]	[0.3820638820638821, 0.477, 0.40171990171990174, 0.492]	no-link	answer-header	0.0958	0.0663	0.0467	-0.041	-0.039	-0.024	6
545-	3299	[0.4975429975429975, 0.436, 0.5405405405405406, 0.455]	[0.5393120393120393, 0.436, 0.5835380835380836, 0.453]	word-word	answer-answer	0.086	0.0	0.0418	-0.002	-0.0012	0.017	6
545-	PHONE	[0.4975429975429975, 0.436, 0.5405405405405406, 0.455]	[0.24692874692874692, 0.437, 0.31695331695331697, 0.452]	no-link	answer-question	0.2936	0.2506	0.1806	-0.001	0.003	0.018	6
545-	THIS	[0.4975429975429975, 0.436, 0.5405405405405406, 0.455]	[0.19656019656019655, 0.476, 0.2457002457002457, 0.492]	no-link	answer-question	0.344	0.301	0.2518	-0.04	-0.037	-0.021	6
545-	DOCUMENT	[0.4975429975429975, 0.436, 0.5405405405405406, 0.455]	[0.25184275184275184, 0.476, 0.37346437346437344, 0.493]	no-link	answer-header	0.2887	0.2457	0.1241	-0.04	-0.038	-0.021	6
545-	IS	[0.4975429975429975, 0.436, 0.5405405405405406, 0.455]	[0.3820638820638821, 0.477, 0.40171990171990174, 0.492]	no-link	answer-header	0.1585	0.1155	0.0958	-0.041	-0.037	-0.022	6
PHONE	NUMBER:	[0.24692874692874692, 0.437, 0.31695331695331697, 0.452]	[0.32800982800982803, 0.434, 0.4201474201474201, 0.454]	word-word	question-question	0.1732	-0.003	0.0811	0.002	0.0111	0.017	3
PHONE	THIS	[0.24692874692874692, 0.437, 0.31695331695331697, 0.452]	[0.19656019656019655, 0.476, 0.2457002457002457, 0.492]	no-link	question-question	0.1204	0.0504	0.0012	-0.039	-0.04	-0.024	3
PHONE	DOCUMENT	[0.24692874692874692, 0.437, 0.31695331695331697, 0.452]	[0.25184275184275184, 0.476, 0.37346437346437344, 0.493]	no-link	question-header	0.0651	-0.0049	-0.1265	-0.039	-0.041	-0.024	3
PHONE	IS	[0.24692874692874692, 0.437, 0.31695331695331697, 0.452]	[0.3820638820638821, 0.477, 0.40171990171990174, 0.492]	no-link	question-header	-0.0651	-0.1351	-0.1548	-0.04	-0.04	-0.025	3
PHONE	NUMBER:	[0.24692874692874692, 0.437, 0.31695331695331697, 0.452]	[0.32800982800982803, 0.434, 0.4201474201474201, 0.454]	word-word	question-question	0.1732	-0.003	0.0811	0.002	0.0111	0.017	6
PHONE	NAME:	[0.24692874692874692, 0.437, 0.31695331695331697, 0.452]	[0.19164619164619165, 0.516, 0.26535626535626533, 0.536]	no-link	question-question	0.1253	0.0553	-0.0184	-0.079	-0.084	-0.064	6
THIS	NAME:	[0.19656019656019655, 0.476, 0.2457002457002457, 0.492]	[0.19164619164619165, 0.516, 0.26535626535626533, 0.536]	line-line	header-question	0.0688	0.04	-0.0049	0.044	-0.0541	0.06	7
THIS	IS	[0.19656019656019655, 0.476, 0.2457002457002457, 0.492]	[0.3820638820638821, 0.477, 0.40171990171990174, 0.492]	no-link	header-header	-0.1364	-0.1855	-0.2052	-0.001	0.0	0.015	7
THIS	DOCUMENT	[0.19656019656019655, 0.476, 0.2457002457002457, 0.492]	[0.25184275184275184, 0.476, 0.37346437346437344, 0.493]	word-word	header-header	0.1769	0.0	0.0553	0.001	0.0061	0.017	7
DOCUMENT	IS	[0.25184275184275184, 0.476, 0.37346437346437344, 0.493]	[0.3820638820638821, 0.477, 0.40171990171990174, 0.492]	word-word	header-header	0.1499	0.001	0.1302	-0.001	0.0086	0.016	7
DOCUMENT	THIS	[0.25184275184275184, 0.476, 0.37346437346437344, 0.493]	[0.19656019656019655, 0.476, 0.2457002457002457, 0.492]	no-link	header-question	0.1769	0.0553	0.0061	0.0	0.001	0.017	7
DOCUMENT	R	[0.25184275184275184, 0.476, 0.37346437346437344, 0.493]	[0.3108108108108108, 0.523, 0.32923832923832924, 0.534]	no-link	header-answer	0.0627	-0.059	-0.0774	-0.047	-0.041	-0.03	7
THIS	NAME:	[0.19656019656019655, 0.476, 0.2457002457002457, 0.492]	[0.19164619164619165, 0.516, 0.26535626535626533, 0.536]	header-question	header-question	0.0688	0.04	-0.0049	0.044	-0.0541	0.06	7
THIS	R	[0.19656019656019655, 0.476, 0.2457002457002457, 0.492]	[0.3108108108108108, 0.523, 0.32923832923832924, 0.534]	no-link	header-answer	-0.0651	-0.1143	-0.1327	-0.047	-0.042	-0.031	7
THIS	F	[0.19656019656019655, 0.476, 0.2457002457002457, 0.492]	[0.3366093366093366, 0.523, 0.3574938574938575, 0.534]	no-link	header-answer	-0.0909	-0.14	-0.1609	-0.047	-0.042	-0.031	7
THIS	OFFICE:	[0.19656019656019655, 0.476, 0.2457002457002457, 0.492]	[0.19164619164619165, 0.54, 0.2751842751842752, 0.564]	header-question	header-question	0.0786	0.064	-0.0049	0.072	-0.0541	0.088	7
THIS	FAX	[0.19656019656019655, 0.476, 0.2457002457002457, 0.492]	[0.1891891891891892, 0.575, 0.23832923832923833, 0.59]	header-question	header-question	0.0418	0.099	-0.0074	0.098	-0.0565	0.114	7
THIS	COMMENTS:	[0.19656019656019655, 0.476, 0.2457002457002457, 0.492]	[0.1904176904176904, 0.611, 0.32678132678132676, 0.627]	header-question	header-question	0.1302	0.135	-0.0061	0.135	-0.0553	0.151	7
THIS	DOCUMENT	[0.19656019656019655, 0.476, 0.2457002457002457, 0.492]	[0.25184275184275184, 0.476, 0.37346437346437344, 0.493]	word-word	header-header	0.1769	0.0	0.0553	0.001	0.0061	0.017	8
THIS	City.	[0.19656019656019655, 0.476, 0.2457002457002457, 0.492]	[0.3857493857493858, 0.544, 0.42874692874692877, 0.561]	no-link	header-answer	-0.14	-0.1892	-0.2322	-0.068	-0.069	-0.052	8
DOCUMENT	IS	[0.25184275184275184, 0.476, 0.37346437346437344, 0.493]	[0.3820638820638821, 0.477, 0.40171990171990174, 0.492]	word-word	header-header	0.1499	0.001	0.1302	-0.001	0.0086	0.016	8
DOCUMENT	F	[0.25184275184275184, 0.476, 0.37346437346437344, 0.493]	[0.3366093366093366, 0.523, 0.3574938574938575, 0.534]	no-link	header-answer	0.0369	-0.0848	-0.1057	-0.047	-0.041	-0.03	8
DOCUMENT	City.	[0.25184275184275184, 0.476, 0.37346437346437344, 0.493]	[0.3857493857493858, 0.544, 0.42874692874692877, 0.561]	no-link	header-answer	-0.0123	-0.1339	-0.1769	-0.068	-0.068	-0.051	8
DOCUMENT	Oklahoma	[0.25184275184275184, 0.476, 0.37346437346437344, 0.493]	[0.27764127764127766, 0.545, 0.3783783783783784, 0.562]	no-link	header-answer	0.0958	-0.0258	-0.1265	-0.069	-0.069	-0.052	8
THIS	DOCUMENT	[0.19656019656019655, 0.476, 0.2457002457002457, 0.492]	[0.25184275184275184, 0.476, 0.37346437346437344, 0.493]	word-word	header-header	0.1769	0.0	0.0553	0.001	0.0061	0.017	9
THIS	Oklahoma	[0.19656019656019655, 0.476, 0.2457002457002457, 0.492]	[0.27764127764127766, 0.545, 0.3783783783783784, 0.562]	no-link	header-answer	-0.0319	-0.0811	-0.1818	-0.069	-0.07	-0.053	9
THIS	PHONE	[0.19656019656019655, 0.476, 0.2457002457002457, 0.492]	[0.24324324324324326, 0.571, 0.32063882063882065, 0.588]	no-link	header-question	0.0025	-0.0467	-0.1241	-0.095	-0.096	-0.079	9
DOCUMENT	IS	[0.25184275184275184, 0.476, 0.37346437346437344, 0.493]	[0.3820638820638821, 0.477, 0.40171990171990174, 0.492]	word-word	header-header	0.1499	0.001	0.1302	-0.001	0.0086	0.016	9
THIS	DOCUMENT	[0.19656019656019655, 0.476, 0.2457002457002457, 0.492]	[0.25184275184275184, 0.476, 0.37346437346437344, 0.493]	word-word	header-header	0.1769	0.0	0.0553	0.001	0.0061	0.017	10
THIS	(400)	[0.19656019656019655, 0.476, 0.2457002457002457, 0.492]	[0.42874692874692877, 0.572, 0.47788697788697787, 0.589]	no-link	header-answer	-0.183	-0.2322	-0.2813	-0.096	-0.097	-0.08	10
DOCUMENT	IS	[0.25184275184275184, 0.476, 0.37346437346437344, 0.493]	[0.3820638820638821, 0.477, 0.40171990171990174, 0.492]	word-word	header-header	0.1499	0.001	0.1302	-0.001	0.0086	0.016	10
DOCUMENT	(400)	[0.25184275184275184, 0.476, 0.37346437346437344, 0.493]	[0.42874692874692877, 0.572, 0.47788697788697787, 0.589]	no-link	header-answer	-0.0553	-0.1769	-0.226	-0.096	-0.096	-0.079	10
DOCUMENT	840-	[0.25184275184275184, 0.476, 0.37346437346437344, 0.493]	[0.48402948402948404, 0.572, 0.5294840294840295, 0.591]	no-link	header-answer	-0.1106	-0.2322	-0.2776	-0.096	-0.098	-0.079	10
THIS	DOCUMENT	[0.19656019656019655, 0.476, 0.2457002457002457, 0.492]	[0.25184275184275184, 0.476, 0.37346437346437344, 0.493]	word-word	header-header	0.1769	0.0	0.0553	0.001	0.0061	0.017	11
THIS	840-	[0.19656019656019655, 0.476, 0.2457002457002457, 0.492]	[0.48402948402948404, 0.572, 0.5294840294840295, 0.591]	no-link	header-answer	-0.2383	-0.2875	-0.3329	-0.096	-0.099	-0.08	11
DOCUMENT	IS	[0.25184275184275184, 0.476, 0.37346437346437344, 0.493]	[0.3820638820638821, 0.477, 0.40171990171990174, 0.492]	word-word	header-header	0.1499	0.001	0.1302	-0.001	0.0086	0.016	11
IS	FROM:	[0.3820638820638821, 0.477, 0.40171990171990174, 0.492]	[0.40786240786240785, 0.477, 0.47297297297297297, 0.493]	word-word	header-header	0.0909	0.0	0.0258	0.001	0.0061	0.016	7
IS	NAME:	[0.3820638820638821, 0.477, 0.40171990171990174, 0.492]	[0.19164619164619165, 0.516, 0.26535626535626533, 0.536]	no-link	header-question	0.2101	0.1904	0.1167	-0.039	-0.044	-0.024	7
IS	R	[0.3820638820638821, 0.477, 0.40171990171990174, 0.492]	[0.3108108108108108, 0.523, 0.32923832923832924, 0.534]	no-link	header-answer	0.0909	0.0713	0.0528	-0.046	-0.042	-0.031	7
IS	F	[0.3820638820638821, 0.477, 0.40171990171990174, 0.492]	[0.3366093366093366, 0.523, 0.3574938574938575, 0.534]	no-link	header-answer	0.0651	0.0455	0.0246	-0.046	-0.042	-0.031	7
IS	OFFICE:	[0.3820638820638821, 0.477, 0.40171990171990174, 0.492]	[0.19164619164619165, 0.54, 0.2751842751842752, 0.564]	no-link	header-question	0.2101	0.1904	0.1069	-0.063	-0.072	-0.048	7
IS	City.	[0.3820638820638821, 0.477, 0.40171990171990174, 0.492]	[0.3857493857493858, 0.544, 0.42874692874692877, 0.561]	no-link	header-answer	0.016	-0.0037	-0.0467	-0.067	-0.069	-0.052	7
IS	Oklahoma	[0.3820638820638821, 0.477, 0.40171990171990174, 0.492]	[0.27764127764127766, 0.545, 0.3783783783783784, 0.562]	no-link	header-answer	0.1241	0.1044	0.0037	-0.068	-0.07	-0.053	7
IS	PHONE	[0.3820638820638821, 0.477, 0.40171990171990174, 0.492]	[0.24324324324324326, 0.571, 0.32063882063882065, 0.588]	no-link	header-question	0.1585	0.1388	0.0614	-0.094	-0.096	-0.079	7
IS	(400)	[0.3820638820638821, 0.477, 0.40171990171990174, 0.492]	[0.42874692874692877, 0.572, 0.47788697788697787, 0.589]	no-link	header-answer	-0.027	-0.0467	-0.0958	-0.095	-0.097	-0.08	7
IS	840-	[0.3820638820638821, 0.477, 0.40171990171990174, 0.492]	[0.48402948402948404, 0.572, 0.5294840294840295, 0.591]	no-link	header-answer	-0.0823	-0.102	-0.1474	-0.095	-0.099	-0.08	7
IS	FAX	[0.3820638820638821, 0.477, 0.40171990171990174, 0.492]	[0.1891891891891892, 0.575, 0.23832923832923833, 0.59]	no-link	header-question	0.2125	0.1929	0.1437	-0.098	-0.098	-0.083	7
IS	FROM:	[0.3820638820638821, 0.477, 0.40171990171990174, 0.492]	[0.40786240786240785, 0.477, 0.47297297297297297, 0.493]	word-word	header-header	0.0909	0.0	0.0258	0.001	0.0061	0.016	8
IS	FROM:	[0.3820638820638821, 0.477, 0.40171990171990174, 0.492]	[0.40786240786240785, 0.477, 0.47297297297297297, 0.493]	word-word	header-header	0.0909	0.0	0.0258	0.001	0.0061	0.016	9
IS	FROM:	[0.3820638820638821, 0.477, 0.40171990171990174, 0.492]	[0.40786240786240785, 0.477, 0.47297297297297297, 0.493]	word-word	header-header	0.0909	0.0	0.0258	0.001	0.0061	0.016	10
IS	COMMENTS:	[0.3820638820638821, 0.477, 0.40171990171990174, 0.492]	[0.1904176904176904, 0.611, 0.32678132678132676, 0.627]	no-link	header-answer	0.2113	0.1916	0.0553	-0.134	-0.135	-0.119	10
IS	FROM:	[0.3820638820638821, 0.477, 0.40171990171990174, 0.492]	[0.40786240786240785, 0.477, 0.47297297297297297, 0.493]	word-word	header-header	0.0909	0.0	0.0258	0.001	0.0061	0.016	11
IS	The	[0.3820638820638821, 0.477, 0.40171990171990174, 0.492]	[0.3525798525798526, 0.611, 0.3808353808353808, 0.627]	no-link	header-answer	0.0491	0.0295	0.0012	-0.134	-0.135	-0.119	11
NAME:	OFFICE:	[0.19164619164619165, 0.516, 0.26535626535626533, 0.536]	[0.19164619164619165, 0.54, 0.2751842751842752, 0.564]	line-line	question-question	0.0835	0.024	0.0	0.028	-0.0737	0.048	8
NAME:	R	[0.19164619164619165, 0.516, 0.26535626535626533, 0.536]	[0.3108108108108108, 0.523, 0.32923832923832924, 0.534]	no-link	question-answer	-0.0455	-0.1192	-0.1376	-0.007	0.002	0.013	8
NAME:	F	[0.19164619164619165, 0.516, 0.26535626535626533, 0.536]	[0.3366093366093366, 0.523, 0.3574938574938575, 0.534]	no-link	question-answer	-0.0713	-0.145	-0.1658	-0.007	0.002	0.013	8
NAME:	City.	[0.19164619164619165, 0.516, 0.26535626535626533, 0.536]	[0.3857493857493858, 0.544, 0.42874692874692877, 0.561]	no-link	question-answer	-0.1204	-0.1941	-0.2371	-0.028	-0.025	-0.008	8
NAME:	Oklahoma	[0.19164619164619165, 0.516, 0.26535626535626533, 0.536]	[0.27764127764127766, 0.545, 0.3783783783783784, 0.562]	no-link	question-answer	-0.0123	-0.086	-0.1867	-0.029	-0.026	-0.009	8
NAME:	(400)	[0.19164619164619165, 0.516, 0.26535626535626533, 0.536]	[0.42874692874692877, 0.572, 0.47788697788697787, 0.589]	no-link	question-answer	-0.1634	-0.2371	-0.2862	-0.056	-0.053	-0.036	8
NAME:	840-	[0.19164619164619165, 0.516, 0.26535626535626533, 0.536]	[0.48402948402948404, 0.572, 0.5294840294840295, 0.591]	no-link	question-answer	-0.2187	-0.2924	-0.3378	-0.056	-0.055	-0.036	8
NAME:	COMMENTS:	[0.19164619164619165, 0.516, 0.26535626535626533, 0.536]	[0.1904176904176904, 0.611, 0.32678132678132676, 0.627]	no-link	question-answer	0.0749	0.0012	-0.1351	-0.095	-0.091	-0.075	8
NAME:	The	[0.19164619164619165, 0.516, 0.26535626535626533, 0.536]	[0.3525798525798526, 0.611, 0.3808353808353808, 0.627]	no-link	question-answer	-0.0872	-0.1609	-0.1892	-0.095	-0.091	-0.075	8
NAME:	R	[0.19164619164619165, 0.516, 0.26535626535626533, 0.536]	[0.3108108108108108, 0.523, 0.32923832923832924, 0.534]	question-answer	question-answer	0.1376	0.007	0.1192	-0.002	0.0455	0.018	8
NAME:	Competitive	[0.19164619164619165, 0.516, 0.26535626535626533, 0.536]	[0.48402948402948404, 0.612, 0.5958230958230958, 0.628]	no-link	question-answer	-0.2187	-0.2924	-0.4042	-0.096	-0.092	-0.076	8
NAME:	THIS	[0.19164619164619165, 0.516, 0.26535626535626533, 0.536]	[0.19656019656019655, 0.476, 0.2457002457002457, 0.492]	question-header	question-header	0.0541	-0.04	0.0049	-0.044	-0.0688	-0.024	8
NAME:	attached	[0.19164619164619165, 0.516, 0.26535626535626533, 0.536]	[0.3931203931203931, 0.614, 0.47665847665847666, 0.63]	no-link	question-answer	-0.1278	-0.2015	-0.285	-0.098	-0.094	-0.078	8
R	F	[0.3108108108108108, 0.523, 0.32923832923832924, 0.534]	[0.3366093366093366, 0.523, 0.3574938574938575, 0.534]	word-word	answer-answer	0.0467	0.0	0.0258	0.0	0.0074	0.011	8
R	OFFICE:	[0.3108108108108108, 0.523, 0.32923832923832924, 0.534]	[0.19164619164619165, 0.54, 0.2751842751842752, 0.564]	no-link	answer-question	0.1376	0.1192	0.0356	-0.017	-0.03	-0.006	8
R	City.	[0.3108108108108108, 0.523, 0.32923832923832924, 0.534]	[0.3857493857493858, 0.544, 0.42874692874692877, 0.561]	no-link	answer-answer	-0.0565	-0.0749	-0.1179	-0.021	-0.027	-0.01	8
R	Oklahoma	[0.3108108108108108, 0.523, 0.32923832923832924, 0.534]	[0.27764127764127766, 0.545, 0.3783783783783784, 0.562]	no-link	answer-answer	0.0516	0.0332	-0.0676	-0.022	-0.028	-0.011	8
R	PHONE	[0.3108108108108108, 0.523, 0.32923832923832924, 0.534]	[0.24324324324324326, 0.571, 0.32063882063882065, 0.588]	no-link	answer-question	0.086	0.0676	-0.0098	-0.048	-0.054	-0.037	8
R	(400)	[0.3108108108108108, 0.523, 0.32923832923832924, 0.534]	[0.42874692874692877, 0.572, 0.47788697788697787, 0.589]	no-link	answer-answer	-0.0995	-0.1179	-0.1671	-0.049	-0.055	-0.038	8
R	840-	[0.3108108108108108, 0.523, 0.32923832923832924, 0.534]	[0.48402948402948404, 0.572, 0.5294840294840295, 0.591]	no-link	answer-answer	-0.1548	-0.1732	-0.2187	-0.049	-0.057	-0.038	8
R	FAX	[0.3108108108108108, 0.523, 0.32923832923832924, 0.534]	[0.1891891891891892, 0.575, 0.23832923832923833, 0.59]	no-link	answer-question	0.14	0.1216	0.0725	-0.052	-0.056	-0.041	8
R	COMMENTS:	[0.3108108108108108, 0.523, 0.32923832923832924, 0.534]	[0.1904176904176904, 0.611, 0.32678132678132676, 0.627]	no-link	answer-answer	0.1388	0.1204	-0.016	-0.088	-0.093	-0.077	8
R	The	[0.3108108108108108, 0.523, 0.32923832923832924, 0.534]	[0.3525798525798526, 0.611, 0.3808353808353808, 0.627]	no-link	answer-answer	-0.0233	-0.0418	-0.07	-0.088	-0.093	-0.077	8
R	Competitive	[0.3108108108108108, 0.523, 0.32923832923832924, 0.534]	[0.48402948402948404, 0.612, 0.5958230958230958, 0.628]	no-link	answer-answer	-0.1548	-0.1732	-0.285	-0.089	-0.094	-0.078	8
R	attached	[0.3108108108108108, 0.523, 0.32923832923832924, 0.534]	[0.3931203931203931, 0.614, 0.47665847665847666, 0.63]	no-link	answer-answer	-0.0639	-0.0823	-0.1658	-0.091	-0.096	-0.08	8
R	information	[0.3108108108108108, 0.523, 0.32923832923832924, 0.534]	[0.6105651105651105, 0.615, 0.7223587223587223, 0.63]	no-link	answer-answer	-0.2813	-0.2998	-0.4115	-0.092	-0.096	-0.081	8
F		[0.3366093366093366, 0.523, 0.3574938574938575, 0.534]	[0.371007371007371, 0.519, 0.42874692874692877, 0.535]	word-word	answer-answer	0.0921	-0.004	0.0344	0.001	0.0135	0.012	8
F	OFFICE:	[0.3366093366093366, 0.523, 0.3574938574938575, 0.534]	[0.19164619164619165, 0.54, 0.2751842751842752, 0.564]	no-link	answer-answer	0.1658	0.145	0.0614	-0.017	-0.03	-0.006	8
F	City.	[0.3366093366093366, 0.523, 0.3574938574938575, 0.534]	[0.3857493857493858, 0.544, 0.42874692874692877, 0.561]	no-link	answer-answer	-0.0283	-0.0491	-0.0921	-0.021	-0.027	-0.01	8
F	Oklahoma	[0.3366093366093366, 0.523, 0.3574938574938575, 0.534]	[0.27764127764127766, 0.545, 0.3783783783783784, 0.562]	no-link	answer-answer	0.0799	0.059	-0.0418	-0.022	-0.028	-0.011	8
F	PHONE	[0.3366093366093366, 0.523, 0.3574938574938575, 0.534]	[0.24324324324324326, 0.571, 0.32063882063882065, 0.588]	no-link	answer-question	0.1143	0.0934	0.016	-0.048	-0.054	-0.037	8
F	(400)	[0.3366093366093366, 0.523, 0.3574938574938575, 0.534]	[0.42874692874692877, 0.572, 0.47788697788697787, 0.589]	no-link	answer-answer	-0.0713	-0.0921	-0.1413	-0.049	-0.055	-0.038	8
F	840-	[0.3366093366093366, 0.523, 0.3574938574938575, 0.534]	[0.48402948402948404, 0.572, 0.5294840294840295, 0.591]	no-link	answer-answer	-0.1265	-0.1474	-0.1929	-0.049	-0.057	-0.038	8
F	FAX	[0.3366093366093366, 0.523, 0.3574938574938575, 0.534]	[0.1891891891891892, 0.575, 0.23832923832923833, 0.59]	no-link	answer-question	0.1683	0.1474	0.0983	-0.052	-0.056	-0.041	8
F	COMMENTS:	[0.3366093366093366, 0.523, 0.3574938574938575, 0.534]	[0.1904176904176904, 0.611, 0.32678132678132676, 0.627]	no-link	answer-answer	0.1671	0.1462	0.0098	-0.088	-0.093	-0.077	8
F	The	[0.3366093366093366, 0.523, 0.3574938574938575, 0.534]	[0.3525798525798526, 0.611, 0.3808353808353808, 0.627]	no-link	answer-answer	0.0049	-0.016	-0.0442	-0.088	-0.093	-0.077	8
F	Competitive	[0.3366093366093366, 0.523, 0.3574938574938575, 0.534]	[0.48402948402948404, 0.612, 0.5958230958230958, 0.628]	no-link	answer-answer	-0.1265	-0.1474	-0.2592	-0.089	-0.094	-0.078	8
F	attached	[0.3366093366093366, 0.523, 0.3574938574938575, 0.534]	[0.3931203931203931, 0.614, 0.47665847665847666, 0.63]	no-link	answer-answer	-0.0356	-0.0565	-0.14	-0.091	-0.096	-0.08	8
F	information	[0.3366093366093366, 0.523, 0.3574938574938575, 0.534]	[0.6105651105651105, 0.615, 0.7223587223587223, 0.63]	no-link	answer-answer	-0.2531	-0.274	-0.3857	-0.092	-0.096	-0.081	8
F	secured	[0.3366093366093366, 0.523, 0.3574938574938575, 0.534]	[0.3906633906633907, 0.64, 0.4606879606879607, 0.656]	no-link	answer-answer	-0.0332	-0.0541	-0.1241	-0.117	-0.122	-0.106	8
OFFICE:	FAX	[0.19164619164619165, 0.54, 0.2751842751842752, 0.564]	[0.1891891891891892, 0.575, 0.23832923832923833, 0.59]	line-line	question-question	0.0467	0.035	-0.0025	0.026	-0.086	0.05	9
OFFICE:	City.	[0.19164619164619165, 0.54, 0.2751842751842752, 0.564]	[0.3857493857493858, 0.544, 0.42874692874692877, 0.561]	no-link	question-answer	-0.1106	-0.1941	-0.2371	-0.004	0.003	0.02	9
OFFICE:	Oklahoma	[0.19164619164619165, 0.54, 0.2751842751842752, 0.564]	[0.27764127764127766, 0.545, 0.3783783783783784, 0.562]	no-link	question-answer	-0.0025	-0.086	-0.1867	-0.005	0.002	0.019	9
OFFICE:	(400)	[0.19164619164619165, 0.54, 0.2751842751842752, 0.564]	[0.42874692874692877, 0.572, 0.47788697788697787, 0.589]	no-link	question-answer	-0.1536	-0.2371	-0.2862	-0.032	-0.025	-0.008	9
OFFICE:	840-	[0.19164619164619165, 0.54, 0.2751842751842752, 0.564]	[0.48402948402948404, 0.572, 0.5294840294840295, 0.591]	no-link	question-answer	-0.2088	-0.2924	-0.3378	-0.032	-0.027	-0.008	9
OFFICE:	COMMENTS:	[0.19164619164619165, 0.54, 0.2751842751842752, 0.564]	[0.1904176904176904, 0.611, 0.32678132678132676, 0.627]	no-link	question-answer	0.0848	0.0012	-0.1351	-0.071	-0.063	-0.047	9
OFFICE:	The	[0.19164619164619165, 0.54, 0.2751842751842752, 0.564]	[0.3525798525798526, 0.611, 0.3808353808353808, 0.627]	no-link	question-answer	-0.0774	-0.1609	-0.1892	-0.071	-0.063	-0.047	9
OFFICE:	Competitive	[0.19164619164619165, 0.54, 0.2751842751842752, 0.564]	[0.48402948402948404, 0.612, 0.5958230958230958, 0.628]	no-link	question-answer	-0.2088	-0.2924	-0.4042	-0.072	-0.064	-0.048	9
OFFICE:	attached	[0.19164619164619165, 0.54, 0.2751842751842752, 0.564]	[0.3931203931203931, 0.614, 0.47665847665847666, 0.63]	no-link	question-answer	-0.1179	-0.2015	-0.285	-0.074	-0.066	-0.05	9
OFFICE:	information	[0.19164619164619165, 0.54, 0.2751842751842752, 0.564]	[0.6105651105651105, 0.615, 0.7223587223587223, 0.63]	no-link	question-answer	-0.3354	-0.4189	-0.5307	-0.075	-0.066	-0.051	9
OFFICE:	secured	[0.19164619164619165, 0.54, 0.2751842751842752, 0.564]	[0.3906633906633907, 0.64, 0.4606879606879607, 0.656]	no-link	question-answer	-0.1155	-0.199	-0.269	-0.1	-0.092	-0.076	9
OFFICE:	in	[0.19164619164619165, 0.54, 0.2751842751842752, 0.564]	[0.47297297297297297, 0.64, 0.4975429975429975, 0.656]	no-link	question-answer	-0.1978	-0.2813	-0.3059	-0.1	-0.092	-0.076	9
OFFICE:	Oklahoma	[0.19164619164619165, 0.54, 0.2751842751842752, 0.564]	[0.27764127764127766, 0.545, 0.3783783783783784, 0.562]	question-answer	question-answer	0.1867	0.005	0.086	-0.002	0.0025	0.022	9
OFFICE:	THIS	[0.19164619164619165, 0.54, 0.2751842751842752, 0.564]	[0.19656019656019655, 0.476, 0.2457002457002457, 0.492]	question-header	question-header	0.0541	-0.064	0.0049	-0.072	-0.0786	-0.048	9
OFFICE:	was	[0.19164619164619165, 0.54, 0.2751842751842752, 0.564]	[0.3501228501228501, 0.642, 0.3832923832923833, 0.654]	no-link	question-answer	-0.0749	-0.1585	-0.1916	-0.102	-0.09	-0.078	9
City.	OK	[0.3857493857493858, 0.544, 0.42874692874692877, 0.561]	[0.4348894348894349, 0.544, 0.4705159705159705, 0.561]	word-word	answer-answer	0.0848	0.0	0.0491	0.0	0.0061	0.017	9
City.	PHONE	[0.3857493857493858, 0.544, 0.42874692874692877, 0.561]	[0.24324324324324326, 0.571, 0.32063882063882065, 0.588]	no-link	answer-question	0.1855	0.1425	0.0651	-0.027	-0.027	-0.01	9
City.	(400)	[0.3857493857493858, 0.544, 0.42874692874692877, 0.561]	[0.42874692874692877, 0.572, 0.47788697788697787, 0.589]	no-link	answer-answer	0.0	-0.043	-0.0921	-0.028	-0.028	-0.011	9
City.	840-	[0.3857493857493858, 0.544, 0.42874692874692877, 0.561]	[0.48402948402948404, 0.572, 0.5294840294840295, 0.591]	no-link	answer-answer	-0.0553	-0.0983	-0.1437	-0.028	-0.03	-0.011	9
City.	FAX	[0.3857493857493858, 0.544, 0.42874692874692877, 0.561]	[0.1891891891891892, 0.575, 0.23832923832923833, 0.59]	no-link	answer-question	0.2396	0.1966	0.1474	-0.031	-0.029	-0.014	9
City.	COMMENTS:	[0.3857493857493858, 0.544, 0.42874692874692877, 0.561]	[0.1904176904176904, 0.611, 0.32678132678132676, 0.627]	no-link	answer-answer	0.2383	0.1953	0.059	-0.067	-0.066	-0.05	9
City.	The	[0.3857493857493858, 0.544, 0.42874692874692877, 0.561]	[0.3525798525798526, 0.611, 0.3808353808353808, 0.627]	no-link	answer-answer	0.0762	0.0332	0.0049	-0.067	-0.066	-0.05	9
City.	Competitive	[0.3857493857493858, 0.544, 0.42874692874692877, 0.561]	[0.48402948402948404, 0.612, 0.5958230958230958, 0.628]	no-link	answer-answer	-0.0553	-0.0983	-0.2101	-0.068	-0.067	-0.051	9
City.	attached	[0.3857493857493858, 0.544, 0.42874692874692877, 0.561]	[0.3931203931203931, 0.614, 0.47665847665847666, 0.63]	no-link	answer-answer	0.0356	-0.0074	-0.0909	-0.07	-0.069	-0.053	9
City.	information	[0.3857493857493858, 0.544, 0.42874692874692877, 0.561]	[0.6105651105651105, 0.615, 0.7223587223587223, 0.63]	no-link	answer-answer	-0.1818	-0.2248	-0.3366	-0.071	-0.069	-0.054	9
City.	secured	[0.3857493857493858, 0.544, 0.42874692874692877, 0.561]	[0.3906633906633907, 0.64, 0.4606879606879607, 0.656]	no-link	answer-answer	0.0381	-0.0049	-0.0749	-0.096	-0.095	-0.079	9
City.	in	[0.3857493857493858, 0.544, 0.42874692874692877, 0.561]	[0.47297297297297297, 0.64, 0.4975429975429975, 0.656]	no-link	answer-answer	-0.0442	-0.0872	-0.1118	-0.096	-0.095	-0.079	9
City.	Oklahoma	[0.3857493857493858, 0.544, 0.42874692874692877, 0.561]	[0.5061425061425061, 0.64, 0.5884520884520884, 0.656]	no-link	answer-answer	-0.0774	-0.1204	-0.2027	-0.096	-0.095	-0.079	9
City.	was	[0.3857493857493858, 0.544, 0.42874692874692877, 0.561]	[0.3501228501228501, 0.642, 0.3832923832923833, 0.654]	no-link	answer-answer	0.0786	0.0356	0.0025	-0.098	-0.093	-0.081	9
City.	today.	[0.3857493857493858, 0.544, 0.42874692874692877, 0.561]	[0.5982800982800983, 0.642, 0.6584766584766585, 0.658]	no-link	answer-answer	-0.1695	-0.2125	-0.2727	-0.098	-0.097	-0.081	9
Oklahoma	City.	[0.27764127764127766, 0.545, 0.3783783783783784, 0.562]	[0.3857493857493858, 0.544, 0.42874692874692877, 0.561]	word-word	answer-answer	0.1511	-0.001	0.1081	-0.001	0.0074	0.016	9
Oklahoma	PHONE	[0.27764127764127766, 0.545, 0.3783783783783784, 0.562]	[0.24324324324324326, 0.571, 0.32063882063882065, 0.588]	no-link	answer-question	0.1351	0.0344	-0.043	-0.026	-0.026	-0.009	9
Oklahoma	(400)	[0.27764127764127766, 0.545, 0.3783783783783784, 0.562]	[0.42874692874692877, 0.572, 0.47788697788697787, 0.589]	no-link	answer-answer	-0.0504	-0.1511	-0.2002	-0.027	-0.027	-0.01	9
Oklahoma	840-	[0.27764127764127766, 0.545, 0.3783783783783784, 0.562]	[0.48402948402948404, 0.572, 0.5294840294840295, 0.591]	no-link	answer-answer	-0.1057	-0.2064	-0.2518	-0.027	-0.029	-0.01	9
Oklahoma	FAX	[0.27764127764127766, 0.545, 0.3783783783783784, 0.562]	[0.1891891891891892, 0.575, 0.23832923832923833, 0.59]	no-link	answer-question	0.1892	0.0885	0.0393	-0.03	-0.028	-0.013	9
Oklahoma	COMMENTS:	[0.27764127764127766, 0.545, 0.3783783783783784, 0.562]	[0.1904176904176904, 0.611, 0.32678132678132676, 0.627]	no-link	answer-answer	0.188	0.0872	-0.0491	-0.066	-0.065	-0.049	9
Oklahoma	The	[0.27764127764127766, 0.545, 0.3783783783783784, 0.562]	[0.3525798525798526, 0.611, 0.3808353808353808, 0.627]	no-link	answer-answer	0.0258	-0.0749	-0.1032	-0.066	-0.065	-0.049	9
Oklahoma	Competitive	[0.27764127764127766, 0.545, 0.3783783783783784, 0.562]	[0.48402948402948404, 0.612, 0.5958230958230958, 0.628]	no-link	answer-answer	-0.1057	-0.2064	-0.3182	-0.067	-0.066	-0.05	9
Oklahoma	attached	[0.27764127764127766, 0.545, 0.3783783783783784, 0.562]	[0.3931203931203931, 0.614, 0.47665847665847666, 0.63]	no-link	answer-answer	-0.0147	-0.1155	-0.199	-0.069	-0.068	-0.052	9
Oklahoma	information	[0.27764127764127766, 0.545, 0.3783783783783784, 0.562]	[0.6105651105651105, 0.615, 0.7223587223587223, 0.63]	no-link	answer-answer	-0.2322	-0.3329	-0.4447	-0.07	-0.068	-0.053	9
Oklahoma	secured	[0.27764127764127766, 0.545, 0.3783783783783784, 0.562]	[0.3906633906633907, 0.64, 0.4606879606879607, 0.656]	no-link	answer-answer	-0.0123	-0.113	-0.183	-0.095	-0.094	-0.078	9
Oklahoma	in	[0.27764127764127766, 0.545, 0.3783783783783784, 0.562]	[0.47297297297297297, 0.64, 0.4975429975429975, 0.656]	no-link	answer-answer	-0.0946	-0.1953	-0.2199	-0.095	-0.094	-0.078	9
Oklahoma	was	[0.27764127764127766, 0.545, 0.3783783783783784, 0.562]	[0.3501228501228501, 0.642, 0.3832923832923833, 0.654]	no-link	answer-answer	0.0283	-0.0725	-0.1057	-0.097	-0.092	-0.08	9
Oklahoma	today.	[0.27764127764127766, 0.545, 0.3783783783783784, 0.562]	[0.5982800982800983, 0.642, 0.6584766584766585, 0.658]	no-link	answer-answer	-0.2199	-0.3206	-0.3808	-0.097	-0.096	-0.08	9
Oklahoma	you	[0.27764127764127766, 0.545, 0.3783783783783784, 0.562]	[0.3845208845208845, 0.671, 0.4152334152334152, 0.688]	no-link	answer-answer	-0.0061	-0.1069	-0.1376	-0.126	-0.126	-0.109	9
PHONE	NUMBER:	[0.24324324324324326, 0.571, 0.32063882063882065, 0.588]	[0.32063882063882065, 0.574, 0.4238329238329238, 0.59]	word-word	question-question	0.1806	0.003	0.0774	0.002	0.0	0.019	7
PHONE	(400)	[0.24324324324324326, 0.571, 0.32063882063882065, 0.588]	[0.42874692874692877, 0.572, 0.47788697788697787, 0.589]	no-link	question-answer	-0.1081	-0.1855	-0.2346	-0.001	-0.001	0.016	7
PHONE	840-	[0.24324324324324326, 0.571, 0.32063882063882065, 0.588]	[0.48402948402948404, 0.572, 0.5294840294840295, 0.591]	no-link	question-answer	-0.1634	-0.2408	-0.2862	-0.001	-0.003	0.016	7
PHONE	FAX	[0.24324324324324326, 0.571, 0.32063882063882065, 0.588]	[0.1891891891891892, 0.575, 0.23832923832923833, 0.59]	no-link	question-question	0.1314	0.0541	0.0049	-0.004	-0.002	0.013	7
PHONE	COMMENTS:	[0.24324324324324326, 0.571, 0.32063882063882065, 0.588]	[0.1904176904176904, 0.611, 0.32678132678132676, 0.627]	no-link	question-answer	0.1302	0.0528	-0.0835	-0.04	-0.039	-0.023	7
PHONE	The	[0.24324324324324326, 0.571, 0.32063882063882065, 0.588]	[0.3525798525798526, 0.611, 0.3808353808353808, 0.627]	no-link	question-answer	-0.0319	-0.1093	-0.1376	-0.04	-0.039	-0.023	7
PHONE	Competitive	[0.24324324324324326, 0.571, 0.32063882063882065, 0.588]	[0.48402948402948404, 0.612, 0.5958230958230958, 0.628]	no-link	question-answer	-0.1634	-0.2408	-0.3526	-0.041	-0.04	-0.024	7
PHONE	attached	[0.24324324324324326, 0.571, 0.32063882063882065, 0.588]	[0.3931203931203931, 0.614, 0.47665847665847666, 0.63]	no-link	question-answer	-0.0725	-0.1499	-0.2334	-0.043	-0.042	-0.026	7
PHONE	information	[0.24324324324324326, 0.571, 0.32063882063882065, 0.588]	[0.6105651105651105, 0.615, 0.7223587223587223, 0.63]	no-link	question-answer	-0.2899	-0.3673	-0.4791	-0.044	-0.042	-0.027	7
PHONE	secured	[0.24324324324324326, 0.571, 0.32063882063882065, 0.588]	[0.3906633906633907, 0.64, 0.4606879606879607, 0.656]	no-link	question-answer	-0.07	-0.1474	-0.2174	-0.069	-0.068	-0.052	7
PHONE	in	[0.24324324324324326, 0.571, 0.32063882063882065, 0.588]	[0.47297297297297297, 0.64, 0.4975429975429975, 0.656]	no-link	question-answer	-0.1523	-0.2297	-0.2543	-0.069	-0.068	-0.052	7
PHONE	Oklahoma	[0.24324324324324326, 0.571, 0.32063882063882065, 0.588]	[0.5061425061425061, 0.64, 0.5884520884520884, 0.656]	no-link	question-answer	-0.1855	-0.2629	-0.3452	-0.069	-0.068	-0.052	7
PHONE	was	[0.24324324324324326, 0.571, 0.32063882063882065, 0.588]	[0.3501228501228501, 0.642, 0.3832923832923833, 0.654]	no-link	question-answer	-0.0295	-0.1069	-0.14	-0.071	-0.066	-0.054	7
PHONE	today.	[0.24324324324324326, 0.571, 0.32063882063882065, 0.588]	[0.5982800982800983, 0.642, 0.6584766584766585, 0.658]	no-link	question-answer	-0.2776	-0.355	-0.4152	-0.071	-0.07	-0.054	7
PHONE	you	[0.24324324324324326, 0.571, 0.32063882063882065, 0.588]	[0.3845208845208845, 0.671, 0.4152334152334152, 0.688]	no-link	question-answer	-0.0639	-0.1413	-0.172	-0.1	-0.1	-0.083	7
PHONE	should	[0.24324324324324326, 0.571, 0.32063882063882065, 0.588]	[0.4238329238329238, 0.671, 0.4864864864864865, 0.687]	no-link	question-answer	-0.1032	-0.1806	-0.2432	-0.1	-0.099	-0.083	7
PHONE	NUMBER:	[0.24324324324324326, 0.571, 0.32063882063882065, 0.588]	[0.32063882063882065, 0.574, 0.4238329238329238, 0.59]	word-word	question-question	0.1806	0.003	0.0774	0.002	0.0	0.019	10
PHONE	If	[0.24324324324324326, 0.571, 0.32063882063882065, 0.588]	[0.3525798525798526, 0.672, 0.3783783783783784, 0.685]	no-link	question-answer	-0.0319	-0.1093	-0.1351	-0.101	-0.097	-0.084	10
(400)	840-	[0.42874692874692877, 0.572, 0.47788697788697787, 0.589]	[0.48402948402948404, 0.572, 0.5294840294840295, 0.591]	word-word	answer-answer	0.1007	0.0	0.0553	0.002	0.0061	0.019	10
(400)	FAX	[0.42874692874692877, 0.572, 0.47788697788697787, 0.589]	[0.1891891891891892, 0.575, 0.23832923832923833, 0.59]	no-link	answer-question	0.2887	0.2396	0.1904	-0.003	-0.001	0.014	10
(400)	COMMENTS:	[0.42874692874692877, 0.572, 0.47788697788697787, 0.589]	[0.1904176904176904, 0.611, 0.32678132678132676, 0.627]	no-link	answer-answer	0.2875	0.2383	0.102	-0.039	-0.038	-0.022	10
(400)	The	[0.42874692874692877, 0.572, 0.47788697788697787, 0.589]	[0.3525798525798526, 0.611, 0.3808353808353808, 0.627]	no-link	answer-answer	0.1253	0.0762	0.0479	-0.039	-0.038	-0.022	10
(400)	Competitive	[0.42874692874692877, 0.572, 0.47788697788697787, 0.589]	[0.48402948402948404, 0.612, 0.5958230958230958, 0.628]	no-link	answer-answer	-0.0061	-0.0553	-0.1671	-0.04	-0.039	-0.023	10
(400)	attached	[0.42874692874692877, 0.572, 0.47788697788697787, 0.589]	[0.3931203931203931, 0.614, 0.47665847665847666, 0.63]	no-link	answer-answer	0.0848	0.0356	-0.0479	-0.042	-0.041	-0.025	10
(400)	information	[0.42874692874692877, 0.572, 0.47788697788697787, 0.589]	[0.6105651105651105, 0.615, 0.7223587223587223, 0.63]	no-link	answer-answer	-0.1327	-0.1818	-0.2936	-0.043	-0.041	-0.026	10
(400)	secured	[0.42874692874692877, 0.572, 0.47788697788697787, 0.589]	[0.3906633906633907, 0.64, 0.4606879606879607, 0.656]	no-link	answer-answer	0.0872	0.0381	-0.0319	-0.068	-0.067	-0.051	10
(400)	in	[0.42874692874692877, 0.572, 0.47788697788697787, 0.589]	[0.47297297297297297, 0.64, 0.4975429975429975, 0.656]	no-link	answer-answer	0.0049	-0.0442	-0.0688	-0.068	-0.067	-0.051	10
(400)	Oklahoma	[0.42874692874692877, 0.572, 0.47788697788697787, 0.589]	[0.5061425061425061, 0.64, 0.5884520884520884, 0.656]	no-link	answer-answer	-0.0283	-0.0774	-0.1597	-0.068	-0.067	-0.051	10
(400)	was	[0.42874692874692877, 0.572, 0.47788697788697787, 0.589]	[0.3501228501228501, 0.642, 0.3832923832923833, 0.654]	no-link	answer-answer	0.1278	0.0786	0.0455	-0.07	-0.065	-0.053	10
(400)	today.	[0.42874692874692877, 0.572, 0.47788697788697787, 0.589]	[0.5982800982800983, 0.642, 0.6584766584766585, 0.658]	no-link	answer-answer	-0.1204	-0.1695	-0.2297	-0.07	-0.069	-0.053	10
(400)	you	[0.42874692874692877, 0.572, 0.47788697788697787, 0.589]	[0.3845208845208845, 0.671, 0.4152334152334152, 0.688]	no-link	answer-answer	0.0934	0.0442	0.0135	-0.099	-0.099	-0.082	10
(400)	should	[0.42874692874692877, 0.572, 0.47788697788697787, 0.589]	[0.4238329238329238, 0.671, 0.4864864864864865, 0.687]	no-link	answer-answer	0.0541	0.0049	-0.0577	-0.099	-0.098	-0.082	10
(400)	If	[0.42874692874692877, 0.572, 0.47788697788697787, 0.589]	[0.3525798525798526, 0.672, 0.3783783783783784, 0.685]	no-link	answer-answer	0.1253	0.0762	0.0504	-0.1	-0.096	-0.083	10
(400)	have	[0.42874692874692877, 0.572, 0.47788697788697787, 0.589]	[0.4975429975429975, 0.672, 0.5331695331695332, 0.685]	no-link	answer-answer	-0.0197	-0.0688	-0.1044	-0.1	-0.096	-0.083	10
840-	0639	[0.48402948402948404, 0.572, 0.5294840294840295, 0.591]	[0.5319410319410319, 0.574, 0.5798525798525799, 0.589]	word-word	answer-answer	0.0958	0.002	0.0479	-0.002	0.0025	0.017	10
840-	FAX	[0.48402948402948404, 0.572, 0.5294840294840295, 0.591]	[0.1891891891891892, 0.575, 0.23832923832923833, 0.59]	no-link	answer-question	0.3403	0.2948	0.2457	-0.003	0.001	0.016	10
840-	COMMENTS:	[0.48402948402948404, 0.572, 0.5294840294840295, 0.591]	[0.1904176904176904, 0.611, 0.32678132678132676, 0.627]	no-link	answer-answer	0.3391	0.2936	0.1572	-0.039	-0.036	-0.02	10
840-	The	[0.48402948402948404, 0.572, 0.5294840294840295, 0.591]	[0.3525798525798526, 0.611, 0.3808353808353808, 0.627]	no-link	answer-answer	0.1769	0.1314	0.1032	-0.039	-0.036	-0.02	10
840-	Competitive	[0.48402948402948404, 0.572, 0.5294840294840295, 0.591]	[0.48402948402948404, 0.612, 0.5958230958230958, 0.628]	no-link	answer-answer	0.0455	0.0	-0.1118	-0.04	-0.037	-0.021	10
840-	attached	[0.48402948402948404, 0.572, 0.5294840294840295, 0.591]	[0.3931203931203931, 0.614, 0.47665847665847666, 0.63]	no-link	answer-answer	0.1364	0.0909	0.0074	-0.042	-0.039	-0.023	10
840-	information	[0.48402948402948404, 0.572, 0.5294840294840295, 0.591]	[0.6105651105651105, 0.615, 0.7223587223587223, 0.63]	no-link	answer-answer	-0.0811	-0.1265	-0.2383	-0.043	-0.039	-0.024	10
840-	secured	[0.48402948402948404, 0.572, 0.5294840294840295, 0.591]	[0.3906633906633907, 0.64, 0.4606879606879607, 0.656]	no-link	answer-answer	0.1388	0.0934	0.0233	-0.068	-0.065	-0.049	10
840-	in	[0.48402948402948404, 0.572, 0.5294840294840295, 0.591]	[0.47297297297297297, 0.64, 0.4975429975429975, 0.656]	no-link	answer-answer	0.0565	0.0111	-0.0135	-0.068	-0.065	-0.049	10
840-	Oklahoma	[0.48402948402948404, 0.572, 0.5294840294840295, 0.591]	[0.5061425061425061, 0.64, 0.5884520884520884, 0.656]	no-link	answer-answer	0.0233	-0.0221	-0.1044	-0.068	-0.065	-0.049	10
840-	was	[0.48402948402948404, 0.572, 0.5294840294840295, 0.591]	[0.3501228501228501, 0.642, 0.3832923832923833, 0.654]	no-link	answer-answer	0.1794	0.1339	0.1007	-0.07	-0.063	-0.051	10
840-	today.	[0.48402948402948404, 0.572, 0.5294840294840295, 0.591]	[0.5982800982800983, 0.642, 0.6584766584766585, 0.658]	no-link	answer-answer	-0.0688	-0.1143	-0.1744	-0.07	-0.067	-0.051	10
840-	you	[0.48402948402948404, 0.572, 0.5294840294840295, 0.591]	[0.3845208845208845, 0.671, 0.4152334152334152, 0.688]	no-link	answer-answer	0.145	0.0995	0.0688	-0.099	-0.097	-0.08	10
840-	should	[0.48402948402948404, 0.572, 0.5294840294840295, 0.591]	[0.4238329238329238, 0.671, 0.4864864864864865, 0.687]	no-link	answer-answer	0.1057	0.0602	-0.0025	-0.099	-0.096	-0.08	10
840-	If	[0.48402948402948404, 0.572, 0.5294840294840295, 0.591]	[0.3525798525798526, 0.672, 0.3783783783783784, 0.685]	no-link	answer-answer	0.1769	0.1314	0.1057	-0.1	-0.094	-0.081	10
840-	have	[0.48402948402948404, 0.572, 0.5294840294840295, 0.591]	[0.4975429975429975, 0.672, 0.5331695331695332, 0.685]	no-link	answer-answer	0.0319	-0.0135	-0.0491	-0.1	-0.094	-0.081	10
840-	any	[0.48402948402948404, 0.572, 0.5294840294840295, 0.591]	[0.5442260442260443, 0.674, 0.5786240786240786, 0.689]	no-link	answer-answer	-0.0147	-0.0602	-0.0946	-0.102	-0.098	-0.083	10
FAX	PHONE	[0.1891891891891892, 0.575, 0.23832923832923833, 0.59]	[0.24324324324324326, 0.571, 0.32063882063882065, 0.588]	word-word	question-question	0.1314	-0.004	0.0541	-0.002	0.0049	0.013	7
FAX	COMMENTS:	[0.1891891891891892, 0.575, 0.23832923832923833, 0.59]	[0.1904176904176904, 0.611, 0.32678132678132676, 0.627]	no-link	question-answer	0.0479	-0.0012	-0.1376	-0.036	-0.037	-0.021	7
FAX	The	[0.1891891891891892, 0.575, 0.23832923832923833, 0.59]	[0.3525798525798526, 0.611, 0.3808353808353808, 0.627]	no-link	question-answer	-0.1143	-0.1634	-0.1916	-0.036	-0.037	-0.021	7
FAX	Competitive	[0.1891891891891892, 0.575, 0.23832923832923833, 0.59]	[0.48402948402948404, 0.612, 0.5958230958230958, 0.628]	no-link	question-answer	-0.2457	-0.2948	-0.4066	-0.037	-0.038	-0.022	7
FAX	attached	[0.1891891891891892, 0.575, 0.23832923832923833, 0.59]	[0.3931203931203931, 0.614, 0.47665847665847666, 0.63]	no-link	question-answer	-0.1548	-0.2039	-0.2875	-0.039	-0.04	-0.024	7
FAX	information	[0.1891891891891892, 0.575, 0.23832923832923833, 0.59]	[0.6105651105651105, 0.615, 0.7223587223587223, 0.63]	no-link	question-answer	-0.3722	-0.4214	-0.5332	-0.04	-0.04	-0.025	7
FAX	secured	[0.1891891891891892, 0.575, 0.23832923832923833, 0.59]	[0.3906633906633907, 0.64, 0.4606879606879607, 0.656]	no-link	question-answer	-0.1523	-0.2015	-0.2715	-0.065	-0.066	-0.05	7
FAX	in	[0.1891891891891892, 0.575, 0.23832923832923833, 0.59]	[0.47297297297297297, 0.64, 0.4975429975429975, 0.656]	no-link	question-answer	-0.2346	-0.2838	-0.3084	-0.065	-0.066	-0.05	7
FAX	Oklahoma	[0.1891891891891892, 0.575, 0.23832923832923833, 0.59]	[0.5061425061425061, 0.64, 0.5884520884520884, 0.656]	no-link	question-answer	-0.2678	-0.317	-0.3993	-0.065	-0.066	-0.05	7
FAX	was	[0.1891891891891892, 0.575, 0.23832923832923833, 0.59]	[0.3501228501228501, 0.642, 0.3832923832923833, 0.654]	no-link	question-answer	-0.1118	-0.1609	-0.1941	-0.067	-0.064	-0.052	7
FAX	today.	[0.1891891891891892, 0.575, 0.23832923832923833, 0.59]	[0.5982800982800983, 0.642, 0.6584766584766585, 0.658]	no-link	question-answer	-0.36	-0.4091	-0.4693	-0.067	-0.068	-0.052	7
FAX	you	[0.1891891891891892, 0.575, 0.23832923832923833, 0.59]	[0.3845208845208845, 0.671, 0.4152334152334152, 0.688]	no-link	question-answer	-0.1462	-0.1953	-0.226	-0.096	-0.098	-0.081	7
FAX	should	[0.1891891891891892, 0.575, 0.23832923832923833, 0.59]	[0.4238329238329238, 0.671, 0.4864864864864865, 0.687]	no-link	question-answer	-0.1855	-0.2346	-0.2973	-0.096	-0.097	-0.081	7
FAX	If	[0.1891891891891892, 0.575, 0.23832923832923833, 0.59]	[0.3525798525798526, 0.672, 0.3783783783783784, 0.685]	no-link	question-answer	-0.1143	-0.1634	-0.1892	-0.097	-0.095	-0.082	7
FAX	have	[0.1891891891891892, 0.575, 0.23832923832923833, 0.59]	[0.4975429975429975, 0.672, 0.5331695331695332, 0.685]	no-link	question-answer	-0.2592	-0.3084	-0.344	-0.097	-0.095	-0.082	7
FAX	any	[0.1891891891891892, 0.575, 0.23832923832923833, 0.59]	[0.5442260442260443, 0.674, 0.5786240786240786, 0.689]	no-link	question-answer	-0.3059	-0.355	-0.3894	-0.099	-0.099	-0.084	7
FAX	COMMENTS:	[0.1891891891891892, 0.575, 0.23832923832923833, 0.59]	[0.1904176904176904, 0.611, 0.32678132678132676, 0.627]	line-line	question-question	0.1376	0.036	0.0012	0.037	-0.0479	0.052	10
FAX	PHONE	[0.1891891891891892, 0.575, 0.23832923832923833, 0.59]	[0.24324324324324326, 0.571, 0.32063882063882065, 0.588]	word-word	question-question	0.1314	-0.004	0.0541	-0.002	0.0049	0.013	10
FAX	(400)	[0.1891891891891892, 0.575, 0.23832923832923833, 0.59]	[0.42874692874692877, 0.572, 0.47788697788697787, 0.589]	question-answer	question-answer	0.2887	-0.003	0.2396	-0.001	0.1904	0.014	10
FAX	THIS	[0.1891891891891892, 0.575, 0.23832923832923833, 0.59]	[0.19656019656019655, 0.476, 0.2457002457002457, 0.492]	question-header	question-header	0.0565	-0.099	0.0074	-0.098	-0.0418	-0.083	10
COMMENTS:	The	[0.1904176904176904, 0.611, 0.32678132678132676, 0.627]	[0.3525798525798526, 0.611, 0.3808353808353808, 0.627]	question-answer	question-answer	0.1904	0.0	0.1622	0.0	0.0258	0.016	11
COMMENTS:	Competitive	[0.1904176904176904, 0.611, 0.32678132678132676, 0.627]	[0.48402948402948404, 0.612, 0.5958230958230958, 0.628]	no-link	question-answer	-0.1572	-0.2936	-0.4054	-0.001	-0.001	0.015	11
COMMENTS:	attached	[0.1904176904176904, 0.611, 0.32678132678132676, 0.627]	[0.3931203931203931, 0.614, 0.47665847665847666, 0.63]	no-link	question-answer	-0.0663	-0.2027	-0.2862	-0.003	-0.003	0.013	11
COMMENTS:	information	[0.1904176904176904, 0.611, 0.32678132678132676, 0.627]	[0.6105651105651105, 0.615, 0.7223587223587223, 0.63]	no-link	question-answer	-0.2838	-0.4201	-0.5319	-0.004	-0.003	0.012	11
COMMENTS:	secured	[0.1904176904176904, 0.611, 0.32678132678132676, 0.627]	[0.3906633906633907, 0.64, 0.4606879606879607, 0.656]	no-link	question-answer	-0.0639	-0.2002	-0.2703	-0.029	-0.029	-0.013	11
COMMENTS:	in	[0.1904176904176904, 0.611, 0.32678132678132676, 0.627]	[0.47297297297297297, 0.64, 0.4975429975429975, 0.656]	no-link	question-answer	-0.1462	-0.2826	-0.3071	-0.029	-0.029	-0.013	11
COMMENTS:	Oklahoma	[0.1904176904176904, 0.611, 0.32678132678132676, 0.627]	[0.5061425061425061, 0.64, 0.5884520884520884, 0.656]	no-link	question-answer	-0.1794	-0.3157	-0.398	-0.029	-0.029	-0.013	11
COMMENTS:	was	[0.1904176904176904, 0.611, 0.32678132678132676, 0.627]	[0.3501228501228501, 0.642, 0.3832923832923833, 0.654]	no-link	question-answer	-0.0233	-0.1597	-0.1929	-0.031	-0.027	-0.015	11
COMMENTS:	today.	[0.1904176904176904, 0.611, 0.32678132678132676, 0.627]	[0.5982800982800983, 0.642, 0.6584766584766585, 0.658]	no-link	question-answer	-0.2715	-0.4079	-0.4681	-0.031	-0.031	-0.015	11
COMMENTS:	you	[0.1904176904176904, 0.611, 0.32678132678132676, 0.627]	[0.3845208845208845, 0.671, 0.4152334152334152, 0.688]	no-link	question-answer	-0.0577	-0.1941	-0.2248	-0.06	-0.061	-0.044	11
COMMENTS:	should	[0.1904176904176904, 0.611, 0.32678132678132676, 0.627]	[0.4238329238329238, 0.671, 0.4864864864864865, 0.687]	no-link	question-answer	-0.0971	-0.2334	-0.2961	-0.06	-0.06	-0.044	11
COMMENTS:	If	[0.1904176904176904, 0.611, 0.32678132678132676, 0.627]	[0.3525798525798526, 0.672, 0.3783783783783784, 0.685]	no-link	question-answer	-0.0258	-0.1622	-0.188	-0.061	-0.058	-0.045	11
COMMENTS:	have	[0.1904176904176904, 0.611, 0.32678132678132676, 0.627]	[0.4975429975429975, 0.672, 0.5331695331695332, 0.685]	no-link	question-answer	-0.1708	-0.3071	-0.3428	-0.061	-0.058	-0.045	11
COMMENTS:	any	[0.1904176904176904, 0.611, 0.32678132678132676, 0.627]	[0.5442260442260443, 0.674, 0.5786240786240786, 0.689]	no-link	question-answer	-0.2174	-0.3538	-0.3882	-0.063	-0.062	-0.047	11
The	attached	[0.3525798525798526, 0.611, 0.3808353808353808, 0.627]	[0.3931203931203931, 0.614, 0.47665847665847666, 0.63]	word-word	answer-answer	0.1241	0.003	0.0405	0.003	0.0123	0.019	11
The	Competitive	[0.3525798525798526, 0.611, 0.3808353808353808, 0.627]	[0.48402948402948404, 0.612, 0.5958230958230958, 0.628]	no-link	answer-answer	-0.1032	-0.1314	-0.2432	-0.001	-0.001	0.015	11
The	information	[0.3525798525798526, 0.611, 0.3808353808353808, 0.627]	[0.6105651105651105, 0.615, 0.7223587223587223, 0.63]	no-link	answer-answer	-0.2297	-0.258	-0.3698	-0.004	-0.003	0.012	11
The	secured	[0.3525798525798526, 0.611, 0.3808353808353808, 0.627]	[0.3906633906633907, 0.64, 0.4606879606879607, 0.656]	no-link	answer-answer	-0.0098	-0.0381	-0.1081	-0.029	-0.029	-0.013	11
The	in	[0.3525798525798526, 0.611, 0.3808353808353808, 0.627]	[0.47297297297297297, 0.64, 0.4975429975429975, 0.656]	no-link	answer-answer	-0.0921	-0.1204	-0.145	-0.029	-0.029	-0.013	11
The	Oklahoma	[0.3525798525798526, 0.611, 0.3808353808353808, 0.627]	[0.5061425061425061, 0.64, 0.5884520884520884, 0.656]	no-link	answer-answer	-0.1253	-0.1536	-0.2359	-0.029	-0.029	-0.013	11
The	was	[0.3525798525798526, 0.611, 0.3808353808353808, 0.627]	[0.3501228501228501, 0.642, 0.3832923832923833, 0.654]	no-link	answer-answer	0.0307	0.0025	-0.0307	-0.031	-0.027	-0.015	11
The	today.	[0.3525798525798526, 0.611, 0.3808353808353808, 0.627]	[0.5982800982800983, 0.642, 0.6584766584766585, 0.658]	no-link	answer-answer	-0.2174	-0.2457	-0.3059	-0.031	-0.031	-0.015	11
The	you	[0.3525798525798526, 0.611, 0.3808353808353808, 0.627]	[0.3845208845208845, 0.671, 0.4152334152334152, 0.688]	no-link	answer-answer	-0.0037	-0.0319	-0.0627	-0.06	-0.061	-0.044	11
The	should	[0.3525798525798526, 0.611, 0.3808353808353808, 0.627]	[0.4238329238329238, 0.671, 0.4864864864864865, 0.687]	no-link	answer-answer	-0.043	-0.0713	-0.1339	-0.06	-0.06	-0.044	11
The	If	[0.3525798525798526, 0.611, 0.3808353808353808, 0.627]	[0.3525798525798526, 0.672, 0.3783783783783784, 0.685]	no-link	answer-answer	0.0283	0.0	-0.0258	-0.061	-0.058	-0.045	11
The	have	[0.3525798525798526, 0.611, 0.3808353808353808, 0.627]	[0.4975429975429975, 0.672, 0.5331695331695332, 0.685]	no-link	answer-answer	-0.1167	-0.145	-0.1806	-0.061	-0.058	-0.045	11
The	any	[0.3525798525798526, 0.611, 0.3808353808353808, 0.627]	[0.5442260442260443, 0.674, 0.5786240786240786, 0.689]	no-link	answer-answer	-0.1634	-0.1916	-0.226	-0.063	-0.062	-0.047	11
COMMENTS:	THIS	[0.1904176904176904, 0.611, 0.32678132678132676, 0.627]	[0.19656019656019655, 0.476, 0.2457002457002457, 0.492]	question-header	question-header	0.0553	-0.135	0.0061	-0.135	-0.1302	-0.119	11
Competitive	information	[0.48402948402948404, 0.612, 0.5958230958230958, 0.628]	[0.6105651105651105, 0.615, 0.7223587223587223, 0.63]	word-word	answer-answer	0.2383	0.003	0.1265	0.002	0.0147	0.018	11
Competitive	secured	[0.48402948402948404, 0.612, 0.5958230958230958, 0.628]	[0.3906633906633907, 0.64, 0.4606879606879607, 0.656]	no-link	answer-answer	0.2052	0.0934	0.0233	-0.028	-0.028	-0.012	11
Competitive	in	[0.48402948402948404, 0.612, 0.5958230958230958, 0.628]	[0.47297297297297297, 0.64, 0.4975429975429975, 0.656]	no-link	answer-answer	0.1229	0.0111	-0.0135	-0.028	-0.028	-0.012	11
Competitive	Oklahoma	[0.48402948402948404, 0.612, 0.5958230958230958, 0.628]	[0.5061425061425061, 0.64, 0.5884520884520884, 0.656]	no-link	answer-answer	0.0897	-0.0221	-0.1044	-0.028	-0.028	-0.012	11
Competitive	was	[0.48402948402948404, 0.612, 0.5958230958230958, 0.628]	[0.3501228501228501, 0.642, 0.3832923832923833, 0.654]	no-link	answer-answer	0.2457	0.1339	0.1007	-0.03	-0.026	-0.014	11
Competitive	today.	[0.48402948402948404, 0.612, 0.5958230958230958, 0.628]	[0.5982800982800983, 0.642, 0.6584766584766585, 0.658]	no-link	answer-answer	-0.0025	-0.1143	-0.1744	-0.03	-0.03	-0.014	11
Competitive	you	[0.48402948402948404, 0.612, 0.5958230958230958, 0.628]	[0.3845208845208845, 0.671, 0.4152334152334152, 0.688]	no-link	answer-answer	0.2113	0.0995	0.0688	-0.059	-0.06	-0.043	11
Competitive	should	[0.48402948402948404, 0.612, 0.5958230958230958, 0.628]	[0.4238329238329238, 0.671, 0.4864864864864865, 0.687]	no-link	answer-answer	0.172	0.0602	-0.0025	-0.059	-0.059	-0.043	11
Competitive	If	[0.48402948402948404, 0.612, 0.5958230958230958, 0.628]	[0.3525798525798526, 0.672, 0.3783783783783784, 0.685]	no-link	answer-answer	0.2432	0.1314	0.1057	-0.06	-0.057	-0.044	11
Competitive	have	[0.48402948402948404, 0.612, 0.5958230958230958, 0.628]	[0.4975429975429975, 0.672, 0.5331695331695332, 0.685]	no-link	answer-answer	0.0983	-0.0135	-0.0491	-0.06	-0.057	-0.044	11
Competitive	any	[0.48402948402948404, 0.612, 0.5958230958230958, 0.628]	[0.5442260442260443, 0.674, 0.5786240786240786, 0.689]	no-link	answer-answer	0.0516	-0.0602	-0.0946	-0.062	-0.061	-0.046	11
attached	Competitive	[0.3931203931203931, 0.614, 0.47665847665847666, 0.63]	[0.48402948402948404, 0.612, 0.5958230958230958, 0.628]	word-word	answer-answer	0.2027	-0.002	0.0909	-0.002	0.0074	0.014	11
attached	secured	[0.3931203931203931, 0.614, 0.47665847665847666, 0.63]	[0.3906633906633907, 0.64, 0.4606879606879607, 0.656]	no-link	answer-answer	0.086	0.0025	-0.0676	-0.026	-0.026	-0.01	11
attached	in	[0.3931203931203931, 0.614, 0.47665847665847666, 0.63]	[0.47297297297297297, 0.64, 0.4975429975429975, 0.656]	no-link	answer-answer	0.0037	-0.0799	-0.1044	-0.026	-0.026	-0.01	11
attached	Oklahoma	[0.3931203931203931, 0.614, 0.47665847665847666, 0.63]	[0.5061425061425061, 0.64, 0.5884520884520884, 0.656]	no-link	answer-answer	-0.0295	-0.113	-0.1953	-0.026	-0.026	-0.01	11
attached	was	[0.3931203931203931, 0.614, 0.47665847665847666, 0.63]	[0.3501228501228501, 0.642, 0.3832923832923833, 0.654]	no-link	answer-answer	0.1265	0.043	0.0098	-0.028	-0.024	-0.012	11
attached	today.	[0.3931203931203931, 0.614, 0.47665847665847666, 0.63]	[0.5982800982800983, 0.642, 0.6584766584766585, 0.658]	no-link	answer-answer	-0.1216	-0.2052	-0.2654	-0.028	-0.028	-0.012	11
attached	you	[0.3931203931203931, 0.614, 0.47665847665847666, 0.63]	[0.3845208845208845, 0.671, 0.4152334152334152, 0.688]	no-link	answer-answer	0.0921	0.0086	-0.0221	-0.057	-0.058	-0.041	11
attached	should	[0.3931203931203931, 0.614, 0.47665847665847666, 0.63]	[0.4238329238329238, 0.671, 0.4864864864864865, 0.687]	no-link	answer-answer	0.0528	-0.0307	-0.0934	-0.057	-0.057	-0.041	11
attached	If	[0.3931203931203931, 0.614, 0.47665847665847666, 0.63]	[0.3525798525798526, 0.672, 0.3783783783783784, 0.685]	no-link	answer-answer	0.1241	0.0405	0.0147	-0.058	-0.055	-0.042	11
attached	have	[0.3931203931203931, 0.614, 0.47665847665847666, 0.63]	[0.4975429975429975, 0.672, 0.5331695331695332, 0.685]	no-link	answer-answer	-0.0209	-0.1044	-0.14	-0.058	-0.055	-0.042	11
attached	any	[0.3931203931203931, 0.614, 0.47665847665847666, 0.63]	[0.5442260442260443, 0.674, 0.5786240786240786, 0.689]	no-link	answer-answer	-0.0676	-0.1511	-0.1855	-0.06	-0.059	-0.044	11
information	was	[0.6105651105651105, 0.615, 0.7223587223587223, 0.63]	[0.3501228501228501, 0.642, 0.3832923832923833, 0.654]	word-word	answer-answer	-0.2273	0.027	-0.2604	0.024	-0.3722	0.039	11
information	in	[0.6105651105651105, 0.615, 0.7223587223587223, 0.63]	[0.47297297297297297, 0.64, 0.4975429975429975, 0.656]	no-link	answer-answer	0.2494	0.1376	0.113	-0.025	-0.026	-0.01	11
information	Oklahoma	[0.6105651105651105, 0.615, 0.7223587223587223, 0.63]	[0.5061425061425061, 0.64, 0.5884520884520884, 0.656]	no-link	answer-answer	0.2162	0.1044	0.0221	-0.025	-0.026	-0.01	11
information	today.	[0.6105651105651105, 0.615, 0.7223587223587223, 0.63]	[0.5982800982800983, 0.642, 0.6584766584766585, 0.658]	no-link	answer-answer	0.1241	0.0123	-0.0479	-0.027	-0.028	-0.012	11
information	you	[0.6105651105651105, 0.615, 0.7223587223587223, 0.63]	[0.3845208845208845, 0.671, 0.4152334152334152, 0.688]	no-link	answer-answer	0.3378	0.226	0.1953	-0.056	-0.058	-0.041	11
information	should	[0.6105651105651105, 0.615, 0.7223587223587223, 0.63]	[0.4238329238329238, 0.671, 0.4864864864864865, 0.687]	no-link	answer-answer	0.2985	0.1867	0.1241	-0.056	-0.057	-0.041	11
information	If	[0.6105651105651105, 0.615, 0.7223587223587223, 0.63]	[0.3525798525798526, 0.672, 0.3783783783783784, 0.685]	no-link	answer-answer	0.3698	0.258	0.2322	-0.057	-0.055	-0.042	11
information	have	[0.6105651105651105, 0.615, 0.7223587223587223, 0.63]	[0.4975429975429975, 0.672, 0.5331695331695332, 0.685]	no-link	answer-answer	0.2248	0.113	0.0774	-0.057	-0.055	-0.042	11
information	any	[0.6105651105651105, 0.615, 0.7223587223587223, 0.63]	[0.5442260442260443, 0.674, 0.5786240786240786, 0.689]	no-link	answer-answer	0.1781	0.0663	0.0319	-0.059	-0.059	-0.044	11
secured	in	[0.3906633906633907, 0.64, 0.4606879606879607, 0.656]	[0.47297297297297297, 0.64, 0.4975429975429975, 0.656]	word-word	answer-answer	0.1069	0.0	0.0823	0.0	0.0123	0.016	11
secured	Oklahoma	[0.3906633906633907, 0.64, 0.4606879606879607, 0.656]	[0.5061425061425061, 0.64, 0.5884520884520884, 0.656]	no-link	answer-answer	-0.0455	-0.1155	-0.1978	0.0	0.0	0.016	11
secured	was	[0.3906633906633907, 0.64, 0.4606879606879607, 0.656]	[0.3501228501228501, 0.642, 0.3832923832923833, 0.654]	no-link	answer-answer	0.1106	0.0405	0.0074	-0.002	0.002	0.014	11
secured	today.	[0.3906633906633907, 0.64, 0.4606879606879607, 0.656]	[0.5982800982800983, 0.642, 0.6584766584766585, 0.658]	no-link	answer-answer	-0.1376	-0.2076	-0.2678	-0.002	-0.002	0.014	11
secured	you	[0.3906633906633907, 0.64, 0.4606879606879607, 0.656]	[0.3845208845208845, 0.671, 0.4152334152334152, 0.688]	no-link	answer-answer	0.0762	0.0061	-0.0246	-0.031	-0.032	-0.015	11
secured	should	[0.3906633906633907, 0.64, 0.4606879606879607, 0.656]	[0.4238329238329238, 0.671, 0.4864864864864865, 0.687]	no-link	answer-answer	0.0369	-0.0332	-0.0958	-0.031	-0.031	-0.015	11
secured	If	[0.3906633906633907, 0.64, 0.4606879606879607, 0.656]	[0.3525798525798526, 0.672, 0.3783783783783784, 0.685]	no-link	answer-answer	0.1081	0.0381	0.0123	-0.032	-0.029	-0.016	11
secured	have	[0.3906633906633907, 0.64, 0.4606879606879607, 0.656]	[0.4975429975429975, 0.672, 0.5331695331695332, 0.685]	no-link	answer-answer	-0.0369	-0.1069	-0.1425	-0.032	-0.029	-0.016	11
secured	any	[0.3906633906633907, 0.64, 0.4606879606879607, 0.656]	[0.5442260442260443, 0.674, 0.5786240786240786, 0.689]	no-link	answer-answer	-0.0835	-0.1536	-0.188	-0.034	-0.033	-0.018	11
in	Oklahoma	[0.47297297297297297, 0.64, 0.4975429975429975, 0.656]	[0.5061425061425061, 0.64, 0.5884520884520884, 0.656]	word-word	answer-answer	0.1155	0.0	0.0332	0.0	0.0086	0.016	11
in	was	[0.47297297297297297, 0.64, 0.4975429975429975, 0.656]	[0.3501228501228501, 0.642, 0.3832923832923833, 0.654]	no-link	answer-answer	0.1474	0.1229	0.0897	-0.002	0.002	0.014	11
in	today.	[0.47297297297297297, 0.64, 0.4975429975429975, 0.656]	[0.5982800982800983, 0.642, 0.6584766584766585, 0.658]	no-link	answer-answer	-0.1007	-0.1253	-0.1855	-0.002	-0.002	0.014	11
in	you	[0.47297297297297297, 0.64, 0.4975429975429975, 0.656]	[0.3845208845208845, 0.671, 0.4152334152334152, 0.688]	no-link	answer-answer	0.113	0.0885	0.0577	-0.031	-0.032	-0.015	11
in	should	[0.47297297297297297, 0.64, 0.4975429975429975, 0.656]	[0.4238329238329238, 0.671, 0.4864864864864865, 0.687]	no-link	answer-answer	0.0737	0.0491	-0.0135	-0.031	-0.031	-0.015	11
in	If	[0.47297297297297297, 0.64, 0.4975429975429975, 0.656]	[0.3525798525798526, 0.672, 0.3783783783783784, 0.685]	no-link	answer-answer	0.145	0.1204	0.0946	-0.032	-0.029	-0.016	11
in	have	[0.47297297297297297, 0.64, 0.4975429975429975, 0.656]	[0.4975429975429975, 0.672, 0.5331695331695332, 0.685]	no-link	answer-answer	0.0	-0.0246	-0.0602	-0.032	-0.029	-0.016	11
in	any	[0.47297297297297297, 0.64, 0.4975429975429975, 0.656]	[0.5442260442260443, 0.674, 0.5786240786240786, 0.689]	no-link	answer-answer	-0.0467	-0.0713	-0.1057	-0.034	-0.033	-0.018	11
Oklahoma	today.	[0.5061425061425061, 0.64, 0.5884520884520884, 0.656]	[0.5982800982800983, 0.642, 0.6584766584766585, 0.658]	word-word	answer-answer	0.1523	0.002	0.0921	0.002	0.0098	0.018	11
Oklahoma	should	[0.5061425061425061, 0.64, 0.5884520884520884, 0.656]	[0.4238329238329238, 0.671, 0.4864864864864865, 0.687]	no-link	answer-answer	0.1646	0.0823	0.0197	-0.031	-0.031	-0.015	11
Oklahoma	If	[0.5061425061425061, 0.64, 0.5884520884520884, 0.656]	[0.3525798525798526, 0.672, 0.3783783783783784, 0.685]	no-link	answer-answer	0.2359	0.1536	0.1278	-0.032	-0.029	-0.016	11
Oklahoma	have	[0.5061425061425061, 0.64, 0.5884520884520884, 0.656]	[0.4975429975429975, 0.672, 0.5331695331695332, 0.685]	no-link	answer-answer	0.0909	0.0086	-0.027	-0.032	-0.029	-0.016	11
Oklahoma	any	[0.5061425061425061, 0.64, 0.5884520884520884, 0.656]	[0.5442260442260443, 0.674, 0.5786240786240786, 0.689]	no-link	answer-answer	0.0442	-0.0381	-0.0725	-0.034	-0.033	-0.018	11
was	secured	[0.3501228501228501, 0.642, 0.3832923832923833, 0.654]	[0.3906633906633907, 0.64, 0.4606879606879607, 0.656]	word-word	answer-answer	0.1106	-0.002	0.0405	0.002	0.0074	0.014	11
was	you	[0.3501228501228501, 0.642, 0.3832923832923833, 0.654]	[0.3845208845208845, 0.671, 0.4152334152334152, 0.688]	no-link	answer-answer	-0.0012	-0.0344	-0.0651	-0.029	-0.034	-0.017	11
was	should	[0.3501228501228501, 0.642, 0.3832923832923833, 0.654]	[0.4238329238329238, 0.671, 0.4864864864864865, 0.687]	no-link	answer-answer	-0.0405	-0.0737	-0.1364	-0.029	-0.033	-0.017	11
was	If	[0.3501228501228501, 0.642, 0.3832923832923833, 0.654]	[0.3525798525798526, 0.672, 0.3783783783783784, 0.685]	no-link	answer-answer	0.0307	-0.0025	-0.0283	-0.03	-0.031	-0.018	11
was	have	[0.3501228501228501, 0.642, 0.3832923832923833, 0.654]	[0.4975429975429975, 0.672, 0.5331695331695332, 0.685]	no-link	answer-answer	-0.1143	-0.1474	-0.183	-0.03	-0.031	-0.018	11
was	any	[0.3501228501228501, 0.642, 0.3832923832923833, 0.654]	[0.5442260442260443, 0.674, 0.5786240786240786, 0.689]	no-link	answer-answer	-0.1609	-0.1941	-0.2285	-0.032	-0.035	-0.02	11
today.	If	[0.5982800982800983, 0.642, 0.6584766584766585, 0.658]	[0.3525798525798526, 0.672, 0.3783783783783784, 0.685]	word-word	answer-answer	-0.2199	0.03	-0.2457	0.027	-0.3059	0.043	11
today.	should	[0.5982800982800983, 0.642, 0.6584766584766585, 0.658]	[0.4238329238329238, 0.671, 0.4864864864864865, 0.687]	no-link	answer-answer	0.2346	0.1744	0.1118	-0.029	-0.029	-0.013	11
today.	have	[0.5982800982800983, 0.642, 0.6584766584766585, 0.658]	[0.4975429975429975, 0.672, 0.5331695331695332, 0.685]	no-link	answer-answer	0.1609	0.1007	0.0651	-0.03	-0.027	-0.014	11
today.	any	[0.5982800982800983, 0.642, 0.6584766584766585, 0.658]	[0.5442260442260443, 0.674, 0.5786240786240786, 0.689]	no-link	answer-answer	0.1143	0.0541	0.0197	-0.032	-0.031	-0.016	11
you	should	[0.3845208845208845, 0.671, 0.4152334152334152, 0.688]	[0.4238329238329238, 0.671, 0.4864864864864865, 0.687]	word-word	answer-answer	0.102	0.0	0.0393	-0.001	0.0086	0.016	11
you	If	[0.3845208845208845, 0.671, 0.4152334152334152, 0.688]	[0.3525798525798526, 0.672, 0.3783783783783784, 0.685]	no-link	answer-answer	0.0627	0.0319	0.0061	-0.001	0.003	0.016	11
you	have	[0.3845208845208845, 0.671, 0.4152334152334152, 0.688]	[0.4975429975429975, 0.672, 0.5331695331695332, 0.685]	no-link	answer-answer	-0.0823	-0.113	-0.1486	-0.001	0.003	0.016	11
you	any	[0.3845208845208845, 0.671, 0.4152334152334152, 0.688]	[0.5442260442260443, 0.674, 0.5786240786240786, 0.689]	no-link	answer-answer	-0.129	-0.1597	-0.1941	-0.003	-0.001	0.014	11
should	have	[0.4238329238329238, 0.671, 0.4864864864864865, 0.687]	[0.4975429975429975, 0.672, 0.5331695331695332, 0.685]	word-word	answer-answer	0.1093	0.001	0.0737	-0.002	0.0111	0.014	11
should	any	[0.4238329238329238, 0.671, 0.4864864864864865, 0.687]	[0.5442260442260443, 0.674, 0.5786240786240786, 0.689]	no-link	answer-answer	-0.0577	-0.1204	-0.1548	-0.003	-0.002	0.013	11
If	you	[0.3525798525798526, 0.672, 0.3783783783783784, 0.685]	[0.3845208845208845, 0.671, 0.4152334152334152, 0.688]	word-word	answer-answer	0.0627	-0.001	0.0319	0.003	0.0061	0.016	11
If	any	[0.3525798525798526, 0.672, 0.3783783783783784, 0.685]	[0.5442260442260443, 0.674, 0.5786240786240786, 0.689]	no-link	answer-answer	-0.1658	-0.1916	-0.226	-0.002	-0.004	0.011	11
have	any	[0.4975429975429975, 0.672, 0.5331695331695332, 0.685]	[0.5442260442260443, 0.674, 0.5786240786240786, 0.689]	word-word	answer-answer	0.0811	0.002	0.0467	0.004	0.0111	0.017	11
any	questions.	[0.5442260442260443, 0.674, 0.5786240786240786, 0.689]	[0.585995085995086, 0.672, 0.687960687960688, 0.684]	word-word	answer-answer	0.1437	-0.002	0.0418	-0.005	0.0074	0.01	11
