Newport	SPECIAL	[0.14058355437665782, 0.078, 0.4920424403183024, 0.162]	[0.20689655172413793, 0.228, 0.34084880636604775, 0.255]	line-line	header-header	0.2003	0.15	0.0663	0.093	-0.2851	0.177	0
Newport	INFORMATION	[0.14058355437665782, 0.078, 0.4920424403183024, 0.162]	[0.47480106100795755, 0.225, 0.7161803713527851, 0.252]	no-link	header-header	0.0172	-0.3342	-0.5756	-0.147	-0.09	-0.063	0
Newport	EVENT	[0.14058355437665782, 0.078, 0.4920424403183024, 0.162]	[0.35013262599469497, 0.228, 0.46551724137931033, 0.253]	no-link	header-header	0.1419	-0.2095	-0.3249	-0.15	-0.091	-0.066	0
Newport	GENERAL	[0.14058355437665782, 0.078, 0.4920424403183024, 0.162]	[0.20424403183023873, 0.324, 0.3222811671087533, 0.342]	no-link	header-question	0.2878	-0.0637	-0.1817	-0.246	-0.18	-0.162	0
Newport	The	[0.14058355437665782, 0.078, 0.4920424403183024, 0.162]	[0.3740053050397878, 0.358, 0.40583554376657827, 0.372]	no-link	header-answer	0.118	-0.2334	-0.2653	-0.28	-0.21	-0.196	0
Newport	USO	[0.14058355437665782, 0.078, 0.4920424403183024, 0.162]	[0.41114058355437666, 0.358, 0.44297082228116713, 0.369]	no-link	header-answer	0.0809	-0.2706	-0.3024	-0.28	-0.207	-0.196	0
Newport	Spring	[0.14058355437665782, 0.078, 0.4920424403183024, 0.162]	[0.4442970822281167, 0.359, 0.5013262599469496, 0.372]	no-link	header-answer	0.0477	-0.3037	-0.3607	-0.281	-0.21	-0.197	0
Newport	pleasure	[0.14058355437665782, 0.078, 0.4920424403183024, 0.162]	[0.5013262599469496, 0.077, 0.8713527851458885, 0.157]	word-word	header-header	0.7308	-0.001	0.3607	-0.005	0.0093	0.079	0
Newport	57th	[0.14058355437665782, 0.078, 0.4920424403183024, 0.162]	[0.4389920424403183, 0.385, 0.47745358090185674, 0.398]	no-link	header-answer	0.0531	-0.2984	-0.3369	-0.307	-0.236	-0.223	0
INFORMATION	SHEET	[0.47480106100795755, 0.225, 0.7161803713527851, 0.252]	[0.7241379310344828, 0.228, 0.8315649867374005, 0.252]	word-word	header-header	0.3568	0.003	0.2493	0.0	0.008	0.027	1
INFORMATION	SPECIAL	[0.47480106100795755, 0.225, 0.7161803713527851, 0.252]	[0.20689655172413793, 0.228, 0.34084880636604775, 0.255]	no-link	header-header	0.5093	0.2679	0.134	-0.003	-0.003	0.024	1
INFORMATION	EVENT	[0.47480106100795755, 0.225, 0.7161803713527851, 0.252]	[0.35013262599469497, 0.228, 0.46551724137931033, 0.253]	no-link	header-header	0.366	0.1247	0.0093	-0.003	-0.001	0.024	1
INFORMATION	GENERAL	[0.47480106100795755, 0.225, 0.7161803713527851, 0.252]	[0.20424403183023873, 0.324, 0.3222811671087533, 0.342]	no-link	header-question	0.5119	0.2706	0.1525	-0.099	-0.09	-0.072	1
INFORMATION	The	[0.47480106100795755, 0.225, 0.7161803713527851, 0.252]	[0.3740053050397878, 0.358, 0.40583554376657827, 0.372]	no-link	header-answer	0.3422	0.1008	0.069	-0.133	-0.12	-0.106	1
INFORMATION	USO	[0.47480106100795755, 0.225, 0.7161803713527851, 0.252]	[0.41114058355437666, 0.358, 0.44297082228116713, 0.369]	no-link	header-answer	0.305	0.0637	0.0318	-0.133	-0.117	-0.106	1
INFORMATION	Spring	[0.47480106100795755, 0.225, 0.7161803713527851, 0.252]	[0.4442970822281167, 0.359, 0.5013262599469496, 0.372]	no-link	header-answer	0.2719	0.0305	-0.0265	-0.134	-0.12	-0.107	1
INFORMATION	57th	[0.47480106100795755, 0.225, 0.7161803713527851, 0.252]	[0.4389920424403183, 0.385, 0.47745358090185674, 0.398]	no-link	header-answer	0.2772	0.0358	-0.0027	-0.16	-0.146	-0.133	1
INFORMATION	Street,	[0.47480106100795755, 0.225, 0.7161803713527851, 0.252]	[0.48408488063660476, 0.385, 0.5411140583554377, 0.399]	no-link	header-answer	0.2321	-0.0093	-0.0663	-0.16	-0.147	-0.133	1
SPECIAL	GENERAL	[0.20689655172413793, 0.228, 0.34084880636604775, 0.255]	[0.20424403183023873, 0.324, 0.3222811671087533, 0.342]	line-line	header-header	0.1154	0.096	-0.0027	0.087	-0.1366	0.114	1
SPECIAL	EVENT	[0.20689655172413793, 0.228, 0.34084880636604775, 0.255]	[0.35013262599469497, 0.228, 0.46551724137931033, 0.253]	no-link	header-header	-0.0093	-0.1432	-0.2586	0.0	0.002	0.027	1
SPECIAL	The	[0.20689655172413793, 0.228, 0.34084880636604775, 0.255]	[0.3740053050397878, 0.358, 0.40583554376657827, 0.372]	no-link	header-answer	-0.0332	-0.1671	-0.1989	-0.13	-0.117	-0.103	1
SPECIAL	USO	[0.20689655172413793, 0.228, 0.34084880636604775, 0.255]	[0.41114058355437666, 0.358, 0.44297082228116713, 0.369]	no-link	header-answer	-0.0703	-0.2042	-0.2361	-0.13	-0.114	-0.103	1
SPECIAL	Spring	[0.20689655172413793, 0.228, 0.34084880636604775, 0.255]	[0.4442970822281167, 0.359, 0.5013262599469496, 0.372]	no-link	header-answer	-0.1034	-0.2374	-0.2944	-0.131	-0.117	-0.104	1
SPECIAL	57th	[0.20689655172413793, 0.228, 0.34084880636604775, 0.255]	[0.4389920424403183, 0.385, 0.47745358090185674, 0.398]	no-link	header-answer	-0.0981	-0.2321	-0.2706	-0.157	-0.143	-0.13	1
SPECIAL	Street,	[0.20689655172413793, 0.228, 0.34084880636604775, 0.255]	[0.48408488063660476, 0.385, 0.5411140583554377, 0.399]	no-link	header-answer	-0.1432	-0.2772	-0.3342	-0.157	-0.144	-0.13	1
SPECIAL	New	[0.20689655172413793, 0.228, 0.34084880636604775, 0.255]	[0.5477453580901857, 0.385, 0.5795755968169761, 0.398]	no-link	header-answer	-0.2069	-0.3408	-0.3727	-0.157	-0.143	-0.13	1
SPECIAL	EVENT	[0.20689655172413793, 0.228, 0.34084880636604775, 0.255]	[0.35013262599469497, 0.228, 0.46551724137931033, 0.253]	word-word	header-header	0.2586	0.0	0.1432	-0.002	0.0093	0.025	1
SPECIAL	York	[0.20689655172413793, 0.228, 0.34084880636604775, 0.255]	[0.5848806366047745, 0.385, 0.6273209549071618, 0.398]	no-link	header-answer	-0.244	-0.378	-0.4204	-0.157	-0.143	-0.13	1
EVENT	INFORMATION	[0.35013262599469497, 0.228, 0.46551724137931033, 0.253]	[0.47480106100795755, 0.225, 0.7161803713527851, 0.252]	word-word	header-header	0.366	-0.003	0.1247	-0.001	0.0093	0.024	1
EVENT	GENERAL	[0.35013262599469497, 0.228, 0.46551724137931033, 0.253]	[0.20424403183023873, 0.324, 0.3222811671087533, 0.342]	no-link	header-header	0.2613	0.1459	0.0279	-0.096	-0.089	-0.071	1
EVENT	The	[0.35013262599469497, 0.228, 0.46551724137931033, 0.253]	[0.3740053050397878, 0.358, 0.40583554376657827, 0.372]	no-link	header-answer	0.0915	-0.0239	-0.0557	-0.13	-0.119	-0.105	1
EVENT	USO	[0.35013262599469497, 0.228, 0.46551724137931033, 0.253]	[0.41114058355437666, 0.358, 0.44297082228116713, 0.369]	no-link	header-answer	0.0544	-0.061	-0.0928	-0.13	-0.116	-0.105	1
EVENT	Spring	[0.35013262599469497, 0.228, 0.46551724137931033, 0.253]	[0.4442970822281167, 0.359, 0.5013262599469496, 0.372]	no-link	header-answer	0.0212	-0.0942	-0.1512	-0.131	-0.119	-0.106	1
EVENT	57th	[0.35013262599469497, 0.228, 0.46551724137931033, 0.253]	[0.4389920424403183, 0.385, 0.47745358090185674, 0.398]	no-link	header-answer	0.0265	-0.0889	-0.1273	-0.157	-0.145	-0.132	1
EVENT	Street,	[0.35013262599469497, 0.228, 0.46551724137931033, 0.253]	[0.48408488063660476, 0.385, 0.5411140583554377, 0.399]	no-link	header-answer	-0.0186	-0.134	-0.191	-0.157	-0.146	-0.132	1
EVENT	New	[0.35013262599469497, 0.228, 0.46551724137931033, 0.253]	[0.5477453580901857, 0.385, 0.5795755968169761, 0.398]	no-link	header-answer	-0.0822	-0.1976	-0.2294	-0.157	-0.145	-0.132	1
EVENT	York	[0.35013262599469497, 0.228, 0.46551724137931033, 0.253]	[0.5848806366047745, 0.385, 0.6273209549071618, 0.398]	no-link	header-answer	-0.1194	-0.2347	-0.2772	-0.157	-0.145	-0.132	1
GENERAL	EVENT	[0.20424403183023873, 0.324, 0.3222811671087533, 0.342]	[0.20954907161803712, 0.36, 0.259946949602122, 0.377]	line-line	header-question	0.0557	0.036	0.0053	0.035	-0.1127	0.053	2
GENERAL	The	[0.20424403183023873, 0.324, 0.3222811671087533, 0.342]	[0.3740053050397878, 0.358, 0.40583554376657827, 0.372]	no-link	header-answer	-0.0517	-0.1698	-0.2016	-0.034	-0.03	-0.016	2
GENERAL	USO	[0.20424403183023873, 0.324, 0.3222811671087533, 0.342]	[0.41114058355437666, 0.358, 0.44297082228116713, 0.369]	no-link	header-answer	-0.0889	-0.2069	-0.2387	-0.034	-0.027	-0.016	2
GENERAL	Spring	[0.20424403183023873, 0.324, 0.3222811671087533, 0.342]	[0.4442970822281167, 0.359, 0.5013262599469496, 0.372]	no-link	header-answer	-0.122	-0.2401	-0.2971	-0.035	-0.03	-0.017	2
GENERAL	57th	[0.20424403183023873, 0.324, 0.3222811671087533, 0.342]	[0.4389920424403183, 0.385, 0.47745358090185674, 0.398]	no-link	header-answer	-0.1167	-0.2347	-0.2732	-0.061	-0.056	-0.043	2
GENERAL	Street,	[0.20424403183023873, 0.324, 0.3222811671087533, 0.342]	[0.48408488063660476, 0.385, 0.5411140583554377, 0.399]	no-link	header-answer	-0.1618	-0.2798	-0.3369	-0.061	-0.057	-0.043	2
GENERAL	New	[0.20424403183023873, 0.324, 0.3222811671087533, 0.342]	[0.5477453580901857, 0.385, 0.5795755968169761, 0.398]	no-link	header-answer	-0.2255	-0.3435	-0.3753	-0.061	-0.056	-0.043	2
GENERAL	York	[0.20424403183023873, 0.324, 0.3222811671087533, 0.342]	[0.5848806366047745, 0.385, 0.6273209549071618, 0.398]	no-link	header-answer	-0.2626	-0.3806	-0.4231	-0.061	-0.056	-0.043	2
GENERAL	INFORMATION:	[0.20424403183023873, 0.324, 0.3222811671087533, 0.342]	[0.3275862068965517, 0.324, 0.5053050397877984, 0.342]	word-word	header-header	0.3011	0.0	0.1233	0.0	0.0053	0.018	2
GENERAL	EVENT	[0.20424403183023873, 0.324, 0.3222811671087533, 0.342]	[0.20954907161803712, 0.36, 0.259946949602122, 0.377]	header-question	header-question	0.0557	0.036	0.0053	0.035	-0.1127	0.053	2
GENERAL	EVENT	[0.20424403183023873, 0.324, 0.3222811671087533, 0.342]	[0.20689655172413793, 0.387, 0.2612732095490716, 0.405]	header-question	header-question	0.057	0.063	0.0027	0.063	-0.1154	0.081	2
GENERAL	EVENT	[0.20424403183023873, 0.324, 0.3222811671087533, 0.342]	[0.20954907161803712, 0.416, 0.2612732095490716, 0.433]	header-question	header-question	0.057	0.092	0.0053	0.091	-0.1127	0.109	2
GENERAL	42nd-	[0.20424403183023873, 0.324, 0.3222811671087533, 0.342]	[0.376657824933687, 0.388, 0.4323607427055703, 0.399]	no-link	header-answer	-0.0544	-0.1724	-0.2281	-0.064	-0.057	-0.046	2
GENERAL	INFORMATION:	[0.20424403183023873, 0.324, 0.3222811671087533, 0.342]	[0.3275862068965517, 0.324, 0.5053050397877984, 0.342]	word-word	header-header	0.3011	0.0	0.1233	0.0	0.0053	0.018	3
GENERAL	June	[0.20424403183023873, 0.324, 0.3222811671087533, 0.342]	[0.3740053050397878, 0.413, 0.41114058355437666, 0.427]	no-link	header-answer	-0.0517	-0.1698	-0.2069	-0.089	-0.085	-0.071	3
GENERAL	INFORMATION:	[0.20424403183023873, 0.324, 0.3222811671087533, 0.342]	[0.3275862068965517, 0.324, 0.5053050397877984, 0.342]	word-word	header-header	0.3011	0.0	0.1233	0.0	0.0053	0.018	4
GENERAL	3,	[0.20424403183023873, 0.324, 0.3222811671087533, 0.342]	[0.41644562334217505, 0.413, 0.4363395225464191, 0.427]	no-link	header-answer	-0.0942	-0.2122	-0.2321	-0.089	-0.085	-0.071	4
GENERAL	INFORMATION:	[0.20424403183023873, 0.324, 0.3222811671087533, 0.342]	[0.3275862068965517, 0.324, 0.5053050397877984, 0.342]	word-word	header-header	0.3011	0.0	0.1233	0.0	0.0053	0.018	5
The	USO	[0.3740053050397878, 0.358, 0.40583554376657827, 0.372]	[0.41114058355437666, 0.358, 0.44297082228116713, 0.369]	word-word	answer-answer	0.069	0.0	0.0371	-0.003	0.0053	0.011	3
The	Spring	[0.3740053050397878, 0.358, 0.40583554376657827, 0.372]	[0.4442970822281167, 0.359, 0.5013262599469496, 0.372]	no-link	answer-answer	-0.0385	-0.0703	-0.1273	-0.001	0.0	0.013	3
The	EVENT	[0.3740053050397878, 0.358, 0.40583554376657827, 0.372]	[0.20954907161803712, 0.36, 0.259946949602122, 0.377]	no-link	answer-question	0.1963	0.1645	0.1141	-0.002	-0.005	0.012	3
The	57th	[0.3740053050397878, 0.358, 0.40583554376657827, 0.372]	[0.4389920424403183, 0.385, 0.47745358090185674, 0.398]	no-link	answer-answer	-0.0332	-0.065	-0.1034	-0.027	-0.026	-0.013	3
The	Street,	[0.3740053050397878, 0.358, 0.40583554376657827, 0.372]	[0.48408488063660476, 0.385, 0.5411140583554377, 0.399]	no-link	answer-answer	-0.0782	-0.1101	-0.1671	-0.027	-0.027	-0.013	3
The	New	[0.3740053050397878, 0.358, 0.40583554376657827, 0.372]	[0.5477453580901857, 0.385, 0.5795755968169761, 0.398]	no-link	answer-answer	-0.1419	-0.1737	-0.2056	-0.027	-0.026	-0.013	3
The	York	[0.3740053050397878, 0.358, 0.40583554376657827, 0.372]	[0.5848806366047745, 0.385, 0.6273209549071618, 0.398]	no-link	answer-answer	-0.179	-0.2109	-0.2533	-0.027	-0.026	-0.013	3
The	42nd-	[0.3740053050397878, 0.358, 0.40583554376657827, 0.372]	[0.376657824933687, 0.388, 0.4323607427055703, 0.399]	no-link	answer-answer	0.0292	-0.0027	-0.0584	-0.03	-0.027	-0.016	3
The	June	[0.3740053050397878, 0.358, 0.40583554376657827, 0.372]	[0.3740053050397878, 0.413, 0.41114058355437666, 0.427]	no-link	answer-answer	0.0318	0.0	-0.0371	-0.055	-0.055	-0.041	3
The	3,	[0.3740053050397878, 0.358, 0.40583554376657827, 0.372]	[0.41644562334217505, 0.413, 0.4363395225464191, 0.427]	no-link	answer-answer	-0.0106	-0.0424	-0.0623	-0.055	-0.055	-0.041	3
USO	Spring	[0.41114058355437666, 0.358, 0.44297082228116713, 0.369]	[0.4442970822281167, 0.359, 0.5013262599469496, 0.372]	word-word	answer-answer	0.0902	0.001	0.0332	0.003	0.0013	0.014	3
USO	EVENT	[0.41114058355437666, 0.358, 0.44297082228116713, 0.369]	[0.20954907161803712, 0.36, 0.259946949602122, 0.377]	no-link	answer-question	0.2334	0.2016	0.1512	-0.002	-0.008	0.009	3
USO	57th	[0.41114058355437666, 0.358, 0.44297082228116713, 0.369]	[0.4389920424403183, 0.385, 0.47745358090185674, 0.398]	no-link	answer-answer	0.004	-0.0279	-0.0663	-0.027	-0.029	-0.016	3
USO	Street,	[0.41114058355437666, 0.358, 0.44297082228116713, 0.369]	[0.48408488063660476, 0.385, 0.5411140583554377, 0.399]	no-link	answer-answer	-0.0411	-0.0729	-0.13	-0.027	-0.03	-0.016	3
USO	New	[0.41114058355437666, 0.358, 0.44297082228116713, 0.369]	[0.5477453580901857, 0.385, 0.5795755968169761, 0.398]	no-link	answer-answer	-0.1048	-0.1366	-0.1684	-0.027	-0.029	-0.016	3
USO	York	[0.41114058355437666, 0.358, 0.44297082228116713, 0.369]	[0.5848806366047745, 0.385, 0.6273209549071618, 0.398]	no-link	answer-answer	-0.1419	-0.1737	-0.2162	-0.027	-0.029	-0.016	3
USO	42nd-	[0.41114058355437666, 0.358, 0.44297082228116713, 0.369]	[0.376657824933687, 0.388, 0.4323607427055703, 0.399]	no-link	answer-answer	0.0663	0.0345	-0.0212	-0.03	-0.03	-0.019	3
USO	June	[0.41114058355437666, 0.358, 0.44297082228116713, 0.369]	[0.3740053050397878, 0.413, 0.41114058355437666, 0.427]	no-link	answer-answer	0.069	0.0371	0.0	-0.055	-0.058	-0.044	3
USO	3,	[0.41114058355437666, 0.358, 0.44297082228116713, 0.369]	[0.41644562334217505, 0.413, 0.4363395225464191, 0.427]	no-link	answer-answer	0.0265	-0.0053	-0.0252	-0.055	-0.058	-0.044	3
Spring	Festival	[0.4442970822281167, 0.359, 0.5013262599469496, 0.372]	[0.5053050397877984, 0.356, 0.5769230769230769, 0.37]	word-word	answer-answer	0.1326	-0.003	0.061	-0.002	0.004	0.011	3
Spring	EVENT	[0.4442970822281167, 0.359, 0.5013262599469496, 0.372]	[0.20954907161803712, 0.36, 0.259946949602122, 0.377]	no-link	answer-question	0.2918	0.2347	0.1844	-0.001	-0.005	0.012	3
Spring	57th	[0.4442970822281167, 0.359, 0.5013262599469496, 0.372]	[0.4389920424403183, 0.385, 0.47745358090185674, 0.398]	no-link	answer-answer	0.0623	0.0053	-0.0332	-0.026	-0.026	-0.013	3
Spring	Street,	[0.4442970822281167, 0.359, 0.5013262599469496, 0.372]	[0.48408488063660476, 0.385, 0.5411140583554377, 0.399]	no-link	answer-answer	0.0172	-0.0398	-0.0968	-0.026	-0.027	-0.013	3
Spring	New	[0.4442970822281167, 0.359, 0.5013262599469496, 0.372]	[0.5477453580901857, 0.385, 0.5795755968169761, 0.398]	no-link	answer-answer	-0.0464	-0.1034	-0.1353	-0.026	-0.026	-0.013	3
Spring	York	[0.4442970822281167, 0.359, 0.5013262599469496, 0.372]	[0.5848806366047745, 0.385, 0.6273209549071618, 0.398]	no-link	answer-answer	-0.0836	-0.1406	-0.183	-0.026	-0.026	-0.013	3
Spring	42nd-	[0.4442970822281167, 0.359, 0.5013262599469496, 0.372]	[0.376657824933687, 0.388, 0.4323607427055703, 0.399]	no-link	answer-answer	0.1247	0.0676	0.0119	-0.029	-0.027	-0.016	3
Spring	June	[0.4442970822281167, 0.359, 0.5013262599469496, 0.372]	[0.3740053050397878, 0.413, 0.41114058355437666, 0.427]	no-link	answer-answer	0.1273	0.0703	0.0332	-0.054	-0.055	-0.041	3
Spring	3,	[0.4442970822281167, 0.359, 0.5013262599469496, 0.372]	[0.41644562334217505, 0.413, 0.4363395225464191, 0.427]	no-link	answer-answer	0.0849	0.0279	0.008	-0.054	-0.055	-0.041	3
EVENT	NAME:	[0.20954907161803712, 0.36, 0.259946949602122, 0.377]	[0.26525198938992045, 0.36, 0.3196286472148541, 0.374]	word-word	question-question	0.1101	0.0	0.0557	-0.003	0.0053	0.014	2
EVENT	42nd-	[0.20954907161803712, 0.36, 0.259946949602122, 0.377]	[0.376657824933687, 0.388, 0.4323607427055703, 0.399]	no-link	question-answer	-0.1167	-0.1671	-0.2228	-0.028	-0.022	-0.011	2
EVENT	June	[0.20954907161803712, 0.36, 0.259946949602122, 0.377]	[0.3740053050397878, 0.413, 0.41114058355437666, 0.427]	no-link	question-answer	-0.1141	-0.1645	-0.2016	-0.053	-0.05	-0.036	2
EVENT	3,	[0.20954907161803712, 0.36, 0.259946949602122, 0.377]	[0.41644562334217505, 0.413, 0.4363395225464191, 0.427]	no-link	question-answer	-0.1565	-0.2069	-0.2268	-0.053	-0.05	-0.036	2
EVENT	EVENT	[0.20954907161803712, 0.36, 0.259946949602122, 0.377]	[0.20689655172413793, 0.387, 0.2612732095490716, 0.405]	line-line	question-question	0.0517	0.027	-0.0027	0.028	-0.0531	0.045	3
EVENT	HOURS:	[0.20954907161803712, 0.36, 0.259946949602122, 0.377]	[0.20689655172413793, 0.48, 0.3010610079575597, 0.498]	no-link	question-question	0.0531	0.0027	-0.0915	-0.12	-0.121	-0.103	3
EVENT	NAME:	[0.20954907161803712, 0.36, 0.259946949602122, 0.377]	[0.26525198938992045, 0.36, 0.3196286472148541, 0.374]	word-word	question-question	0.1101	0.0	0.0557	-0.003	0.0053	0.014	3
EVENT	GENERAL	[0.20954907161803712, 0.36, 0.259946949602122, 0.377]	[0.20424403183023873, 0.324, 0.3222811671087533, 0.342]	question-header	question-header	0.1127	-0.036	-0.0053	-0.035	-0.0557	-0.018	3
EVENT	The	[0.20954907161803712, 0.36, 0.259946949602122, 0.377]	[0.3740053050397878, 0.358, 0.40583554376657827, 0.372]	question-answer	question-answer	0.1963	-0.002	0.1645	-0.005	0.1141	0.012	3
EVENT	MONDAY-	[0.20954907161803712, 0.36, 0.259946949602122, 0.377]	[0.20689655172413793, 0.514, 0.28779840848806365, 0.531]	no-link	question-question	0.0531	0.0027	-0.0782	-0.154	-0.154	-0.137	3
57th	Street,	[0.4389920424403183, 0.385, 0.47745358090185674, 0.398]	[0.48408488063660476, 0.385, 0.5411140583554377, 0.399]	word-word	answer-answer	0.1021	0.0	0.0451	0.001	0.0066	0.014	4
57th	New	[0.4389920424403183, 0.385, 0.47745358090185674, 0.398]	[0.5477453580901857, 0.385, 0.5795755968169761, 0.398]	no-link	answer-answer	-0.0703	-0.1088	-0.1406	0.0	0.0	0.013	4
57th	York	[0.4389920424403183, 0.385, 0.47745358090185674, 0.398]	[0.5848806366047745, 0.385, 0.6273209549071618, 0.398]	no-link	answer-answer	-0.1074	-0.1459	-0.1883	0.0	0.0	0.013	4
57th	EVENT	[0.4389920424403183, 0.385, 0.47745358090185674, 0.398]	[0.20689655172413793, 0.387, 0.2612732095490716, 0.405]	no-link	answer-question	0.2706	0.2321	0.1777	-0.002	-0.007	0.011	4
57th	42nd-	[0.4389920424403183, 0.385, 0.47745358090185674, 0.398]	[0.376657824933687, 0.388, 0.4323607427055703, 0.399]	no-link	answer-answer	0.1008	0.0623	0.0066	-0.003	-0.001	0.01	4
57th	June	[0.4389920424403183, 0.385, 0.47745358090185674, 0.398]	[0.3740053050397878, 0.413, 0.41114058355437666, 0.427]	no-link	answer-answer	0.1034	0.065	0.0279	-0.028	-0.029	-0.015	4
57th	3,	[0.4389920424403183, 0.385, 0.47745358090185674, 0.398]	[0.41644562334217505, 0.413, 0.4363395225464191, 0.427]	no-link	answer-answer	0.061	0.0225	0.0027	-0.028	-0.029	-0.015	4
57th	HOURS:	[0.4389920424403183, 0.385, 0.47745358090185674, 0.398]	[0.20689655172413793, 0.48, 0.3010610079575597, 0.498]	no-link	answer-question	0.2706	0.2321	0.1379	-0.095	-0.1	-0.082	4
57th	MONDAY-	[0.4389920424403183, 0.385, 0.47745358090185674, 0.398]	[0.20689655172413793, 0.514, 0.28779840848806365, 0.531]	no-link	answer-question	0.2706	0.2321	0.1512	-0.129	-0.133	-0.116	4
Street,	New	[0.48408488063660476, 0.385, 0.5411140583554377, 0.399]	[0.5477453580901857, 0.385, 0.5795755968169761, 0.398]	word-word	answer-answer	0.0955	0.0	0.0637	-0.001	0.0066	0.013	4
Street,	York	[0.48408488063660476, 0.385, 0.5411140583554377, 0.399]	[0.5848806366047745, 0.385, 0.6273209549071618, 0.398]	no-link	answer-answer	-0.0438	-0.1008	-0.1432	0.0	0.001	0.014	4
Street,	EVENT	[0.48408488063660476, 0.385, 0.5411140583554377, 0.399]	[0.20689655172413793, 0.387, 0.2612732095490716, 0.405]	no-link	answer-question	0.3342	0.2772	0.2228	-0.002	-0.006	0.012	4
Street,	42nd-	[0.48408488063660476, 0.385, 0.5411140583554377, 0.399]	[0.376657824933687, 0.388, 0.4323607427055703, 0.399]	no-link	answer-answer	0.1645	0.1074	0.0517	-0.003	0.0	0.011	4
Street,	June	[0.48408488063660476, 0.385, 0.5411140583554377, 0.399]	[0.3740053050397878, 0.413, 0.41114058355437666, 0.427]	no-link	answer-answer	0.1671	0.1101	0.0729	-0.028	-0.028	-0.014	4
Street,	3,	[0.48408488063660476, 0.385, 0.5411140583554377, 0.399]	[0.41644562334217505, 0.413, 0.4363395225464191, 0.427]	no-link	answer-answer	0.1247	0.0676	0.0477	-0.028	-0.028	-0.014	4
Street,	HOURS:	[0.48408488063660476, 0.385, 0.5411140583554377, 0.399]	[0.20689655172413793, 0.48, 0.3010610079575597, 0.498]	no-link	answer-question	0.3342	0.2772	0.183	-0.095	-0.099	-0.081	4
Street,	MONDAY-	[0.48408488063660476, 0.385, 0.5411140583554377, 0.399]	[0.20689655172413793, 0.514, 0.28779840848806365, 0.531]	no-link	answer-question	0.3342	0.2772	0.1963	-0.129	-0.132	-0.115	4
New	York	[0.5477453580901857, 0.385, 0.5795755968169761, 0.398]	[0.5848806366047745, 0.385, 0.6273209549071618, 0.398]	word-word	answer-answer	0.0796	0.0	0.0371	0.0	0.0053	0.013	4
New	EVENT	[0.5477453580901857, 0.385, 0.5795755968169761, 0.398]	[0.20689655172413793, 0.387, 0.2612732095490716, 0.405]	no-link	answer-question	0.3727	0.3408	0.2865	-0.002	-0.007	0.011	4
New	42nd-	[0.5477453580901857, 0.385, 0.5795755968169761, 0.398]	[0.376657824933687, 0.388, 0.4323607427055703, 0.399]	no-link	answer-answer	0.2029	0.1711	0.1154	-0.003	-0.001	0.01	4
New	June	[0.5477453580901857, 0.385, 0.5795755968169761, 0.398]	[0.3740053050397878, 0.413, 0.41114058355437666, 0.427]	no-link	answer-answer	0.2056	0.1737	0.1366	-0.028	-0.029	-0.015	4
New	3,	[0.5477453580901857, 0.385, 0.5795755968169761, 0.398]	[0.41644562334217505, 0.413, 0.4363395225464191, 0.427]	no-link	answer-answer	0.1631	0.1313	0.1114	-0.028	-0.029	-0.015	4
New	HOURS:	[0.5477453580901857, 0.385, 0.5795755968169761, 0.398]	[0.20689655172413793, 0.48, 0.3010610079575597, 0.498]	no-link	answer-question	0.3727	0.3408	0.2467	-0.095	-0.1	-0.082	4
New	MONDAY-	[0.5477453580901857, 0.385, 0.5795755968169761, 0.398]	[0.20689655172413793, 0.514, 0.28779840848806365, 0.531]	no-link	answer-question	0.3727	0.3408	0.2599	-0.129	-0.133	-0.116	4
York	NY	[0.5848806366047745, 0.385, 0.6273209549071618, 0.398]	[0.6392572944297082, 0.385, 0.6591511936339522, 0.399]	word-word	answer-answer	0.0743	0.0	0.0544	0.001	0.0119	0.014	4
York	EVENT	[0.5848806366047745, 0.385, 0.6273209549071618, 0.398]	[0.20689655172413793, 0.387, 0.2612732095490716, 0.405]	no-link	answer-question	0.4204	0.378	0.3236	-0.002	-0.007	0.011	4
York	42nd-	[0.5848806366047745, 0.385, 0.6273209549071618, 0.398]	[0.376657824933687, 0.388, 0.4323607427055703, 0.399]	no-link	answer-answer	0.2507	0.2082	0.1525	-0.003	-0.001	0.01	4
York	June	[0.5848806366047745, 0.385, 0.6273209549071618, 0.398]	[0.3740053050397878, 0.413, 0.41114058355437666, 0.427]	no-link	answer-answer	0.2533	0.2109	0.1737	-0.028	-0.029	-0.015	4
York	3,	[0.5848806366047745, 0.385, 0.6273209549071618, 0.398]	[0.41644562334217505, 0.413, 0.4363395225464191, 0.427]	no-link	answer-answer	0.2109	0.1684	0.1485	-0.028	-0.029	-0.015	4
York	HOURS:	[0.5848806366047745, 0.385, 0.6273209549071618, 0.398]	[0.20689655172413793, 0.48, 0.3010610079575597, 0.498]	no-link	answer-question	0.4204	0.378	0.2838	-0.095	-0.1	-0.082	4
York	MONDAY-	[0.5848806366047745, 0.385, 0.6273209549071618, 0.398]	[0.20689655172413793, 0.514, 0.28779840848806365, 0.531]	no-link	answer-question	0.4204	0.378	0.2971	-0.129	-0.133	-0.116	4
York	llam-	[0.5848806366047745, 0.385, 0.6273209549071618, 0.398]	[0.3793103448275862, 0.542, 0.43103448275862066, 0.556]	no-link	answer-answer	0.248	0.2056	0.1538	-0.157	-0.158	-0.144	4
EVENT	LOCATION:	[0.20689655172413793, 0.387, 0.2612732095490716, 0.405]	[0.2625994694960212, 0.387, 0.35278514588859416, 0.405]	word-word	question-question	0.1459	0.0	0.0557	0.0	0.0013	0.018	2
EVENT	llam-	[0.20689655172413793, 0.387, 0.2612732095490716, 0.405]	[0.3793103448275862, 0.542, 0.43103448275862066, 0.556]	no-link	question-answer	-0.118	-0.1724	-0.2241	-0.155	-0.151	-0.137	2
EVENT	SATURDAY-	[0.20689655172413793, 0.387, 0.2612732095490716, 0.405]	[0.20954907161803712, 0.543, 0.29708222811671087, 0.561]	no-link	question-question	0.0517	-0.0027	-0.0902	-0.156	-0.156	-0.138	2
EVENT	EVENT	[0.20689655172413793, 0.387, 0.2612732095490716, 0.405]	[0.20954907161803712, 0.416, 0.2612732095490716, 0.433]	line-line	question-question	0.0544	0.029	0.0027	0.028	-0.0517	0.046	4
EVENT	LOCATION:	[0.20689655172413793, 0.387, 0.2612732095490716, 0.405]	[0.2625994694960212, 0.387, 0.35278514588859416, 0.405]	word-word	question-question	0.1459	0.0	0.0557	0.0	0.0013	0.018	4
EVENT	GENERAL	[0.20689655172413793, 0.387, 0.2612732095490716, 0.405]	[0.20424403183023873, 0.324, 0.3222811671087533, 0.342]	question-header	question-header	0.1154	-0.063	-0.0027	-0.063	-0.057	-0.045	4
EVENT	42nd-	[0.20689655172413793, 0.387, 0.2612732095490716, 0.405]	[0.376657824933687, 0.388, 0.4323607427055703, 0.399]	question-answer	question-answer	0.2255	0.001	0.1698	-0.006	0.1154	0.012	4
42nd-	57th	[0.376657824933687, 0.388, 0.4323607427055703, 0.399]	[0.4389920424403183, 0.385, 0.47745358090185674, 0.398]	word-word	answer-answer	0.1008	-0.003	0.0623	-0.001	0.0066	0.01	4
42nd-	3,	[0.376657824933687, 0.388, 0.4323607427055703, 0.399]	[0.41644562334217505, 0.413, 0.4363395225464191, 0.427]	no-link	answer-answer	0.0159	-0.0398	-0.0597	-0.025	-0.028	-0.014	4
42nd-	EVENT	[0.376657824933687, 0.388, 0.4323607427055703, 0.399]	[0.20954907161803712, 0.416, 0.2612732095490716, 0.433]	no-link	answer-question	0.2228	0.1671	0.1154	-0.028	-0.034	-0.017	4
42nd-	HOURS:	[0.376657824933687, 0.388, 0.4323607427055703, 0.399]	[0.20689655172413793, 0.48, 0.3010610079575597, 0.498]	no-link	answer-question	0.2255	0.1698	0.0756	-0.092	-0.099	-0.081	4
42nd-	MONDAY-	[0.376657824933687, 0.388, 0.4323607427055703, 0.399]	[0.20689655172413793, 0.514, 0.28779840848806365, 0.531]	no-link	answer-question	0.2255	0.1698	0.0889	-0.126	-0.132	-0.115	4
42nd-	llam-	[0.376657824933687, 0.388, 0.4323607427055703, 0.399]	[0.3793103448275862, 0.542, 0.43103448275862066, 0.556]	no-link	answer-answer	0.0531	-0.0027	-0.0544	-0.154	-0.157	-0.143	4
42nd-	SATURDAY-	[0.376657824933687, 0.388, 0.4323607427055703, 0.399]	[0.20954907161803712, 0.543, 0.29708222811671087, 0.561]	no-link	answer-question	0.2228	0.1671	0.0796	-0.155	-0.162	-0.144	4
42nd-	SPECIFICS:	[0.376657824933687, 0.388, 0.4323607427055703, 0.399]	[0.20954907161803712, 0.606, 0.33156498673740054, 0.626]	no-link	answer-question	0.2228	0.1671	0.0451	-0.218	-0.227	-0.207	4
June	3,	[0.3740053050397878, 0.413, 0.41114058355437666, 0.427]	[0.41644562334217505, 0.413, 0.4363395225464191, 0.427]	word-word	answer-answer	0.0623	0.0	0.0424	0.0	0.0053	0.014	5
June	EVENT	[0.3740053050397878, 0.413, 0.41114058355437666, 0.427]	[0.20954907161803712, 0.416, 0.2612732095490716, 0.433]	no-link	answer-question	0.2016	0.1645	0.1127	-0.003	-0.006	0.011	5
June	HOURS:	[0.3740053050397878, 0.413, 0.41114058355437666, 0.427]	[0.20689655172413793, 0.48, 0.3010610079575597, 0.498]	no-link	answer-question	0.2042	0.1671	0.0729	-0.067	-0.071	-0.053	5
June	MONDAY-	[0.3740053050397878, 0.413, 0.41114058355437666, 0.427]	[0.20689655172413793, 0.514, 0.28779840848806365, 0.531]	no-link	answer-question	0.2042	0.1671	0.0862	-0.101	-0.104	-0.087	5
June	llam-	[0.3740053050397878, 0.413, 0.41114058355437666, 0.427]	[0.3793103448275862, 0.542, 0.43103448275862066, 0.556]	no-link	answer-answer	0.0318	-0.0053	-0.057	-0.129	-0.129	-0.115	5
June	SATURDAY-	[0.3740053050397878, 0.413, 0.41114058355437666, 0.427]	[0.20954907161803712, 0.543, 0.29708222811671087, 0.561]	no-link	answer-question	0.2016	0.1645	0.0769	-0.13	-0.134	-0.116	5
June	SPECIFICS:	[0.3740053050397878, 0.413, 0.41114058355437666, 0.427]	[0.20954907161803712, 0.606, 0.33156498673740054, 0.626]	no-link	answer-question	0.2016	0.1645	0.0424	-0.193	-0.199	-0.179	5
3,	1995	[0.41644562334217505, 0.413, 0.4363395225464191, 0.427]	[0.4442970822281167, 0.413, 0.4827586206896552, 0.427]	word-word	answer-answer	0.0663	0.0	0.0279	0.0	0.008	0.014	5
3,	EVENT	[0.41644562334217505, 0.413, 0.4363395225464191, 0.427]	[0.20954907161803712, 0.416, 0.2612732095490716, 0.433]	no-link	answer-header	0.2268	0.2069	0.1552	-0.003	-0.006	0.011	5
3,	HOURS:	[0.41644562334217505, 0.413, 0.4363395225464191, 0.427]	[0.20689655172413793, 0.48, 0.3010610079575597, 0.498]	no-link	answer-question	0.2294	0.2095	0.1154	-0.067	-0.071	-0.053	5
3,	MONDAY-	[0.41644562334217505, 0.413, 0.4363395225464191, 0.427]	[0.20689655172413793, 0.514, 0.28779840848806365, 0.531]	no-link	answer-question	0.2294	0.2095	0.1286	-0.101	-0.104	-0.087	5
3,	llam-	[0.41644562334217505, 0.413, 0.4363395225464191, 0.427]	[0.3793103448275862, 0.542, 0.43103448275862066, 0.556]	no-link	answer-answer	0.057	0.0371	-0.0146	-0.129	-0.129	-0.115	5
3,	SATURDAY-	[0.41644562334217505, 0.413, 0.4363395225464191, 0.427]	[0.20954907161803712, 0.543, 0.29708222811671087, 0.561]	no-link	answer-question	0.2268	0.2069	0.1194	-0.13	-0.134	-0.116	5
3,	SPECIFICS:	[0.41644562334217505, 0.413, 0.4363395225464191, 0.427]	[0.20954907161803712, 0.606, 0.33156498673740054, 0.626]	no-link	answer-question	0.2268	0.2069	0.0849	-0.193	-0.199	-0.179	5
EVENT	DATES:	[0.20954907161803712, 0.416, 0.2612732095490716, 0.433]	[0.26525198938992045, 0.416, 0.3156498673740053, 0.433]	word-word	question-question	0.1061	0.0	0.0557	0.0	0.004	0.017	2
EVENT	SPECIFICS:	[0.20954907161803712, 0.416, 0.2612732095490716, 0.433]	[0.20954907161803712, 0.606, 0.33156498673740054, 0.626]	no-link	question-question	0.0517	0.0	-0.122	-0.19	-0.193	-0.173	2
EVENT	HOURS:	[0.20954907161803712, 0.416, 0.2612732095490716, 0.433]	[0.20689655172413793, 0.48, 0.3010610079575597, 0.498]	line-line	question-header	0.0915	0.064	-0.0027	0.065	-0.0544	0.082	5
EVENT	DATES:	[0.20954907161803712, 0.416, 0.2612732095490716, 0.433]	[0.26525198938992045, 0.416, 0.3156498673740053, 0.433]	word-word	question-question	0.1061	0.0	0.0557	0.0	0.004	0.017	5
EVENT	GENERAL	[0.20954907161803712, 0.416, 0.2612732095490716, 0.433]	[0.20424403183023873, 0.324, 0.3222811671087533, 0.342]	question-header	question-header	0.1127	-0.092	-0.0053	-0.091	-0.057	-0.074	5
EVENT	June	[0.20954907161803712, 0.416, 0.2612732095490716, 0.433]	[0.3740053050397878, 0.413, 0.41114058355437666, 0.427]	question-answer	question-answer	0.2016	-0.003	0.1645	-0.006	0.1127	0.011	5
EVENT	check	[0.20954907161803712, 0.416, 0.2612732095490716, 0.433]	[0.21087533156498675, 0.633, 0.246684350132626, 0.644]	no-link	question-question	0.0504	-0.0013	-0.0371	-0.217	-0.211	-0.2	5
HOURS:	MONDAY-	[0.20689655172413793, 0.48, 0.3010610079575597, 0.498]	[0.20689655172413793, 0.514, 0.28779840848806365, 0.531]	line-line	header-question	0.0809	0.034	0.0	0.033	-0.0942	0.051	6
HOURS:	llam-	[0.20689655172413793, 0.48, 0.3010610079575597, 0.498]	[0.3793103448275862, 0.542, 0.43103448275862066, 0.556]	no-link	header-answer	-0.0782	-0.1724	-0.2241	-0.062	-0.058	-0.044	6
HOURS:	SATURDAY-	[0.20689655172413793, 0.48, 0.3010610079575597, 0.498]	[0.20954907161803712, 0.543, 0.29708222811671087, 0.561]	no-link	header-question	0.0915	-0.0027	-0.0902	-0.063	-0.063	-0.045	6
HOURS:	SPECIFICS:	[0.20689655172413793, 0.48, 0.3010610079575597, 0.498]	[0.20954907161803712, 0.606, 0.33156498673740054, 0.626]	no-link	header-question	0.0915	-0.0027	-0.1247	-0.126	-0.128	-0.108	6
HOURS:	check	[0.20689655172413793, 0.48, 0.3010610079575597, 0.498]	[0.21087533156498675, 0.633, 0.246684350132626, 0.644]	no-link	header-question	0.0902	-0.004	-0.0398	-0.153	-0.146	-0.135	6
HOURS:	MONDAY-	[0.20689655172413793, 0.48, 0.3010610079575597, 0.498]	[0.20689655172413793, 0.514, 0.28779840848806365, 0.531]	header-question	header-question	0.0809	0.034	0.0	0.033	-0.0942	0.051	6
HOURS:	applicable	[0.20689655172413793, 0.48, 0.3010610079575597, 0.498]	[0.2480106100795756, 0.634, 0.3103448275862069, 0.647]	no-link	header-question	0.0531	-0.0411	-0.1034	-0.154	-0.149	-0.136	6
HOURS:	SATURDAY-	[0.20689655172413793, 0.48, 0.3010610079575597, 0.498]	[0.20954907161803712, 0.543, 0.29708222811671087, 0.561]	header-question	header-question	0.0902	0.063	0.0027	0.063	-0.0915	0.081	6
HOURS:	#	[0.20689655172413793, 0.48, 0.3010610079575597, 0.498]	[0.3302387267904509, 0.656, 0.3395225464190981, 0.673]	no-link	header-question	-0.0292	-0.1233	-0.1326	-0.176	-0.175	-0.158	6
MONDAY-	FRIDAY	[0.20689655172413793, 0.514, 0.28779840848806365, 0.531]	[0.2891246684350133, 0.513, 0.35013262599469497, 0.533]	word-word	question-question	0.1432	-0.001	0.0822	0.002	0.0013	0.019	6
MONDAY-	llam-	[0.20689655172413793, 0.514, 0.28779840848806365, 0.531]	[0.3793103448275862, 0.542, 0.43103448275862066, 0.556]	no-link	question-answer	-0.0915	-0.1724	-0.2241	-0.028	-0.025	-0.011	6
MONDAY-	SATURDAY-	[0.20689655172413793, 0.514, 0.28779840848806365, 0.531]	[0.20954907161803712, 0.543, 0.29708222811671087, 0.561]	no-link	question-question	0.0782	-0.0027	-0.0902	-0.029	-0.03	-0.012	6
MONDAY-	SPECIFICS:	[0.20689655172413793, 0.514, 0.28779840848806365, 0.531]	[0.20954907161803712, 0.606, 0.33156498673740054, 0.626]	no-link	question-question	0.0782	-0.0027	-0.1247	-0.092	-0.095	-0.075	6
MONDAY-	check	[0.20689655172413793, 0.514, 0.28779840848806365, 0.531]	[0.21087533156498675, 0.633, 0.246684350132626, 0.644]	no-link	question-question	0.0769	-0.004	-0.0398	-0.119	-0.113	-0.102	6
MONDAY-	applicable	[0.20689655172413793, 0.514, 0.28779840848806365, 0.531]	[0.2480106100795756, 0.634, 0.3103448275862069, 0.647]	no-link	question-question	0.0398	-0.0411	-0.1034	-0.12	-0.116	-0.103	6
MONDAY-	#	[0.20689655172413793, 0.514, 0.28779840848806365, 0.531]	[0.3302387267904509, 0.656, 0.3395225464190981, 0.673]	no-link	question-question	-0.0424	-0.1233	-0.1326	-0.142	-0.142	-0.125	6
MONDAY-	☐	[0.20689655172413793, 0.514, 0.28779840848806365, 0.531]	[0.6153846153846154, 0.656, 0.6352785145888594, 0.671]	no-link	question-question	-0.3276	-0.4085	-0.4284	-0.142	-0.14	-0.125	6
MONDAY-	SATURDAY-	[0.20689655172413793, 0.514, 0.28779840848806365, 0.531]	[0.20954907161803712, 0.543, 0.29708222811671087, 0.561]	line-line	question-question	0.0902	0.029	0.0027	0.03	-0.0782	0.047	7
MONDAY-	FRIDAY	[0.20689655172413793, 0.514, 0.28779840848806365, 0.531]	[0.2891246684350133, 0.513, 0.35013262599469497, 0.533]	word-word	question-question	0.1432	-0.001	0.0822	0.002	0.0013	0.019	7
MONDAY-	HOURS:	[0.20689655172413793, 0.514, 0.28779840848806365, 0.531]	[0.20689655172413793, 0.48, 0.3010610079575597, 0.498]	question-header	question-header	0.0942	-0.034	0.0	-0.033	-0.0809	-0.016	7
llam-	6pm	[0.3793103448275862, 0.542, 0.43103448275862066, 0.556]	[0.4376657824933687, 0.542, 0.46949602122015915, 0.56]	word-word	answer-answer	0.0902	0.0	0.0584	0.004	0.0066	0.018	8
llam-	SATURDAY-	[0.3793103448275862, 0.542, 0.43103448275862066, 0.556]	[0.20954907161803712, 0.543, 0.29708222811671087, 0.561]	no-link	answer-header	0.2215	0.1698	0.0822	-0.001	-0.005	0.013	8
llam-	SPECIFICS:	[0.3793103448275862, 0.542, 0.43103448275862066, 0.556]	[0.20954907161803712, 0.606, 0.33156498673740054, 0.626]	no-link	answer-question	0.2215	0.1698	0.0477	-0.064	-0.07	-0.05	8
llam-	check	[0.3793103448275862, 0.542, 0.43103448275862066, 0.556]	[0.21087533156498675, 0.633, 0.246684350132626, 0.644]	no-link	answer-question	0.2202	0.1684	0.1326	-0.091	-0.088	-0.077	8
llam-	applicable	[0.3793103448275862, 0.542, 0.43103448275862066, 0.556]	[0.2480106100795756, 0.634, 0.3103448275862069, 0.647]	no-link	answer-question	0.183	0.1313	0.069	-0.092	-0.091	-0.078	8
llam-	#	[0.3793103448275862, 0.542, 0.43103448275862066, 0.556]	[0.3302387267904509, 0.656, 0.3395225464190981, 0.673]	no-link	answer-question	0.1008	0.0491	0.0398	-0.114	-0.117	-0.1	8
llam-	☐	[0.3793103448275862, 0.542, 0.43103448275862066, 0.556]	[0.6153846153846154, 0.656, 0.6352785145888594, 0.671]	no-link	answer-question	-0.1844	-0.2361	-0.256	-0.114	-0.115	-0.1	8
SATURDAY-	SUNDAY	[0.20954907161803712, 0.543, 0.29708222811671087, 0.561]	[0.2984084880636605, 0.542, 0.363395225464191, 0.562]	word-word	question-question	0.1538	-0.001	0.0889	0.001	0.0013	0.019	6
SATURDAY-	SPECIFICS:	[0.20954907161803712, 0.543, 0.29708222811671087, 0.561]	[0.20954907161803712, 0.606, 0.33156498673740054, 0.626]	no-link	question-question	0.0875	0.0	-0.122	-0.063	-0.065	-0.045	6
SATURDAY-	check	[0.20954907161803712, 0.543, 0.29708222811671087, 0.561]	[0.21087533156498675, 0.633, 0.246684350132626, 0.644]	no-link	question-question	0.0862	-0.0013	-0.0371	-0.09	-0.083	-0.072	6
SATURDAY-	applicable	[0.20954907161803712, 0.543, 0.29708222811671087, 0.561]	[0.2480106100795756, 0.634, 0.3103448275862069, 0.647]	no-link	question-question	0.0491	-0.0385	-0.1008	-0.091	-0.086	-0.073	6
SATURDAY-	#	[0.20954907161803712, 0.543, 0.29708222811671087, 0.561]	[0.3302387267904509, 0.656, 0.3395225464190981, 0.673]	no-link	question-question	-0.0332	-0.1207	-0.13	-0.113	-0.112	-0.095	6
SATURDAY-	☐	[0.20954907161803712, 0.543, 0.29708222811671087, 0.561]	[0.6153846153846154, 0.656, 0.6352785145888594, 0.671]	no-link	question-question	-0.3183	-0.4058	-0.4257	-0.113	-0.11	-0.095	6
SATURDAY-	SPECIFICS:	[0.20954907161803712, 0.543, 0.29708222811671087, 0.561]	[0.20954907161803712, 0.606, 0.33156498673740054, 0.626]	line-line	question-header	0.122	0.063	0.0	0.065	-0.0875	0.083	8
SATURDAY-	SUNDAY	[0.20954907161803712, 0.543, 0.29708222811671087, 0.561]	[0.2984084880636605, 0.542, 0.363395225464191, 0.562]	word-word	question-question	0.1538	-0.001	0.0889	0.001	0.0013	0.019	8
SATURDAY-	HOURS:	[0.20954907161803712, 0.543, 0.29708222811671087, 0.561]	[0.20689655172413793, 0.48, 0.3010610079575597, 0.498]	question-header	question-header	0.0915	-0.063	-0.0027	-0.063	-0.0902	-0.045	8
SATURDAY-	OF	[0.20954907161803712, 0.543, 0.29708222811671087, 0.561]	[0.3448275862068966, 0.658, 0.3673740053050398, 0.672]	no-link	question-question	-0.0477	-0.1353	-0.1578	-0.115	-0.111	-0.097	8
SATURDAY-	llam-	[0.20954907161803712, 0.543, 0.29708222811671087, 0.561]	[0.3793103448275862, 0.542, 0.43103448275862066, 0.556]	question-answer	question-answer	0.2215	-0.001	0.1698	-0.005	0.0822	0.013	8
SPECIFICS:	check	[0.20954907161803712, 0.606, 0.33156498673740054, 0.626]	[0.21087533156498675, 0.633, 0.246684350132626, 0.644]	line-line	header-question	0.0371	0.027	0.0013	0.018	-0.1207	0.038	9
SPECIFICS:	applicable	[0.20954907161803712, 0.606, 0.33156498673740054, 0.626]	[0.2480106100795756, 0.634, 0.3103448275862069, 0.647]	no-link	header-question	0.0836	-0.0385	-0.1008	-0.028	-0.021	-0.008	9
SPECIFICS:	#	[0.20954907161803712, 0.606, 0.33156498673740054, 0.626]	[0.3302387267904509, 0.656, 0.3395225464190981, 0.673]	no-link	header-question	0.0013	-0.1207	-0.13	-0.05	-0.047	-0.03	9
SPECIFICS:	☐	[0.20954907161803712, 0.606, 0.33156498673740054, 0.626]	[0.6153846153846154, 0.656, 0.6352785145888594, 0.671]	no-link	header-question	-0.2838	-0.4058	-0.4257	-0.05	-0.045	-0.03	9
SPECIFICS:	OF	[0.20954907161803712, 0.606, 0.33156498673740054, 0.626]	[0.3448275862068966, 0.658, 0.3673740053050398, 0.672]	no-link	header-question	-0.0133	-0.1353	-0.1578	-0.052	-0.046	-0.032	9
SPECIFICS:	MUSIC	[0.20954907161803712, 0.606, 0.33156498673740054, 0.626]	[0.636604774535809, 0.683, 0.6883289124668435, 0.701]	no-link	header-question	-0.305	-0.4271	-0.4788	-0.077	-0.075	-0.057	9
SPECIFICS:	#	[0.20954907161803712, 0.606, 0.33156498673740054, 0.626]	[0.3302387267904509, 0.656, 0.3395225464190981, 0.673]	header-question	header-question	0.13	0.05	0.1207	0.047	-0.0013	0.067	9
SPECIFICS:	☐	[0.20954907161803712, 0.606, 0.33156498673740054, 0.626]	[0.3076923076923077, 0.687, 0.3249336870026525, 0.701]	header-question	header-question	0.1154	0.081	0.0981	0.075	-0.0239	0.095	9
SPECIFICS:	PREMIUMS	[0.20954907161803712, 0.606, 0.33156498673740054, 0.626]	[0.3275862068965517, 0.715, 0.40848806366047746, 0.73]	header-question	header-question	0.1989	0.109	0.118	0.104	-0.004	0.124	9
SPECIFICS:	☐	[0.20954907161803712, 0.606, 0.33156498673740054, 0.626]	[0.6153846153846154, 0.656, 0.6352785145888594, 0.671]	header-question	header-question	0.4257	0.05	0.4058	0.045	0.2838	0.065	9
SPECIFICS:	☐	[0.20954907161803712, 0.606, 0.33156498673740054, 0.626]	[0.6153846153846154, 0.684, 0.6339522546419099, 0.701]	header-question	header-question	0.4244	0.078	0.4058	0.075	0.2838	0.095	9
SPECIFICS:	☐	[0.20954907161803712, 0.606, 0.33156498673740054, 0.626]	[0.616710875331565, 0.715, 0.636604774535809, 0.729]	header-question	header-question	0.4271	0.109	0.4072	0.103	0.2851	0.123	9
SPECIFICS:	SAMPLING	[0.20954907161803712, 0.606, 0.33156498673740054, 0.626]	[0.3275862068965517, 0.687, 0.40848806366047746, 0.702]	no-link	header-question	0.004	-0.118	-0.1989	-0.081	-0.076	-0.061	9
check	#	[0.21087533156498675, 0.633, 0.246684350132626, 0.644]	[0.3302387267904509, 0.656, 0.3395225464190981, 0.673]	line-line	question-question	0.1286	0.023	0.1194	0.029	0.0836	0.04	10
check	applicable	[0.21087533156498675, 0.633, 0.246684350132626, 0.644]	[0.2480106100795756, 0.634, 0.3103448275862069, 0.647]	no-link	question-question	-0.0013	-0.0371	-0.0995	-0.001	-0.003	0.01	10
check	☐	[0.21087533156498675, 0.633, 0.246684350132626, 0.644]	[0.6153846153846154, 0.656, 0.6352785145888594, 0.671]	no-link	question-question	-0.3687	-0.4045	-0.4244	-0.023	-0.027	-0.012	10
check	OF	[0.21087533156498675, 0.633, 0.246684350132626, 0.644]	[0.3448275862068966, 0.658, 0.3673740053050398, 0.672]	no-link	question-question	-0.0981	-0.134	-0.1565	-0.025	-0.028	-0.014	10
check	MUSIC	[0.21087533156498675, 0.633, 0.246684350132626, 0.644]	[0.636604774535809, 0.683, 0.6883289124668435, 0.701]	no-link	question-question	-0.3899	-0.4257	-0.4775	-0.05	-0.057	-0.039	10
check	SAMPLING	[0.21087533156498675, 0.633, 0.246684350132626, 0.644]	[0.3275862068965517, 0.687, 0.40848806366047746, 0.702]	no-link	question-question	-0.0809	-0.1167	-0.1976	-0.054	-0.058	-0.043	10
check	&	[0.21087533156498675, 0.633, 0.246684350132626, 0.644]	[0.4124668435013263, 0.687, 0.4230769230769231, 0.701]	no-link	question-question	-0.1658	-0.2016	-0.2122	-0.054	-0.057	-0.043	10
check	applicable	[0.21087533156498675, 0.633, 0.246684350132626, 0.644]	[0.2480106100795756, 0.634, 0.3103448275862069, 0.647]	word-word	question-question	0.0995	0.001	0.0371	0.003	0.0013	0.014	10
applicable	box(es):	[0.2480106100795756, 0.634, 0.3103448275862069, 0.647]	[0.31432360742705573, 0.631, 0.36074270557029176, 0.644]	word-word	question-question	0.1127	-0.003	0.0663	-0.003	0.004	0.01	10
applicable	☐	[0.2480106100795756, 0.634, 0.3103448275862069, 0.647]	[0.6153846153846154, 0.656, 0.6352785145888594, 0.671]	no-link	question-question	-0.305	-0.3674	-0.3873	-0.022	-0.024	-0.009	10
applicable	#	[0.2480106100795756, 0.634, 0.3103448275862069, 0.647]	[0.3302387267904509, 0.656, 0.3395225464190981, 0.673]	no-link	question-question	-0.0199	-0.0822	-0.0915	-0.022	-0.026	-0.009	10
applicable	OF	[0.2480106100795756, 0.634, 0.3103448275862069, 0.647]	[0.3448275862068966, 0.658, 0.3673740053050398, 0.672]	no-link	question-question	-0.0345	-0.0968	-0.1194	-0.024	-0.025	-0.011	10
applicable	MUSIC	[0.2480106100795756, 0.634, 0.3103448275862069, 0.647]	[0.636604774535809, 0.683, 0.6883289124668435, 0.701]	no-link	question-question	-0.3263	-0.3886	-0.4403	-0.049	-0.054	-0.036	10
applicable	SAMPLING	[0.2480106100795756, 0.634, 0.3103448275862069, 0.647]	[0.3275862068965517, 0.687, 0.40848806366047746, 0.702]	no-link	question-question	-0.0172	-0.0796	-0.1605	-0.053	-0.055	-0.04	10
applicable	&	[0.2480106100795756, 0.634, 0.3103448275862069, 0.647]	[0.4124668435013263, 0.687, 0.4230769230769231, 0.701]	no-link	question-question	-0.1021	-0.1645	-0.1751	-0.053	-0.054	-0.04	10
#	OF	[0.3302387267904509, 0.656, 0.3395225464190981, 0.673]	[0.3448275862068966, 0.658, 0.3673740053050398, 0.672]	word-word	question-question	0.0371	0.002	0.0146	-0.001	0.0053	0.016	9
#	☐	[0.3302387267904509, 0.656, 0.3395225464190981, 0.673]	[0.6153846153846154, 0.656, 0.6352785145888594, 0.671]	no-link	question-question	-0.2759	-0.2851	-0.305	0.0	0.002	0.017	9
#	MUSIC	[0.3302387267904509, 0.656, 0.3395225464190981, 0.673]	[0.636604774535809, 0.683, 0.6883289124668435, 0.701]	no-link	question-question	-0.2971	-0.3064	-0.3581	-0.027	-0.028	-0.01	9
#	SAMPLING	[0.3302387267904509, 0.656, 0.3395225464190981, 0.673]	[0.3275862068965517, 0.687, 0.40848806366047746, 0.702]	no-link	question-question	0.0119	0.0027	-0.0782	-0.031	-0.029	-0.014	9
#	&	[0.3302387267904509, 0.656, 0.3395225464190981, 0.673]	[0.4124668435013263, 0.687, 0.4230769230769231, 0.701]	no-link	question-question	-0.0729	-0.0822	-0.0928	-0.031	-0.028	-0.014	9
☐	SIGNAGE	[0.6153846153846154, 0.656, 0.6352785145888594, 0.671]	[0.6392572944297082, 0.655, 0.7095490716180372, 0.67]	word-word	question-question	0.0942	-0.001	0.0239	-0.001	0.004	0.014	9
☐	#	[0.6153846153846154, 0.656, 0.6352785145888594, 0.671]	[0.3302387267904509, 0.656, 0.3395225464190981, 0.673]	no-link	question-question	0.305	0.2851	0.2759	0.0	-0.002	0.015	9
☐	OF	[0.6153846153846154, 0.656, 0.6352785145888594, 0.671]	[0.3448275862068966, 0.658, 0.3673740053050398, 0.672]	no-link	question-question	0.2905	0.2706	0.248	-0.002	-0.001	0.013	9
☐	MUSIC	[0.6153846153846154, 0.656, 0.6352785145888594, 0.671]	[0.636604774535809, 0.683, 0.6883289124668435, 0.701]	no-link	question-question	-0.0013	-0.0212	-0.0729	-0.027	-0.03	-0.012	9
☐	SAMPLING	[0.6153846153846154, 0.656, 0.6352785145888594, 0.671]	[0.3275862068965517, 0.687, 0.40848806366047746, 0.702]	no-link	question-question	0.3077	0.2878	0.2069	-0.031	-0.031	-0.016	9
☐	&	[0.6153846153846154, 0.656, 0.6352785145888594, 0.671]	[0.4124668435013263, 0.687, 0.4230769230769231, 0.701]	no-link	question-question	0.2228	0.2029	0.1923	-0.031	-0.03	-0.016	9
#	☐	[0.3302387267904509, 0.656, 0.3395225464190981, 0.673]	[0.6153846153846154, 0.656, 0.6352785145888594, 0.671]	question-question	question-question	0.305	0.0	0.2851	-0.002	0.2759	0.015	11
#	☐	[0.3302387267904509, 0.656, 0.3395225464190981, 0.673]	[0.3076923076923077, 0.687, 0.3249336870026525, 0.701]	line-line	question-question	-0.0053	0.031	-0.0225	0.028	-0.0318	0.045	11
#	OF	[0.3302387267904509, 0.656, 0.3395225464190981, 0.673]	[0.3448275862068966, 0.658, 0.3673740053050398, 0.672]	word-word	question-question	0.0371	0.002	0.0146	-0.001	0.0053	0.016	11
#	RACING	[0.3302387267904509, 0.656, 0.3395225464190981, 0.673]	[0.6392572944297082, 0.714, 0.7015915119363395, 0.728]	no-link	question-question	-0.2997	-0.309	-0.3714	-0.058	-0.055	-0.041	11
#	☑	[0.3302387267904509, 0.656, 0.3395225464190981, 0.673]	[0.3076923076923077, 0.659, 0.32625994694960214, 0.673]	question-answer	question-answer	-0.004	0.003	-0.0225	0.0	-0.0318	0.017	11
#	SPECIFICS:	[0.3302387267904509, 0.656, 0.3395225464190981, 0.673]	[0.20954907161803712, 0.606, 0.33156498673740054, 0.626]	question-header	question-header	0.0013	-0.05	-0.1207	-0.047	-0.13	-0.03	11
#	PREMIUMS	[0.3302387267904509, 0.656, 0.3395225464190981, 0.673]	[0.3275862068965517, 0.715, 0.40848806366047746, 0.73]	no-link	question-question	0.0119	0.0027	-0.0782	-0.059	-0.057	-0.042	11
☐	SIGNAGE	[0.6153846153846154, 0.656, 0.6352785145888594, 0.671]	[0.6392572944297082, 0.655, 0.7095490716180372, 0.67]	word-word	question-question	0.0942	-0.001	0.0239	-0.001	0.004	0.014	11
☐	RACING	[0.6153846153846154, 0.656, 0.6352785145888594, 0.671]	[0.6392572944297082, 0.714, 0.7015915119363395, 0.728]	no-link	question-question	-0.004	-0.0239	-0.0862	-0.058	-0.057	-0.043	11
☐	PREMIUMS	[0.6153846153846154, 0.656, 0.6352785145888594, 0.671]	[0.3275862068965517, 0.715, 0.40848806366047746, 0.73]	no-link	question-question	0.3077	0.2878	0.2069	-0.059	-0.059	-0.044	11
☐	SPECIFICS:	[0.6153846153846154, 0.656, 0.6352785145888594, 0.671]	[0.20954907161803712, 0.606, 0.33156498673740054, 0.626]	question-header	question-header	-0.2838	-0.05	-0.4058	-0.045	-0.4257	-0.03	11
OF	BOOTH(S)	[0.3448275862068966, 0.658, 0.3673740053050398, 0.672]	[0.37002652519893897, 0.656, 0.4509283819628647, 0.673]	word-word	question-question	0.1061	-0.002	0.0252	0.001	0.0027	0.015	9
OF	MUSIC	[0.3448275862068966, 0.658, 0.3673740053050398, 0.672]	[0.636604774535809, 0.683, 0.6883289124668435, 0.701]	no-link	question-question	-0.2692	-0.2918	-0.3435	-0.025	-0.029	-0.011	9
OF	☐	[0.3448275862068966, 0.658, 0.3673740053050398, 0.672]	[0.6153846153846154, 0.684, 0.6339522546419099, 0.701]	no-link	question-question	-0.248	-0.2706	-0.2891	-0.026	-0.029	-0.012	9
OF	SAMPLING	[0.3448275862068966, 0.658, 0.3673740053050398, 0.672]	[0.3275862068965517, 0.687, 0.40848806366047746, 0.702]	no-link	question-question	0.0398	0.0172	-0.0637	-0.029	-0.03	-0.015	9
OF	&	[0.3448275862068966, 0.658, 0.3673740053050398, 0.672]	[0.4124668435013263, 0.687, 0.4230769230769231, 0.701]	no-link	question-question	-0.0451	-0.0676	-0.0782	-0.029	-0.029	-0.015	9
OF	RACING	[0.3448275862068966, 0.658, 0.3673740053050398, 0.672]	[0.6392572944297082, 0.714, 0.7015915119363395, 0.728]	no-link	question-question	-0.2719	-0.2944	-0.3568	-0.056	-0.056	-0.042	9
OF	PREMIUMS	[0.3448275862068966, 0.658, 0.3673740053050398, 0.672]	[0.3275862068965517, 0.715, 0.40848806366047746, 0.73]	no-link	question-question	0.0398	0.0172	-0.0637	-0.057	-0.058	-0.043	9
OF	BOOTH(S)	[0.3448275862068966, 0.658, 0.3673740053050398, 0.672]	[0.37002652519893897, 0.656, 0.4509283819628647, 0.673]	word-word	question-question	0.1061	-0.002	0.0252	0.001	0.0027	0.015	11
MUSIC	VAN	[0.636604774535809, 0.683, 0.6883289124668435, 0.701]	[0.6923076923076923, 0.684, 0.7294429708222812, 0.699]	word-word	question-question	0.0928	0.001	0.0557	-0.002	0.004	0.016	9
MUSIC	☐	[0.636604774535809, 0.683, 0.6883289124668435, 0.701]	[0.6153846153846154, 0.684, 0.6339522546419099, 0.701]	no-link	question-question	0.0729	0.0212	0.0027	-0.001	0.0	0.017	9
MUSIC	SAMPLING	[0.636604774535809, 0.683, 0.6883289124668435, 0.701]	[0.3275862068965517, 0.687, 0.40848806366047746, 0.702]	no-link	question-question	0.3607	0.309	0.2281	-0.004	-0.001	0.014	9
MUSIC	&	[0.636604774535809, 0.683, 0.6883289124668435, 0.701]	[0.4124668435013263, 0.687, 0.4230769230769231, 0.701]	no-link	question-question	0.2759	0.2241	0.2135	-0.004	0.0	0.014	9
MUSIC	RACING	[0.636604774535809, 0.683, 0.6883289124668435, 0.701]	[0.6392572944297082, 0.714, 0.7015915119363395, 0.728]	no-link	question-question	0.0491	-0.0027	-0.065	-0.031	-0.027	-0.013	9
MUSIC	PREMIUMS	[0.636604774535809, 0.683, 0.6883289124668435, 0.701]	[0.3275862068965517, 0.715, 0.40848806366047746, 0.73]	no-link	question-question	0.3607	0.309	0.2281	-0.032	-0.029	-0.014	9
MUSIC	VAN	[0.636604774535809, 0.683, 0.6883289124668435, 0.701]	[0.6923076923076923, 0.684, 0.7294429708222812, 0.699]	word-word	question-question	0.0928	0.001	0.0557	-0.002	0.004	0.016	12
☐	MUSIC	[0.6153846153846154, 0.684, 0.6339522546419099, 0.701]	[0.636604774535809, 0.683, 0.6883289124668435, 0.701]	word-word	question-question	0.0729	-0.001	0.0212	0.0	0.0027	0.017	9
☐	MUSIC	[0.6153846153846154, 0.684, 0.6339522546419099, 0.701]	[0.636604774535809, 0.683, 0.6883289124668435, 0.701]	word-word	question-question	0.0729	-0.001	0.0212	0.0	0.0027	0.017	12
☐	SPECIFICS:	[0.6153846153846154, 0.684, 0.6339522546419099, 0.701]	[0.20954907161803712, 0.606, 0.33156498673740054, 0.626]	question-header	question-header	-0.2838	-0.078	-0.4058	-0.075	-0.4244	-0.058	12
☐	SUPERVISOR	[0.6153846153846154, 0.684, 0.6339522546419099, 0.701]	[0.21087533156498675, 0.778, 0.356763925729443, 0.796]	no-link	question-question	0.4231	0.4045	0.2586	-0.094	-0.095	-0.077	12
☐	SAMPLING	[0.3076923076923077, 0.687, 0.3249336870026525, 0.701]	[0.3275862068965517, 0.687, 0.40848806366047746, 0.702]	word-word	question-question	0.1008	0.0	0.0199	0.001	0.0027	0.015	9
SAMPLING	&	[0.3275862068965517, 0.687, 0.40848806366047746, 0.702]	[0.4124668435013263, 0.687, 0.4230769230769231, 0.701]	word-word	question-question	0.0955	0.0	0.0849	-0.001	0.004	0.014	9
SAMPLING	☐	[0.3275862068965517, 0.687, 0.40848806366047746, 0.702]	[0.3076923076923077, 0.687, 0.3249336870026525, 0.701]	no-link	question-question	0.1008	0.0199	0.0027	0.0	0.001	0.015	9
SAMPLING	RACING	[0.3275862068965517, 0.687, 0.40848806366047746, 0.702]	[0.6392572944297082, 0.714, 0.7015915119363395, 0.728]	no-link	question-question	-0.2308	-0.3117	-0.374	-0.027	-0.026	-0.012	9
SAMPLING	PREMIUMS	[0.3275862068965517, 0.687, 0.40848806366047746, 0.702]	[0.3275862068965517, 0.715, 0.40848806366047746, 0.73]	no-link	question-question	0.0809	0.0	-0.0809	-0.028	-0.028	-0.013	9
SAMPLING	SUPERVISOR	[0.3275862068965517, 0.687, 0.40848806366047746, 0.702]	[0.21087533156498675, 0.778, 0.356763925729443, 0.796]	no-link	question-question	0.1976	0.1167	-0.0292	-0.091	-0.094	-0.076	9
&	PREMIUMS	[0.4124668435013263, 0.687, 0.4230769230769231, 0.701]	[0.42838196286472147, 0.686, 0.5092838196286472, 0.704]	word-word	question-question	0.0968	-0.001	0.0159	0.003	0.0053	0.017	9
&	☐	[0.4124668435013263, 0.687, 0.4230769230769231, 0.701]	[0.3076923076923077, 0.687, 0.3249336870026525, 0.701]	no-link	question-question	0.1154	0.1048	0.0875	0.0	0.0	0.014	9
&	SAMPLING	[0.4124668435013263, 0.687, 0.4230769230769231, 0.701]	[0.3275862068965517, 0.687, 0.40848806366047746, 0.702]	no-link	question-question	0.0955	0.0849	0.004	0.0	-0.001	0.014	9
&	RACING	[0.4124668435013263, 0.687, 0.4230769230769231, 0.701]	[0.6392572944297082, 0.714, 0.7015915119363395, 0.728]	no-link	question-question	-0.2162	-0.2268	-0.2891	-0.027	-0.027	-0.013	9
&	SUPERVISOR	[0.4124668435013263, 0.687, 0.4230769230769231, 0.701]	[0.21087533156498675, 0.778, 0.356763925729443, 0.796]	no-link	question-question	0.2122	0.2016	0.0557	-0.091	-0.095	-0.077	9
☐	☐	[0.3076923076923077, 0.687, 0.3249336870026525, 0.701]	[0.6153846153846154, 0.684, 0.6339522546419099, 0.701]	question-question	question-question	0.3263	-0.003	0.3077	0.0	0.2905	0.014	12
☐	PREMIUMS	[0.3076923076923077, 0.687, 0.3249336870026525, 0.701]	[0.3275862068965517, 0.715, 0.40848806366047746, 0.73]	line-line	question-question	0.1008	0.028	0.0199	0.029	0.0027	0.043	12
☐	SAMPLING	[0.3076923076923077, 0.687, 0.3249336870026525, 0.701]	[0.3275862068965517, 0.687, 0.40848806366047746, 0.702]	word-word	question-question	0.1008	0.0	0.0199	0.001	0.0027	0.015	12
SAMPLING	&	[0.3275862068965517, 0.687, 0.40848806366047746, 0.702]	[0.4124668435013263, 0.687, 0.4230769230769231, 0.701]	word-word	question-question	0.0955	0.0	0.0849	-0.001	0.004	0.014	12
SAMPLING	OF	[0.3275862068965517, 0.687, 0.40848806366047746, 0.702]	[0.2625994694960212, 0.813, 0.2864721485411141, 0.831]	no-link	question-question	0.1459	0.065	0.0411	-0.126	-0.129	-0.111	12
SAMPLING	ALLWAYS	[0.3275862068965517, 0.687, 0.40848806366047746, 0.702]	[0.2891246684350133, 0.813, 0.3594164456233422, 0.831]	no-link	question-question	0.1194	0.0385	-0.0318	-0.126	-0.129	-0.111	12
&	PREMIUMS	[0.4124668435013263, 0.687, 0.4230769230769231, 0.701]	[0.42838196286472147, 0.686, 0.5092838196286472, 0.704]	word-word	question-question	0.0968	-0.001	0.0159	0.003	0.0053	0.017	12
&	OF	[0.4124668435013263, 0.687, 0.4230769230769231, 0.701]	[0.2625994694960212, 0.813, 0.2864721485411141, 0.831]	no-link	question-question	0.1605	0.1499	0.126	-0.126	-0.13	-0.112	12
&	ALLWAYS	[0.4124668435013263, 0.687, 0.4230769230769231, 0.701]	[0.2891246684350133, 0.813, 0.3594164456233422, 0.831]	no-link	question-question	0.134	0.1233	0.0531	-0.126	-0.13	-0.112	12
☐	SPECIFICS:	[0.3076923076923077, 0.687, 0.3249336870026525, 0.701]	[0.20954907161803712, 0.606, 0.33156498673740054, 0.626]	question-header	question-header	0.0239	-0.081	-0.0981	-0.075	-0.1154	-0.061	12
☐	ALLWAYS	[0.3076923076923077, 0.687, 0.3249336870026525, 0.701]	[0.2891246684350133, 0.813, 0.3594164456233422, 0.831]	no-link	question-question	0.0358	0.0186	-0.0517	-0.126	-0.13	-0.112	12
RACING	CAR	[0.6392572944297082, 0.714, 0.7015915119363395, 0.728]	[0.7042440318302388, 0.714, 0.7427055702917772, 0.729]	word-word	question-question	0.1034	0.0	0.065	0.001	0.0027	0.015	9
RACING	PREMIUMS	[0.6392572944297082, 0.714, 0.7015915119363395, 0.728]	[0.3275862068965517, 0.715, 0.40848806366047746, 0.73]	no-link	question-question	0.374	0.3117	0.2308	-0.001	-0.002	0.013	9
RACING	☐	[0.6392572944297082, 0.714, 0.7015915119363395, 0.728]	[0.616710875331565, 0.715, 0.636604774535809, 0.729]	no-link	question-question	0.0849	0.0225	0.0027	-0.001	-0.001	0.013	9
RACING	SUPERVISOR	[0.6392572944297082, 0.714, 0.7015915119363395, 0.728]	[0.21087533156498675, 0.778, 0.356763925729443, 0.796]	no-link	question-question	0.4907	0.4284	0.2825	-0.064	-0.068	-0.05	9
RACING	OF	[0.6392572944297082, 0.714, 0.7015915119363395, 0.728]	[0.2625994694960212, 0.813, 0.2864721485411141, 0.831]	no-link	question-question	0.439	0.3767	0.3528	-0.099	-0.103	-0.085	9
RACING	ALLWAYS	[0.6392572944297082, 0.714, 0.7015915119363395, 0.728]	[0.2891246684350133, 0.813, 0.3594164456233422, 0.831]	no-link	question-question	0.4125	0.3501	0.2798	-0.099	-0.103	-0.085	9
RACING	Jerome	[0.6392572944297082, 0.714, 0.7015915119363395, 0.728]	[0.4986737400530504, 0.813, 0.5596816976127321, 0.828]	no-link	question-answer	0.2029	0.1406	0.0796	-0.099	-0.1	-0.085	9
RACING	CAR	[0.6392572944297082, 0.714, 0.7015915119363395, 0.728]	[0.7042440318302388, 0.714, 0.7427055702917772, 0.729]	word-word	question-question	0.1034	0.0	0.065	0.001	0.0027	0.015	13
RACING	NAME	[0.6392572944297082, 0.714, 0.7015915119363395, 0.728]	[0.20689655172413793, 0.816, 0.25862068965517243, 0.829]	no-link	question-question	0.4947	0.4324	0.3806	-0.102	-0.101	-0.088	13
PREMIUMS	ONLY	[0.3275862068965517, 0.715, 0.40848806366047746, 0.73]	[0.41644562334217505, 0.716, 0.4588859416445623, 0.727]	word-word	question-question	0.1313	0.001	0.0889	-0.003	0.008	0.012	9
PREMIUMS	☐	[0.3275862068965517, 0.715, 0.40848806366047746, 0.73]	[0.616710875331565, 0.715, 0.636604774535809, 0.729]	no-link	question-question	-0.2082	-0.2891	-0.309	0.0	0.001	0.015	9
PREMIUMS	SUPERVISOR	[0.3275862068965517, 0.715, 0.40848806366047746, 0.73]	[0.21087533156498675, 0.778, 0.356763925729443, 0.796]	no-link	question-question	0.1976	0.1167	-0.0292	-0.063	-0.066	-0.048	9
PREMIUMS	OF	[0.3275862068965517, 0.715, 0.40848806366047746, 0.73]	[0.2625994694960212, 0.813, 0.2864721485411141, 0.831]	no-link	question-question	0.1459	0.065	0.0411	-0.098	-0.101	-0.083	9
PREMIUMS	ALLWAYS	[0.3275862068965517, 0.715, 0.40848806366047746, 0.73]	[0.2891246684350133, 0.813, 0.3594164456233422, 0.831]	no-link	question-question	0.1194	0.0385	-0.0318	-0.098	-0.101	-0.083	9
PREMIUMS	Jerome	[0.3275862068965517, 0.715, 0.40848806366047746, 0.73]	[0.4986737400530504, 0.813, 0.5596816976127321, 0.828]	no-link	question-answer	-0.0902	-0.1711	-0.2321	-0.098	-0.098	-0.083	9
PREMIUMS	NAME	[0.3275862068965517, 0.715, 0.40848806366047746, 0.73]	[0.20689655172413793, 0.816, 0.25862068965517243, 0.829]	no-link	question-question	0.2016	0.1207	0.069	-0.101	-0.099	-0.086	9
☐	RACING	[0.616710875331565, 0.715, 0.636604774535809, 0.729]	[0.6392572944297082, 0.714, 0.7015915119363395, 0.728]	word-word	question-question	0.0849	-0.001	0.0225	-0.001	0.0027	0.013	9
☐	Jerome	[0.616710875331565, 0.715, 0.636604774535809, 0.729]	[0.4986737400530504, 0.813, 0.5596816976127321, 0.828]	no-link	question-answer	0.1379	0.118	0.057	-0.098	-0.099	-0.084	9
☐	NAME	[0.616710875331565, 0.715, 0.636604774535809, 0.729]	[0.20689655172413793, 0.816, 0.25862068965517243, 0.829]	no-link	question-question	0.4297	0.4098	0.3581	-0.101	-0.1	-0.087	9
PREMIUMS	☐	[0.3275862068965517, 0.715, 0.40848806366047746, 0.73]	[0.616710875331565, 0.715, 0.636604774535809, 0.729]	question-question	question-question	0.309	0.0	0.2891	-0.001	0.2082	0.014	13
PREMIUMS	SUPERVISOR	[0.3275862068965517, 0.715, 0.40848806366047746, 0.73]	[0.21087533156498675, 0.778, 0.356763925729443, 0.796]	line-line	question-header	0.0292	0.063	-0.1167	0.066	-0.1976	0.081	13
PREMIUMS	BEEPER	[0.3275862068965517, 0.715, 0.40848806366047746, 0.73]	[0.5172413793103449, 0.841, 0.5742705570291777, 0.856]	no-link	question-question	-0.1088	-0.1897	-0.2467	-0.126	-0.126	-0.111	13
PREMIUMS	ONLY	[0.3275862068965517, 0.715, 0.40848806366047746, 0.73]	[0.41644562334217505, 0.716, 0.4588859416445623, 0.727]	word-word	question-question	0.1313	0.001	0.0889	-0.003	0.008	0.012	13
PREMIUMS	PHONE	[0.3275862068965517, 0.715, 0.40848806366047746, 0.73]	[0.21087533156498675, 0.844, 0.26790450928381965, 0.858]	no-link	question-question	0.1976	0.1167	0.0597	-0.129	-0.128	-0.114	13
PREMIUMS	☑	[0.3275862068965517, 0.715, 0.40848806366047746, 0.73]	[0.3050397877984085, 0.715, 0.3275862068965517, 0.729]	question-answer	question-answer	0.0	0.0	-0.0225	-0.001	-0.1034	0.014	13
PREMIUMS	SPECIFICS:	[0.3275862068965517, 0.715, 0.40848806366047746, 0.73]	[0.20954907161803712, 0.606, 0.33156498673740054, 0.626]	question-header	question-header	0.004	-0.109	-0.118	-0.104	-0.1989	-0.089	13
☐	RACING	[0.616710875331565, 0.715, 0.636604774535809, 0.729]	[0.6392572944297082, 0.714, 0.7015915119363395, 0.728]	word-word	question-question	0.0849	-0.001	0.0225	-0.001	0.0027	0.013	13
☐	BEEPER	[0.616710875331565, 0.715, 0.636604774535809, 0.729]	[0.5172413793103449, 0.841, 0.5742705570291777, 0.856]	no-link	question-question	0.1194	0.0995	0.0424	-0.126	-0.127	-0.112	13
☐	PHONE	[0.616710875331565, 0.715, 0.636604774535809, 0.729]	[0.21087533156498675, 0.844, 0.26790450928381965, 0.858]	no-link	question-question	0.4257	0.4058	0.3488	-0.129	-0.129	-0.115	13
☐	SPECIFICS:	[0.616710875331565, 0.715, 0.636604774535809, 0.729]	[0.20954907161803712, 0.606, 0.33156498673740054, 0.626]	question-header	question-header	-0.2851	-0.109	-0.4072	-0.103	-0.4271	-0.089	13
SUPERVISOR	NAME	[0.21087533156498675, 0.778, 0.356763925729443, 0.796]	[0.20689655172413793, 0.816, 0.25862068965517243, 0.829]	line-line	header-question	0.0477	0.038	-0.004	0.033	-0.1499	0.051	14
SUPERVISOR	OF	[0.21087533156498675, 0.778, 0.356763925729443, 0.796]	[0.2625994694960212, 0.813, 0.2864721485411141, 0.831]	no-link	header-question	0.0942	-0.0517	-0.0756	-0.035	-0.035	-0.017	14
SUPERVISOR	ALLWAYS	[0.21087533156498675, 0.778, 0.356763925729443, 0.796]	[0.2891246684350133, 0.813, 0.3594164456233422, 0.831]	no-link	header-question	0.0676	-0.0782	-0.1485	-0.035	-0.035	-0.017	14
SUPERVISOR	Jerome	[0.21087533156498675, 0.778, 0.356763925729443, 0.796]	[0.4986737400530504, 0.813, 0.5596816976127321, 0.828]	no-link	header-answer	-0.1419	-0.2878	-0.3488	-0.035	-0.032	-0.017	14
SUPERVISOR	BEEPER	[0.21087533156498675, 0.778, 0.356763925729443, 0.796]	[0.5172413793103449, 0.841, 0.5742705570291777, 0.856]	no-link	header-question	-0.1605	-0.3064	-0.3634	-0.063	-0.06	-0.045	14
SUPERVISOR	PHONE	[0.21087533156498675, 0.778, 0.356763925729443, 0.796]	[0.21087533156498675, 0.844, 0.26790450928381965, 0.858]	no-link	header-question	0.1459	0.0	-0.057	-0.066	-0.062	-0.048	14
SUPERVISOR	INFORMATION:	[0.21087533156498675, 0.778, 0.356763925729443, 0.796]	[0.363395225464191, 0.781, 0.5424403183023873, 0.796]	word-word	header-header	0.3316	0.003	0.1525	0.0	0.0066	0.018	14
SUPERVISOR	NAME	[0.21087533156498675, 0.778, 0.356763925729443, 0.796]	[0.20689655172413793, 0.816, 0.25862068965517243, 0.829]	header-question	header-question	0.0477	0.038	-0.004	0.033	-0.1499	0.051	14
SUPERVISOR	PHONE	[0.21087533156498675, 0.778, 0.356763925729443, 0.796]	[0.21087533156498675, 0.844, 0.26790450928381965, 0.858]	header-question	header-question	0.057	0.066	0.0	0.062	-0.1459	0.08	14
SUPERVISOR	BEEPER	[0.21087533156498675, 0.778, 0.356763925729443, 0.796]	[0.5172413793103449, 0.841, 0.5742705570291777, 0.856]	header-question	header-question	0.3634	0.063	0.3064	0.06	0.1605	0.078	14
SUPERVISOR	INFORMATION:	[0.21087533156498675, 0.778, 0.356763925729443, 0.796]	[0.363395225464191, 0.781, 0.5424403183023873, 0.796]	word-word	header-header	0.3316	0.003	0.1525	0.0	0.0066	0.018	15
OF	ALLWAYS	[0.2625994694960212, 0.813, 0.2864721485411141, 0.831]	[0.2891246684350133, 0.813, 0.3594164456233422, 0.831]	word-word	question-question	0.0968	0.0	0.0265	0.0	0.0027	0.018	14
OF	Jerome	[0.2625994694960212, 0.813, 0.2864721485411141, 0.831]	[0.4986737400530504, 0.813, 0.5596816976127321, 0.828]	no-link	question-answer	-0.2122	-0.2361	-0.2971	0.0	0.003	0.018	14
OF	NAME	[0.2625994694960212, 0.813, 0.2864721485411141, 0.831]	[0.20689655172413793, 0.816, 0.25862068965517243, 0.829]	no-link	question-question	0.0796	0.0557	0.004	-0.003	0.002	0.015	14
OF	BEEPER	[0.2625994694960212, 0.813, 0.2864721485411141, 0.831]	[0.5172413793103449, 0.841, 0.5742705570291777, 0.856]	no-link	question-question	-0.2308	-0.2546	-0.3117	-0.028	-0.025	-0.01	14
OF	PHONE	[0.2625994694960212, 0.813, 0.2864721485411141, 0.831]	[0.21087533156498675, 0.844, 0.26790450928381965, 0.858]	no-link	question-question	0.0756	0.0517	-0.0053	-0.031	-0.027	-0.013	14
ALLWAYS	SUPERVISOR:	[0.2891246684350133, 0.813, 0.3594164456233422, 0.831]	[0.3594164456233422, 0.813, 0.4588859416445623, 0.831]	word-word	question-question	0.1698	0.0	0.0703	0.0	0.0	0.018	14
ALLWAYS	Jerome	[0.2891246684350133, 0.813, 0.3594164456233422, 0.831]	[0.4986737400530504, 0.813, 0.5596816976127321, 0.828]	no-link	question-answer	-0.1393	-0.2095	-0.2706	0.0	0.003	0.018	14
ALLWAYS	NAME	[0.2891246684350133, 0.813, 0.3594164456233422, 0.831]	[0.20689655172413793, 0.816, 0.25862068965517243, 0.829]	no-link	question-question	0.1525	0.0822	0.0305	-0.003	0.002	0.015	14
ALLWAYS	BEEPER	[0.2891246684350133, 0.813, 0.3594164456233422, 0.831]	[0.5172413793103449, 0.841, 0.5742705570291777, 0.856]	no-link	question-question	-0.1578	-0.2281	-0.2851	-0.028	-0.025	-0.01	14
ALLWAYS	PHONE	[0.2891246684350133, 0.813, 0.3594164456233422, 0.831]	[0.21087533156498675, 0.844, 0.26790450928381965, 0.858]	no-link	question-question	0.1485	0.0782	0.0212	-0.031	-0.027	-0.013	14
OF	ALLWAYS	[0.2625994694960212, 0.813, 0.2864721485411141, 0.831]	[0.2891246684350133, 0.813, 0.3594164456233422, 0.831]	word-word	question-question	0.0968	0.0	0.0265	0.0	0.0027	0.018	15
ALLWAYS	SUPERVISOR:	[0.2891246684350133, 0.813, 0.3594164456233422, 0.831]	[0.3594164456233422, 0.813, 0.4588859416445623, 0.831]	word-word	question-question	0.1698	0.0	0.0703	0.0	0.0	0.018	15
Jerome	Curry	[0.4986737400530504, 0.813, 0.5596816976127321, 0.828]	[0.5649867374005305, 0.813, 0.6114058355437666, 0.83]	word-word	answer-answer	0.1127	0.0	0.0663	0.002	0.0053	0.017	15
Jerome	NAME	[0.4986737400530504, 0.813, 0.5596816976127321, 0.828]	[0.20689655172413793, 0.816, 0.25862068965517243, 0.829]	no-link	answer-question	0.3528	0.2918	0.2401	-0.003	-0.001	0.012	15
Jerome	BEEPER	[0.4986737400530504, 0.813, 0.5596816976127321, 0.828]	[0.5172413793103449, 0.841, 0.5742705570291777, 0.856]	no-link	answer-question	0.0424	-0.0186	-0.0756	-0.028	-0.028	-0.013	15
Jerome	PHONE	[0.4986737400530504, 0.813, 0.5596816976127321, 0.828]	[0.21087533156498675, 0.844, 0.26790450928381965, 0.858]	no-link	answer-question	0.3488	0.2878	0.2308	-0.031	-0.03	-0.016	15
NAME	OF	[0.20689655172413793, 0.816, 0.25862068965517243, 0.829]	[0.2625994694960212, 0.813, 0.2864721485411141, 0.831]	word-word	question-question	0.0796	-0.003	0.0557	0.002	0.004	0.015	14
NAME	BEEPER	[0.20689655172413793, 0.816, 0.25862068965517243, 0.829]	[0.5172413793103449, 0.841, 0.5742705570291777, 0.856]	no-link	question-question	-0.2586	-0.3103	-0.3674	-0.025	-0.027	-0.012	14
NAME	PHONE	[0.20689655172413793, 0.816, 0.25862068965517243, 0.829]	[0.21087533156498675, 0.844, 0.26790450928381965, 0.858]	no-link	question-question	0.0477	-0.004	-0.061	-0.028	-0.029	-0.015	14
NAME	OF	[0.20689655172413793, 0.816, 0.25862068965517243, 0.829]	[0.2625994694960212, 0.813, 0.2864721485411141, 0.831]	word-word	question-question	0.0796	-0.003	0.0557	0.002	0.004	0.015	15
NAME	SUPERVISOR	[0.20689655172413793, 0.816, 0.25862068965517243, 0.829]	[0.21087533156498675, 0.778, 0.356763925729443, 0.796]	question-header	question-header	0.1499	-0.038	0.004	-0.033	-0.0477	-0.02	15
NAME	Jerome	[0.20689655172413793, 0.816, 0.25862068965517243, 0.829]	[0.4986737400530504, 0.813, 0.5596816976127321, 0.828]	question-answer	question-answer	0.3528	-0.003	0.2918	-0.001	0.2401	0.012	15
BEEPER	NUMBER:	[0.5172413793103449, 0.841, 0.5742705570291777, 0.856]	[0.5782493368700266, 0.841, 0.6525198938992043, 0.856]	word-word	question-question	0.1353	0.0	0.061	0.0	0.004	0.015	14
PHONE	NUMBER	[0.21087533156498675, 0.844, 0.26790450928381965, 0.858]	[0.27453580901856767, 0.844, 0.3448275862068966, 0.859]	word-word	question-question	0.134	0.0	0.0637	0.001	0.0066	0.015	14
