TO:	DATE	[0.1273209549071618, 0.127, 0.15915119363395225, 0.141]	[0.6684350132625995, 0.128, 0.713527851458886, 0.141]	question-question	question-question	0.5862	0.001	0.5411	0.0	0.5093	0.014	0
TO:	K.	[0.1273209549071618, 0.127, 0.15915119363395225, 0.141]	[0.3037135278514589, 0.127, 0.32360742705570295, 0.141]	no-link	question-answer	-0.1446	-0.1764	-0.1963	0.0	0.0	0.014	0
TO:	A.	[0.1273209549071618, 0.127, 0.15915119363395225, 0.141]	[0.32360742705570295, 0.128, 0.34084880636604775, 0.141]	no-link	question-answer	-0.1645	-0.1963	-0.2135	-0.001	0.0	0.013	0
TO:	TO	[0.1273209549071618, 0.127, 0.15915119363395225, 0.141]	[0.713527851458886, 0.128, 0.7360742705570292, 0.141]	no-link	question-question	-0.5544	-0.5862	-0.6088	-0.001	0.0	0.013	0
TO:	FROM:	[0.1273209549071618, 0.127, 0.15915119363395225, 0.141]	[0.1273209549071618, 0.154, 0.1830238726790451, 0.169]	no-link	question-question	0.0318	0.0	-0.0557	-0.027	-0.028	-0.013	0
TO:	NAME/	[0.1273209549071618, 0.127, 0.15915119363395225, 0.141]	[0.16710875331564987, 0.18, 0.22679045092838196, 0.195]	no-link	question-question	-0.008	-0.0398	-0.0995	-0.053	-0.054	-0.039	0
TO:	DIV.	[0.1273209549071618, 0.127, 0.15915119363395225, 0.141]	[0.1273209549071618, 0.182, 0.16445623342175067, 0.196]	no-link	question-header	0.0318	0.0	-0.0371	-0.055	-0.055	-0.041	0
TO:	SPECIAL	[0.1273209549071618, 0.127, 0.15915119363395225, 0.141]	[0.3740053050397878, 0.235, 0.4403183023872679, 0.25]	no-link	question-question	-0.2149	-0.2467	-0.313	-0.108	-0.109	-0.094	0
TO:	EVENT	[0.1273209549071618, 0.127, 0.15915119363395225, 0.141]	[0.4442970822281167, 0.235, 0.5013262599469496, 0.249]	no-link	question-header	-0.2851	-0.317	-0.374	-0.108	-0.108	-0.094	0
TO:	FROM:	[0.1273209549071618, 0.127, 0.15915119363395225, 0.141]	[0.1273209549071618, 0.154, 0.1830238726790451, 0.169]	line-line	question-question	0.0557	0.027	0.0	0.028	-0.0318	0.042	0
TO:	K.	[0.1273209549071618, 0.127, 0.15915119363395225, 0.141]	[0.3037135278514589, 0.127, 0.32360742705570295, 0.141]	question-answer	question-answer	0.1963	0.0	0.1764	0.0	0.1446	0.014	0
TO:	REQUEST	[0.1273209549071618, 0.127, 0.15915119363395225, 0.141]	[0.5053050397877984, 0.236, 0.5795755968169761, 0.25]	no-link	question-header	-0.3462	-0.378	-0.4523	-0.109	-0.109	-0.095	0
K.	A.	[0.3037135278514589, 0.127, 0.32360742705570295, 0.141]	[0.32360742705570295, 0.128, 0.34084880636604775, 0.141]	word-word	answer-answer	0.0371	0.001	0.0199	0.0	0.0	0.014	0
K.	DATE	[0.3037135278514589, 0.127, 0.32360742705570295, 0.141]	[0.6684350132625995, 0.128, 0.713527851458886, 0.141]	no-link	answer-question	-0.3448	-0.3647	-0.4098	-0.001	0.0	0.013	0
K.	TO	[0.3037135278514589, 0.127, 0.32360742705570295, 0.141]	[0.713527851458886, 0.128, 0.7360742705570292, 0.141]	no-link	answer-question	-0.3899	-0.4098	-0.4324	-0.001	0.0	0.013	0
K.	FROM:	[0.3037135278514589, 0.127, 0.32360742705570295, 0.141]	[0.1273209549071618, 0.154, 0.1830238726790451, 0.169]	no-link	answer-question	0.1963	0.1764	0.1207	-0.027	-0.028	-0.013	0
K.	NAME/	[0.3037135278514589, 0.127, 0.32360742705570295, 0.141]	[0.16710875331564987, 0.18, 0.22679045092838196, 0.195]	no-link	answer-question	0.1565	0.1366	0.0769	-0.053	-0.054	-0.039	0
K.	DIV.	[0.3037135278514589, 0.127, 0.32360742705570295, 0.141]	[0.1273209549071618, 0.182, 0.16445623342175067, 0.196]	no-link	answer-header	0.1963	0.1764	0.1393	-0.055	-0.055	-0.041	0
K.	SPECIAL	[0.3037135278514589, 0.127, 0.32360742705570295, 0.141]	[0.3740053050397878, 0.235, 0.4403183023872679, 0.25]	no-link	answer-question	-0.0504	-0.0703	-0.1366	-0.108	-0.109	-0.094	0
K.	EVENT	[0.3037135278514589, 0.127, 0.32360742705570295, 0.141]	[0.4442970822281167, 0.235, 0.5013262599469496, 0.249]	no-link	answer-header	-0.1207	-0.1406	-0.1976	-0.108	-0.108	-0.094	0
K.	REQUEST	[0.3037135278514589, 0.127, 0.32360742705570295, 0.141]	[0.5053050397877984, 0.236, 0.5795755968169761, 0.25]	no-link	answer-header	-0.1817	-0.2016	-0.2759	-0.109	-0.109	-0.095	0
A.	SPARROW	[0.32360742705570295, 0.128, 0.34084880636604775, 0.141]	[0.3421750663129973, 0.126, 0.4204244031830239, 0.14]	word-word	answer-answer	0.0968	-0.002	0.0186	-0.001	0.0013	0.012	0
A.	TO	[0.32360742705570295, 0.128, 0.34084880636604775, 0.141]	[0.713527851458886, 0.128, 0.7360742705570292, 0.141]	no-link	answer-question	-0.3727	-0.3899	-0.4125	0.0	0.0	0.013	0
A.	FROM:	[0.32360742705570295, 0.128, 0.34084880636604775, 0.141]	[0.1273209549071618, 0.154, 0.1830238726790451, 0.169]	no-link	answer-question	0.2135	0.1963	0.1406	-0.026	-0.028	-0.013	0
A.	NAME/	[0.32360742705570295, 0.128, 0.34084880636604775, 0.141]	[0.16710875331564987, 0.18, 0.22679045092838196, 0.195]	no-link	answer-question	0.1737	0.1565	0.0968	-0.052	-0.054	-0.039	0
A.	DIV.	[0.32360742705570295, 0.128, 0.34084880636604775, 0.141]	[0.1273209549071618, 0.182, 0.16445623342175067, 0.196]	no-link	answer-header	0.2135	0.1963	0.1592	-0.054	-0.055	-0.041	0
A.	SPECIAL	[0.32360742705570295, 0.128, 0.34084880636604775, 0.141]	[0.3740053050397878, 0.235, 0.4403183023872679, 0.25]	no-link	answer-question	-0.0332	-0.0504	-0.1167	-0.107	-0.109	-0.094	0
A.	EVENT	[0.32360742705570295, 0.128, 0.34084880636604775, 0.141]	[0.4442970822281167, 0.235, 0.5013262599469496, 0.249]	no-link	answer-header	-0.1034	-0.1207	-0.1777	-0.107	-0.108	-0.094	0
A.	REQUEST	[0.32360742705570295, 0.128, 0.34084880636604775, 0.141]	[0.5053050397877984, 0.236, 0.5795755968169761, 0.25]	no-link	answer-header	-0.1645	-0.1817	-0.256	-0.108	-0.109	-0.095	0
DATE	TO	[0.6684350132625995, 0.128, 0.713527851458886, 0.141]	[0.713527851458886, 0.128, 0.7360742705570292, 0.141]	word-word	question-question	0.0676	0.0	0.0451	0.0	0.0	0.013	0
DATE	FROM:	[0.6684350132625995, 0.128, 0.713527851458886, 0.141]	[0.1273209549071618, 0.154, 0.1830238726790451, 0.169]	no-link	question-question	0.5862	0.5411	0.4854	-0.026	-0.028	-0.013	0
DATE	NAME/	[0.6684350132625995, 0.128, 0.713527851458886, 0.141]	[0.16710875331564987, 0.18, 0.22679045092838196, 0.195]	no-link	question-question	0.5464	0.5013	0.4416	-0.052	-0.054	-0.039	0
DATE	DIV.	[0.6684350132625995, 0.128, 0.713527851458886, 0.141]	[0.1273209549071618, 0.182, 0.16445623342175067, 0.196]	no-link	question-header	0.5862	0.5411	0.504	-0.054	-0.055	-0.041	0
DATE	SPECIAL	[0.6684350132625995, 0.128, 0.713527851458886, 0.141]	[0.3740053050397878, 0.235, 0.4403183023872679, 0.25]	no-link	question-question	0.3395	0.2944	0.2281	-0.107	-0.109	-0.094	0
DATE	EVENT	[0.6684350132625995, 0.128, 0.713527851458886, 0.141]	[0.4442970822281167, 0.235, 0.5013262599469496, 0.249]	no-link	question-header	0.2692	0.2241	0.1671	-0.107	-0.108	-0.094	0
DATE	REQUEST	[0.6684350132625995, 0.128, 0.713527851458886, 0.141]	[0.5053050397877984, 0.236, 0.5795755968169761, 0.25]	no-link	question-header	0.2082	0.1631	0.0889	-0.108	-0.109	-0.095	0
TO	NYO:	[0.713527851458886, 0.128, 0.7360742705570292, 0.141]	[0.7347480106100795, 0.127, 0.7771883289124668, 0.14]	word-word	question-question	0.0637	-0.001	0.0212	-0.001	-0.0013	0.012	0
TO	NAME/	[0.713527851458886, 0.128, 0.7360742705570292, 0.141]	[0.16710875331564987, 0.18, 0.22679045092838196, 0.195]	no-link	question-question	0.569	0.5464	0.4867	-0.052	-0.054	-0.039	0
TO	DIV.	[0.713527851458886, 0.128, 0.7360742705570292, 0.141]	[0.1273209549071618, 0.182, 0.16445623342175067, 0.196]	no-link	question-header	0.6088	0.5862	0.5491	-0.054	-0.055	-0.041	0
TO	SPECIAL	[0.713527851458886, 0.128, 0.7360742705570292, 0.141]	[0.3740053050397878, 0.235, 0.4403183023872679, 0.25]	no-link	question-question	0.3621	0.3395	0.2732	-0.107	-0.109	-0.094	0
TO	EVENT	[0.713527851458886, 0.128, 0.7360742705570292, 0.141]	[0.4442970822281167, 0.235, 0.5013262599469496, 0.249]	no-link	question-header	0.2918	0.2692	0.2122	-0.107	-0.108	-0.094	0
TO	REQUEST	[0.713527851458886, 0.128, 0.7360742705570292, 0.141]	[0.5053050397877984, 0.236, 0.5795755968169761, 0.25]	no-link	question-header	0.2308	0.2082	0.134	-0.108	-0.109	-0.095	0
TO	NAME	[0.713527851458886, 0.128, 0.7360742705570292, 0.141]	[0.1246684350132626, 0.289, 0.17904509283819628, 0.302]	no-link	question-question	0.6114	0.5889	0.5345	-0.161	-0.161	-0.148	0
FROM:	DIV.	[0.1273209549071618, 0.154, 0.1830238726790451, 0.169]	[0.1273209549071618, 0.182, 0.16445623342175067, 0.196]	line-line	question-question	0.0371	0.028	0.0	0.027	-0.0557	0.042	1
FROM:	SPECIAL	[0.1273209549071618, 0.154, 0.1830238726790451, 0.169]	[0.3740053050397878, 0.235, 0.4403183023872679, 0.25]	no-link	question-question	-0.191	-0.2467	-0.313	-0.081	-0.081	-0.066	1
FROM:	EVENT	[0.1273209549071618, 0.154, 0.1830238726790451, 0.169]	[0.4442970822281167, 0.235, 0.5013262599469496, 0.249]	no-link	question-header	-0.2613	-0.317	-0.374	-0.081	-0.08	-0.066	1
FROM:	REQUEST	[0.1273209549071618, 0.154, 0.1830238726790451, 0.169]	[0.5053050397877984, 0.236, 0.5795755968169761, 0.25]	no-link	question-header	-0.3223	-0.378	-0.4523	-0.082	-0.081	-0.067	1
FROM:	NAME	[0.1273209549071618, 0.154, 0.1830238726790451, 0.169]	[0.1246684350132626, 0.289, 0.17904509283819628, 0.302]	no-link	question-question	0.0584	0.0027	-0.0517	-0.135	-0.133	-0.12	1
FROM:	OF	[0.1273209549071618, 0.154, 0.1830238726790451, 0.169]	[0.1816976127320955, 0.289, 0.20424403183023873, 0.303]	no-link	question-question	0.0013	-0.0544	-0.0769	-0.135	-0.134	-0.12	1
NAME/	NO:	[0.16710875331564987, 0.18, 0.22679045092838196, 0.195]	[0.22546419098143236, 0.18, 0.25862068965517243, 0.194]	word-word	question-question	0.0915	0.0	0.0584	-0.001	-0.0013	0.014	2
NAME/	DIV.	[0.16710875331564987, 0.18, 0.22679045092838196, 0.195]	[0.1273209549071618, 0.182, 0.16445623342175067, 0.196]	no-link	question-question	0.0995	0.0398	0.0027	-0.002	-0.001	0.013	2
NAME/	SPECIAL	[0.16710875331564987, 0.18, 0.22679045092838196, 0.195]	[0.3740053050397878, 0.235, 0.4403183023872679, 0.25]	no-link	question-question	-0.1472	-0.2069	-0.2732	-0.055	-0.055	-0.04	2
NAME/	EVENT	[0.16710875331564987, 0.18, 0.22679045092838196, 0.195]	[0.4442970822281167, 0.235, 0.5013262599469496, 0.249]	no-link	question-header	-0.2175	-0.2772	-0.3342	-0.055	-0.054	-0.04	2
NAME/	REQUEST	[0.16710875331564987, 0.18, 0.22679045092838196, 0.195]	[0.5053050397877984, 0.236, 0.5795755968169761, 0.25]	no-link	question-header	-0.2785	-0.3382	-0.4125	-0.056	-0.055	-0.041	2
NAME/	NAME	[0.16710875331564987, 0.18, 0.22679045092838196, 0.195]	[0.1246684350132626, 0.289, 0.17904509283819628, 0.302]	no-link	question-question	0.1021	0.0424	-0.0119	-0.109	-0.107	-0.094	2
NAME/	OF	[0.16710875331564987, 0.18, 0.22679045092838196, 0.195]	[0.1816976127320955, 0.289, 0.20424403183023873, 0.303]	no-link	question-question	0.0451	-0.0146	-0.0371	-0.109	-0.108	-0.094	2
DIV.	SPECIAL	[0.1273209549071618, 0.182, 0.16445623342175067, 0.196]	[0.3740053050397878, 0.235, 0.4403183023872679, 0.25]	line-line	question-header	0.313	0.053	0.2467	0.054	0.2095	0.068	2
DIV.	EVENT	[0.1273209549071618, 0.182, 0.16445623342175067, 0.196]	[0.4442970822281167, 0.235, 0.5013262599469496, 0.249]	no-link	question-header	-0.2798	-0.317	-0.374	-0.053	-0.053	-0.039	2
DIV.	REQUEST	[0.1273209549071618, 0.182, 0.16445623342175067, 0.196]	[0.5053050397877984, 0.236, 0.5795755968169761, 0.25]	no-link	question-header	-0.3408	-0.378	-0.4523	-0.054	-0.054	-0.04	2
DIV.	NAME	[0.1273209549071618, 0.182, 0.16445623342175067, 0.196]	[0.1246684350132626, 0.289, 0.17904509283819628, 0.302]	no-link	question-question	0.0398	0.0027	-0.0517	-0.107	-0.106	-0.093	2
DIV.	OF	[0.1273209549071618, 0.182, 0.16445623342175067, 0.196]	[0.1816976127320955, 0.289, 0.20424403183023873, 0.303]	no-link	question-question	-0.0172	-0.0544	-0.0769	-0.107	-0.107	-0.093	2
DIV.	NAME/	[0.1273209549071618, 0.182, 0.16445623342175067, 0.196]	[0.16710875331564987, 0.18, 0.22679045092838196, 0.195]	word-word	question-question	0.0995	-0.002	0.0398	-0.001	0.0027	0.013	2
SPECIAL	NAME	[0.3740053050397878, 0.235, 0.4403183023872679, 0.25]	[0.1246684350132626, 0.289, 0.17904509283819628, 0.302]	line-line	header-question	-0.195	0.054	-0.2493	0.052	-0.3156	0.067	3
SPECIAL	EVENT	[0.3740053050397878, 0.235, 0.4403183023872679, 0.25]	[0.4442970822281167, 0.235, 0.5013262599469496, 0.249]	no-link	header-header	-0.004	-0.0703	-0.1273	0.0	0.001	0.015	3
SPECIAL	REQUEST	[0.3740053050397878, 0.235, 0.4403183023872679, 0.25]	[0.5053050397877984, 0.236, 0.5795755968169761, 0.25]	no-link	header-header	-0.065	-0.1313	-0.2056	-0.001	0.0	0.014	3
SPECIAL	OF	[0.3740053050397878, 0.235, 0.4403183023872679, 0.25]	[0.1816976127320955, 0.289, 0.20424403183023873, 0.303]	no-link	header-question	0.2586	0.1923	0.1698	-0.054	-0.053	-0.039	3
SPECIAL	EVENT	[0.3740053050397878, 0.235, 0.4403183023872679, 0.25]	[0.4442970822281167, 0.235, 0.5013262599469496, 0.249]	word-word	header-header	0.1273	0.0	0.0703	-0.001	0.004	0.014	3
EVENT	REQUEST	[0.4442970822281167, 0.235, 0.5013262599469496, 0.249]	[0.5053050397877984, 0.236, 0.5795755968169761, 0.25]	word-word	header-header	0.1353	0.001	0.061	0.001	0.004	0.015	3
EVENT	SPECIAL	[0.4442970822281167, 0.235, 0.5013262599469496, 0.249]	[0.3740053050397878, 0.235, 0.4403183023872679, 0.25]	no-link	header-question	0.1273	0.0703	0.004	0.0	-0.001	0.014	3
EVENT	NAME	[0.4442970822281167, 0.235, 0.5013262599469496, 0.249]	[0.1246684350132626, 0.289, 0.17904509283819628, 0.302]	no-link	header-question	0.3767	0.3196	0.2653	-0.054	-0.053	-0.04	3
EVENT	OF	[0.4442970822281167, 0.235, 0.5013262599469496, 0.249]	[0.1816976127320955, 0.289, 0.20424403183023873, 0.303]	no-link	header-question	0.3196	0.2626	0.2401	-0.054	-0.054	-0.04	3
SPECIAL	NAME	[0.3740053050397878, 0.235, 0.4403183023872679, 0.25]	[0.1246684350132626, 0.289, 0.17904509283819628, 0.302]	header-question	header-question	-0.195	0.054	-0.2493	0.052	-0.3156	0.067	3
SPECIAL	DATE	[0.3740053050397878, 0.235, 0.4403183023872679, 0.25]	[0.13395225464190982, 0.316, 0.1843501326259947, 0.33]	no-link	header-question	0.3064	0.2401	0.1897	-0.081	-0.08	-0.066	3
SPECIAL	*	[0.3740053050397878, 0.235, 0.4403183023872679, 0.25]	[0.1246684350132626, 0.317, 0.13527851458885942, 0.325]	header-question	header-question	-0.2387	0.082	-0.2493	0.075	-0.3156	0.09	3
SPECIAL	SAMPLES/	[0.3740053050397878, 0.235, 0.4403183023872679, 0.25]	[0.1246684350132626, 0.369, 0.20954907161803712, 0.383]	header-question	header-question	-0.1645	0.134	-0.2493	0.133	-0.3156	0.148	3
SPECIAL	EVENT	[0.3740053050397878, 0.235, 0.4403183023872679, 0.25]	[0.4442970822281167, 0.235, 0.5013262599469496, 0.249]	word-word	header-header	0.1273	0.0	0.0703	-0.001	0.004	0.014	4
EVENT	REQUEST	[0.4442970822281167, 0.235, 0.5013262599469496, 0.249]	[0.5053050397877984, 0.236, 0.5795755968169761, 0.25]	word-word	header-header	0.1353	0.001	0.061	0.001	0.004	0.015	4
EVENT	DATE	[0.4442970822281167, 0.235, 0.5013262599469496, 0.249]	[0.13395225464190982, 0.316, 0.1843501326259947, 0.33]	no-link	header-question	0.3674	0.3103	0.2599	-0.081	-0.081	-0.067	4
EVENT	*	[0.4442970822281167, 0.235, 0.5013262599469496, 0.249]	[0.1246684350132626, 0.317, 0.13527851458885942, 0.325]	no-link	header-question	0.3767	0.3196	0.309	-0.082	-0.076	-0.068	4
SPECIAL	EVENT	[0.3740053050397878, 0.235, 0.4403183023872679, 0.25]	[0.4442970822281167, 0.235, 0.5013262599469496, 0.249]	word-word	header-header	0.1273	0.0	0.0703	-0.001	0.004	0.014	5
EVENT	REQUEST	[0.4442970822281167, 0.235, 0.5013262599469496, 0.249]	[0.5053050397877984, 0.236, 0.5795755968169761, 0.25]	word-word	header-header	0.1353	0.001	0.061	0.001	0.004	0.015	5
EVENT	SAMPLES/	[0.4442970822281167, 0.235, 0.5013262599469496, 0.249]	[0.1246684350132626, 0.369, 0.20954907161803712, 0.383]	no-link	header-question	0.3767	0.3196	0.2347	-0.134	-0.134	-0.12	5
SPECIAL	EVENT	[0.3740053050397878, 0.235, 0.4403183023872679, 0.25]	[0.4442970822281167, 0.235, 0.5013262599469496, 0.249]	word-word	header-header	0.1273	0.0	0.0703	-0.001	0.004	0.014	6
SPECIAL	ITEMS	[0.3740053050397878, 0.235, 0.4403183023872679, 0.25]	[0.21352785145888595, 0.369, 0.2639257294429708, 0.383]	no-link	header-question	0.2268	0.1605	0.1101	-0.134	-0.133	-0.119	6
EVENT	REQUEST	[0.4442970822281167, 0.235, 0.5013262599469496, 0.249]	[0.5053050397877984, 0.236, 0.5795755968169761, 0.25]	word-word	header-header	0.1353	0.001	0.061	0.001	0.004	0.015	6
EVENT	ITEMS	[0.4442970822281167, 0.235, 0.5013262599469496, 0.249]	[0.21352785145888595, 0.369, 0.2639257294429708, 0.383]	no-link	header-question	0.2878	0.2308	0.1804	-0.134	-0.134	-0.12	6
REQUEST	FORM	[0.5053050397877984, 0.236, 0.5795755968169761, 0.25]	[0.583554376657825, 0.236, 0.6339522546419099, 0.249]	word-word	header-header	0.1286	0.0	0.0782	-0.001	0.004	0.013	3
REQUEST	NAME	[0.5053050397877984, 0.236, 0.5795755968169761, 0.25]	[0.1246684350132626, 0.289, 0.17904509283819628, 0.302]	no-link	header-question	0.4549	0.3806	0.3263	-0.053	-0.052	-0.039	3
REQUEST	OF	[0.5053050397877984, 0.236, 0.5795755968169761, 0.25]	[0.1816976127320955, 0.289, 0.20424403183023873, 0.303]	no-link	header-question	0.3979	0.3236	0.3011	-0.053	-0.053	-0.039	3
REQUEST	DATE	[0.5053050397877984, 0.236, 0.5795755968169761, 0.25]	[0.13395225464190982, 0.316, 0.1843501326259947, 0.33]	no-link	header-question	0.4456	0.3714	0.321	-0.08	-0.08	-0.066	3
REQUEST	*	[0.5053050397877984, 0.236, 0.5795755968169761, 0.25]	[0.1246684350132626, 0.317, 0.13527851458885942, 0.325]	no-link	header-question	0.4549	0.3806	0.37	-0.081	-0.075	-0.067	3
REQUEST	SAMPLES/	[0.5053050397877984, 0.236, 0.5795755968169761, 0.25]	[0.1246684350132626, 0.369, 0.20954907161803712, 0.383]	no-link	header-question	0.4549	0.3806	0.2958	-0.133	-0.133	-0.119	3
REQUEST	ITEMS	[0.5053050397877984, 0.236, 0.5795755968169761, 0.25]	[0.21352785145888595, 0.369, 0.2639257294429708, 0.383]	no-link	header-question	0.366	0.2918	0.2414	-0.133	-0.133	-0.119	3
REQUEST	FORM	[0.5053050397877984, 0.236, 0.5795755968169761, 0.25]	[0.583554376657825, 0.236, 0.6339522546419099, 0.249]	word-word	header-header	0.1286	0.0	0.0782	-0.001	0.004	0.013	4
REQUEST	FORM	[0.5053050397877984, 0.236, 0.5795755968169761, 0.25]	[0.583554376657825, 0.236, 0.6339522546419099, 0.249]	word-word	header-header	0.1286	0.0	0.0782	-0.001	0.004	0.013	5
REQUEST	FORM	[0.5053050397877984, 0.236, 0.5795755968169761, 0.25]	[0.583554376657825, 0.236, 0.6339522546419099, 0.249]	word-word	header-header	0.1286	0.0	0.0782	-0.001	0.004	0.013	6
REQUEST	SAMPLE	[0.5053050397877984, 0.236, 0.5795755968169761, 0.25]	[0.3793103448275862, 0.369, 0.4416445623342175, 0.384]	no-link	header-answer	0.2003	0.126	0.0637	-0.133	-0.134	-0.119	6
NAME	OF	[0.1246684350132626, 0.289, 0.17904509283819628, 0.302]	[0.1816976127320955, 0.289, 0.20424403183023873, 0.303]	word-word	question-question	0.0796	0.0	0.057	0.001	0.0027	0.014	3
NAME	DATE	[0.1246684350132626, 0.289, 0.17904509283819628, 0.302]	[0.13395225464190982, 0.316, 0.1843501326259947, 0.33]	no-link	question-question	0.0451	-0.0093	-0.0597	-0.027	-0.028	-0.014	3
NAME	*	[0.1246684350132626, 0.289, 0.17904509283819628, 0.302]	[0.1246684350132626, 0.317, 0.13527851458885942, 0.325]	no-link	question-question	0.0544	0.0	-0.0106	-0.028	-0.023	-0.015	3
NAME	SAMPLES/	[0.1246684350132626, 0.289, 0.17904509283819628, 0.302]	[0.1246684350132626, 0.369, 0.20954907161803712, 0.383]	no-link	question-question	0.0544	0.0	-0.0849	-0.08	-0.081	-0.067	3
NAME	ITEMS	[0.1246684350132626, 0.289, 0.17904509283819628, 0.302]	[0.21352785145888595, 0.369, 0.2639257294429708, 0.383]	no-link	question-question	-0.0345	-0.0889	-0.1393	-0.08	-0.081	-0.067	3
NAME	SAMPLE	[0.1246684350132626, 0.289, 0.17904509283819628, 0.302]	[0.3793103448275862, 0.369, 0.4416445623342175, 0.384]	no-link	question-answer	-0.2003	-0.2546	-0.317	-0.08	-0.082	-0.067	3
NAME	PACKS	[0.1246684350132626, 0.289, 0.17904509283819628, 0.302]	[0.5039787798408488, 0.369, 0.5543766578249337, 0.384]	no-link	question-answer	-0.3249	-0.3793	-0.4297	-0.08	-0.082	-0.067	3
OF	EVENT:	[0.1816976127320955, 0.289, 0.20424403183023873, 0.303]	[0.20557029177718833, 0.289, 0.26657824933687, 0.304]	word-word	question-question	0.0849	0.0	0.0239	0.001	0.0013	0.015	3
OF	NAME	[0.1816976127320955, 0.289, 0.20424403183023873, 0.303]	[0.1246684350132626, 0.289, 0.17904509283819628, 0.302]	no-link	question-question	0.0796	0.057	0.0027	0.0	0.001	0.014	3
OF	DATE	[0.1816976127320955, 0.289, 0.20424403183023873, 0.303]	[0.13395225464190982, 0.316, 0.1843501326259947, 0.33]	no-link	question-question	0.0703	0.0477	-0.0027	-0.027	-0.027	-0.013	3
OF	*	[0.1816976127320955, 0.289, 0.20424403183023873, 0.303]	[0.1246684350132626, 0.317, 0.13527851458885942, 0.325]	no-link	question-question	0.0796	0.057	0.0464	-0.028	-0.022	-0.014	3
OF	SAMPLES/	[0.1816976127320955, 0.289, 0.20424403183023873, 0.303]	[0.1246684350132626, 0.369, 0.20954907161803712, 0.383]	no-link	question-question	0.0796	0.057	-0.0279	-0.08	-0.08	-0.066	3
OF	ITEMS	[0.1816976127320955, 0.289, 0.20424403183023873, 0.303]	[0.21352785145888595, 0.369, 0.2639257294429708, 0.383]	no-link	question-question	-0.0093	-0.0318	-0.0822	-0.08	-0.08	-0.066	3
OF	SAMPLE	[0.1816976127320955, 0.289, 0.20424403183023873, 0.303]	[0.3793103448275862, 0.369, 0.4416445623342175, 0.384]	no-link	question-answer	-0.1751	-0.1976	-0.2599	-0.08	-0.081	-0.066	3
OF	PACKS	[0.1816976127320955, 0.289, 0.20424403183023873, 0.303]	[0.5039787798408488, 0.369, 0.5543766578249337, 0.384]	no-link	question-answer	-0.2997	-0.3223	-0.3727	-0.08	-0.081	-0.066	3
NAME	*	[0.1246684350132626, 0.289, 0.17904509283819628, 0.302]	[0.1246684350132626, 0.317, 0.13527851458885942, 0.325]	line-line	question-question	0.0106	0.028	0.0	0.023	-0.0544	0.036	4
NAME	10'S	[0.1246684350132626, 0.289, 0.17904509283819628, 0.302]	[0.44297082228116713, 0.37, 0.47214854111405835, 0.384]	no-link	question-answer	-0.2639	-0.3183	-0.3475	-0.081	-0.082	-0.068	4
NAME	OF	[0.1246684350132626, 0.289, 0.17904509283819628, 0.302]	[0.1816976127320955, 0.289, 0.20424403183023873, 0.303]	word-word	question-question	0.0796	0.0	0.057	0.001	0.0027	0.014	4
NAME	(400	[0.1246684350132626, 0.289, 0.17904509283819628, 0.302]	[0.47214854111405835, 0.37, 0.5039787798408488, 0.384]	no-link	question-answer	-0.2931	-0.3475	-0.3793	-0.081	-0.082	-0.068	4
OF	EVENT:	[0.1816976127320955, 0.289, 0.20424403183023873, 0.303]	[0.20557029177718833, 0.289, 0.26657824933687, 0.304]	word-word	question-question	0.0849	0.0	0.0239	0.001	0.0013	0.015	4
OF	10'S	[0.1816976127320955, 0.289, 0.20424403183023873, 0.303]	[0.44297082228116713, 0.37, 0.47214854111405835, 0.384]	no-link	question-answer	-0.2387	-0.2613	-0.2905	-0.081	-0.081	-0.067	4
OF	(400	[0.1816976127320955, 0.289, 0.20424403183023873, 0.303]	[0.47214854111405835, 0.37, 0.5039787798408488, 0.384]	no-link	question-answer	-0.2679	-0.2905	-0.3223	-0.081	-0.081	-0.067	4
OF	PER	[0.1816976127320955, 0.289, 0.20424403183023873, 0.303]	[0.5517241379310345, 0.37, 0.5848806366047745, 0.384]	no-link	question-answer	-0.3475	-0.37	-0.4032	-0.081	-0.081	-0.067	4
NAME	SPECIAL	[0.1246684350132626, 0.289, 0.17904509283819628, 0.302]	[0.3740053050397878, 0.235, 0.4403183023872679, 0.25]	question-header	question-header	0.3156	-0.054	0.2493	-0.052	0.195	-0.039	4
NAME	PER	[0.1246684350132626, 0.289, 0.17904509283819628, 0.302]	[0.5517241379310345, 0.37, 0.5848806366047745, 0.384]	no-link	question-answer	-0.3727	-0.4271	-0.4602	-0.081	-0.082	-0.068	4
NAME	#	[0.1246684350132626, 0.289, 0.17904509283819628, 0.302]	[0.4204244031830239, 0.422, 0.4376657824933687, 0.436]	no-link	question-question	-0.2414	-0.2958	-0.313	-0.133	-0.134	-0.12	4
OF	EVENT:	[0.1830238726790451, 0.314, 0.20689655172413793, 0.329]	[0.21087533156498675, 0.316, 0.27055702917771884, 0.329]	word-word	question-question	0.0875	0.002	0.0279	0.0	0.004	0.015	3
OF	#	[0.1830238726790451, 0.314, 0.20689655172413793, 0.329]	[0.4204244031830239, 0.422, 0.4376657824933687, 0.436]	no-link	question-question	-0.2135	-0.2374	-0.2546	-0.108	-0.107	-0.093	3
OF	EVENT:	[0.1830238726790451, 0.314, 0.20689655172413793, 0.329]	[0.21087533156498675, 0.316, 0.27055702917771884, 0.329]	word-word	question-question	0.0875	0.002	0.0279	0.0	0.004	0.015	5
DATE	OF	[0.13395225464190982, 0.316, 0.1843501326259947, 0.33]	[0.1830238726790451, 0.314, 0.20689655172413793, 0.329]	word-word	question-question	0.0729	-0.002	0.0491	-0.001	-0.0013	0.013	3
DATE	*	[0.13395225464190982, 0.316, 0.1843501326259947, 0.33]	[0.1246684350132626, 0.317, 0.13527851458885942, 0.325]	no-link	question-question	0.0597	0.0093	-0.0013	-0.001	0.005	0.013	3
DATE	SAMPLES/	[0.13395225464190982, 0.316, 0.1843501326259947, 0.33]	[0.1246684350132626, 0.369, 0.20954907161803712, 0.383]	no-link	question-question	0.0597	0.0093	-0.0756	-0.053	-0.053	-0.039	3
DATE	ITEMS	[0.13395225464190982, 0.316, 0.1843501326259947, 0.33]	[0.21352785145888595, 0.369, 0.2639257294429708, 0.383]	no-link	question-question	-0.0292	-0.0796	-0.13	-0.053	-0.053	-0.039	3
DATE	SAMPLE	[0.13395225464190982, 0.316, 0.1843501326259947, 0.33]	[0.3793103448275862, 0.369, 0.4416445623342175, 0.384]	no-link	question-answer	-0.195	-0.2454	-0.3077	-0.053	-0.054	-0.039	3
DATE	PACKS	[0.13395225464190982, 0.316, 0.1843501326259947, 0.33]	[0.5039787798408488, 0.369, 0.5543766578249337, 0.384]	no-link	question-answer	-0.3196	-0.37	-0.4204	-0.053	-0.054	-0.039	3
DATE	10'S	[0.13395225464190982, 0.316, 0.1843501326259947, 0.33]	[0.44297082228116713, 0.37, 0.47214854111405835, 0.384]	no-link	question-answer	-0.2586	-0.309	-0.3382	-0.054	-0.054	-0.04	3
DATE	(400	[0.13395225464190982, 0.316, 0.1843501326259947, 0.33]	[0.47214854111405835, 0.37, 0.5039787798408488, 0.384]	no-link	question-answer	-0.2878	-0.3382	-0.37	-0.054	-0.054	-0.04	3
DATE	PER	[0.13395225464190982, 0.316, 0.1843501326259947, 0.33]	[0.5517241379310345, 0.37, 0.5848806366047745, 0.384]	no-link	question-answer	-0.3674	-0.4178	-0.4509	-0.054	-0.054	-0.04	3
DATE	#	[0.13395225464190982, 0.316, 0.1843501326259947, 0.33]	[0.4204244031830239, 0.422, 0.4376657824933687, 0.436]	no-link	question-question	-0.2361	-0.2865	-0.3037	-0.106	-0.106	-0.092	3
DATE	OF	[0.13395225464190982, 0.316, 0.1843501326259947, 0.33]	[0.1830238726790451, 0.314, 0.20689655172413793, 0.329]	word-word	question-question	0.0729	-0.002	0.0491	-0.001	-0.0013	0.013	5
*	DATE	[0.1246684350132626, 0.317, 0.13527851458885942, 0.325]	[0.13395225464190982, 0.316, 0.1843501326259947, 0.33]	word-word	question-question	0.0597	-0.001	0.0093	0.005	-0.0013	0.013	3
*	SAMPLES/	[0.1246684350132626, 0.317, 0.13527851458885942, 0.325]	[0.1246684350132626, 0.369, 0.20954907161803712, 0.383]	no-link	question-question	0.0106	0.0	-0.0849	-0.052	-0.058	-0.044	3
*	ITEMS	[0.1246684350132626, 0.317, 0.13527851458885942, 0.325]	[0.21352785145888595, 0.369, 0.2639257294429708, 0.383]	no-link	question-question	-0.0782	-0.0889	-0.1393	-0.052	-0.058	-0.044	3
*	SAMPLE	[0.1246684350132626, 0.317, 0.13527851458885942, 0.325]	[0.3793103448275862, 0.369, 0.4416445623342175, 0.384]	no-link	question-answer	-0.244	-0.2546	-0.317	-0.052	-0.059	-0.044	3
*	PACKS	[0.1246684350132626, 0.317, 0.13527851458885942, 0.325]	[0.5039787798408488, 0.369, 0.5543766578249337, 0.384]	no-link	question-answer	-0.3687	-0.3793	-0.4297	-0.052	-0.059	-0.044	3
*	10'S	[0.1246684350132626, 0.317, 0.13527851458885942, 0.325]	[0.44297082228116713, 0.37, 0.47214854111405835, 0.384]	no-link	question-answer	-0.3077	-0.3183	-0.3475	-0.053	-0.059	-0.045	3
*	(400	[0.1246684350132626, 0.317, 0.13527851458885942, 0.325]	[0.47214854111405835, 0.37, 0.5039787798408488, 0.384]	no-link	question-answer	-0.3369	-0.3475	-0.3793	-0.053	-0.059	-0.045	3
*	PER	[0.1246684350132626, 0.317, 0.13527851458885942, 0.325]	[0.5517241379310345, 0.37, 0.5848806366047745, 0.384]	no-link	question-answer	-0.4164	-0.4271	-0.4602	-0.053	-0.059	-0.045	3
*	#	[0.1246684350132626, 0.317, 0.13527851458885942, 0.325]	[0.4204244031830239, 0.422, 0.4376657824933687, 0.436]	no-link	question-question	-0.2851	-0.2958	-0.313	-0.105	-0.111	-0.097	3
*	SAMPLES/	[0.1246684350132626, 0.317, 0.13527851458885942, 0.325]	[0.1246684350132626, 0.369, 0.20954907161803712, 0.383]	line-line	question-question	0.0849	0.052	0.0	0.058	-0.0106	0.066	5
*	DATE	[0.1246684350132626, 0.317, 0.13527851458885942, 0.325]	[0.13395225464190982, 0.316, 0.1843501326259947, 0.33]	word-word	question-question	0.0597	-0.001	0.0093	0.005	-0.0013	0.013	5
*	SPECIAL	[0.1246684350132626, 0.317, 0.13527851458885942, 0.325]	[0.3740053050397878, 0.235, 0.4403183023872679, 0.25]	question-header	question-header	0.3156	-0.082	0.2493	-0.075	0.2387	-0.067	5
SAMPLES/	ITEMS	[0.1246684350132626, 0.369, 0.20954907161803712, 0.383]	[0.21352785145888595, 0.369, 0.2639257294429708, 0.383]	word-word	question-question	0.1393	0.0	0.0889	0.0	0.004	0.014	3
SAMPLES/	SAMPLE	[0.1246684350132626, 0.369, 0.20954907161803712, 0.383]	[0.3793103448275862, 0.369, 0.4416445623342175, 0.384]	no-link	question-answer	-0.1698	-0.2546	-0.317	0.0	-0.001	0.014	3
SAMPLES/	PACKS	[0.1246684350132626, 0.369, 0.20954907161803712, 0.383]	[0.5039787798408488, 0.369, 0.5543766578249337, 0.384]	no-link	question-answer	-0.2944	-0.3793	-0.4297	0.0	-0.001	0.014	3
SAMPLES/	10'S	[0.1246684350132626, 0.369, 0.20954907161803712, 0.383]	[0.44297082228116713, 0.37, 0.47214854111405835, 0.384]	no-link	question-answer	-0.2334	-0.3183	-0.3475	-0.001	-0.001	0.013	3
SAMPLES/	(400	[0.1246684350132626, 0.369, 0.20954907161803712, 0.383]	[0.47214854111405835, 0.37, 0.5039787798408488, 0.384]	no-link	question-answer	-0.2626	-0.3475	-0.3793	-0.001	-0.001	0.013	3
SAMPLES/	PER	[0.1246684350132626, 0.369, 0.20954907161803712, 0.383]	[0.5517241379310345, 0.37, 0.5848806366047745, 0.384]	no-link	question-answer	-0.3422	-0.4271	-0.4602	-0.001	-0.001	0.013	3
SAMPLES/	#	[0.1246684350132626, 0.369, 0.20954907161803712, 0.383]	[0.4204244031830239, 0.422, 0.4376657824933687, 0.436]	no-link	question-question	-0.2109	-0.2958	-0.313	-0.053	-0.053	-0.039	3
ITEMS	REQUIRED:	[0.21352785145888595, 0.369, 0.2639257294429708, 0.383]	[0.26525198938992045, 0.369, 0.3594164456233422, 0.383]	word-word	question-question	0.1459	0.0	0.0517	0.0	0.0013	0.014	3
ITEMS	SAMPLES/	[0.21352785145888595, 0.369, 0.2639257294429708, 0.383]	[0.1246684350132626, 0.369, 0.20954907161803712, 0.383]	no-link	question-question	0.1393	0.0889	0.004	0.0	0.0	0.014	3
ITEMS	SAMPLE	[0.21352785145888595, 0.369, 0.2639257294429708, 0.383]	[0.3793103448275862, 0.369, 0.4416445623342175, 0.384]	no-link	question-answer	-0.1154	-0.1658	-0.2281	0.0	-0.001	0.014	3
ITEMS	PACKS	[0.21352785145888595, 0.369, 0.2639257294429708, 0.383]	[0.5039787798408488, 0.369, 0.5543766578249337, 0.384]	no-link	question-answer	-0.2401	-0.2905	-0.3408	0.0	-0.001	0.014	3
ITEMS	10'S	[0.21352785145888595, 0.369, 0.2639257294429708, 0.383]	[0.44297082228116713, 0.37, 0.47214854111405835, 0.384]	no-link	question-answer	-0.179	-0.2294	-0.2586	-0.001	-0.001	0.013	3
ITEMS	(400	[0.21352785145888595, 0.369, 0.2639257294429708, 0.383]	[0.47214854111405835, 0.37, 0.5039787798408488, 0.384]	no-link	question-answer	-0.2082	-0.2586	-0.2905	-0.001	-0.001	0.013	3
ITEMS	PER	[0.21352785145888595, 0.369, 0.2639257294429708, 0.383]	[0.5517241379310345, 0.37, 0.5848806366047745, 0.384]	no-link	question-answer	-0.2878	-0.3382	-0.3714	-0.001	-0.001	0.013	3
ITEMS	#	[0.21352785145888595, 0.369, 0.2639257294429708, 0.383]	[0.4204244031830239, 0.422, 0.4376657824933687, 0.436]	no-link	question-question	-0.1565	-0.2069	-0.2241	-0.053	-0.053	-0.039	3
SAMPLES/	#	[0.1246684350132626, 0.369, 0.20954907161803712, 0.383]	[0.4204244031830239, 0.422, 0.4376657824933687, 0.436]	line-line	question-header	0.313	0.053	0.2958	0.053	0.2109	0.067	6
SAMPLES/	ITEMS	[0.1246684350132626, 0.369, 0.20954907161803712, 0.383]	[0.21352785145888595, 0.369, 0.2639257294429708, 0.383]	word-word	question-question	0.1393	0.0	0.0889	0.0	0.004	0.014	6
ITEMS	REQUIRED:	[0.21352785145888595, 0.369, 0.2639257294429708, 0.383]	[0.26525198938992045, 0.369, 0.3594164456233422, 0.383]	word-word	question-question	0.1459	0.0	0.0517	0.0	0.0013	0.014	6
SAMPLES/	SAMPLE	[0.1246684350132626, 0.369, 0.20954907161803712, 0.383]	[0.3793103448275862, 0.369, 0.4416445623342175, 0.384]	question-answer	question-answer	0.317	0.0	0.2546	0.001	0.1698	0.015	6
SAMPLE	10'S	[0.3793103448275862, 0.369, 0.4416445623342175, 0.384]	[0.44297082228116713, 0.37, 0.47214854111405835, 0.384]	word-word	answer-answer	0.0928	0.001	0.0637	0.0	0.0013	0.015	6
SAMPLE	SAMPLES/	[0.3793103448275862, 0.369, 0.4416445623342175, 0.384]	[0.1246684350132626, 0.369, 0.20954907161803712, 0.383]	no-link	answer-header	0.317	0.2546	0.1698	0.0	0.001	0.015	6
SAMPLE	(400	[0.3793103448275862, 0.369, 0.4416445623342175, 0.384]	[0.47214854111405835, 0.37, 0.5039787798408488, 0.384]	no-link	answer-answer	-0.0305	-0.0928	-0.1247	-0.001	0.0	0.014	6
SAMPLE	PER	[0.3793103448275862, 0.369, 0.4416445623342175, 0.384]	[0.5517241379310345, 0.37, 0.5848806366047745, 0.384]	no-link	answer-answer	-0.1101	-0.1724	-0.2056	-0.001	0.0	0.014	6
SAMPLE	#	[0.3793103448275862, 0.369, 0.4416445623342175, 0.384]	[0.4204244031830239, 0.422, 0.4376657824933687, 0.436]	no-link	answer-question	0.0212	-0.0411	-0.0584	-0.053	-0.052	-0.038	6
PACKS	PER	[0.5039787798408488, 0.369, 0.5543766578249337, 0.384]	[0.5517241379310345, 0.37, 0.5848806366047745, 0.384]	word-word	answer-answer	0.0809	0.001	0.0477	0.0	-0.0027	0.015	6
PACKS	10'S	[0.5039787798408488, 0.369, 0.5543766578249337, 0.384]	[0.44297082228116713, 0.37, 0.47214854111405835, 0.384]	no-link	answer-answer	0.1114	0.061	0.0318	-0.001	0.0	0.014	6
PACKS	(400	[0.5039787798408488, 0.369, 0.5543766578249337, 0.384]	[0.47214854111405835, 0.37, 0.5039787798408488, 0.384]	no-link	answer-answer	0.0822	0.0318	0.0	-0.001	0.0	0.014	6
PACKS	#	[0.5039787798408488, 0.369, 0.5543766578249337, 0.384]	[0.4204244031830239, 0.422, 0.4376657824933687, 0.436]	no-link	answer-question	0.134	0.0836	0.0663	-0.053	-0.052	-0.038	6
SAMPLES/	SPECIAL	[0.1246684350132626, 0.369, 0.20954907161803712, 0.383]	[0.3740053050397878, 0.235, 0.4403183023872679, 0.25]	question-header	question-header	0.3156	-0.134	0.2493	-0.133	0.1645	-0.119	6
10'S	(400	[0.44297082228116713, 0.37, 0.47214854111405835, 0.384]	[0.47214854111405835, 0.37, 0.5039787798408488, 0.384]	word-word	answer-answer	0.061	0.0	0.0292	0.0	0.0	0.014	6
10'S	PER	[0.44297082228116713, 0.37, 0.47214854111405835, 0.384]	[0.5517241379310345, 0.37, 0.5848806366047745, 0.384]	no-link	answer-answer	-0.0796	-0.1088	-0.1419	0.0	0.0	0.014	6
10'S	#	[0.44297082228116713, 0.37, 0.47214854111405835, 0.384]	[0.4204244031830239, 0.422, 0.4376657824933687, 0.436]	no-link	answer-question	0.0517	0.0225	0.0053	-0.052	-0.052	-0.038	6
10'S	NEWPORT	[0.44297082228116713, 0.37, 0.47214854111405835, 0.384]	[0.1246684350132626, 0.448, 0.20424403183023873, 0.462]	no-link	answer-question	0.3475	0.3183	0.2387	-0.078	-0.078	-0.064	6
(400	PACKS	[0.47214854111405835, 0.37, 0.5039787798408488, 0.384]	[0.5039787798408488, 0.369, 0.5543766578249337, 0.384]	word-word	answer-answer	0.0822	-0.001	0.0318	0.0	0.0	0.014	6
(400	#	[0.47214854111405835, 0.37, 0.5039787798408488, 0.384]	[0.4204244031830239, 0.422, 0.4376657824933687, 0.436]	no-link	answer-question	0.0836	0.0517	0.0345	-0.052	-0.052	-0.038	6
(400	NEWPORT	[0.47214854111405835, 0.37, 0.5039787798408488, 0.384]	[0.1246684350132626, 0.448, 0.20424403183023873, 0.462]	no-link	answer-question	0.3793	0.3475	0.2679	-0.078	-0.078	-0.064	6
(400	K.	[0.47214854111405835, 0.37, 0.5039787798408488, 0.384]	[0.20159151193633953, 0.448, 0.22015915119363394, 0.462]	no-link	answer-question	0.3024	0.2706	0.252	-0.078	-0.078	-0.064	6
PER	CASE)	[0.5517241379310345, 0.37, 0.5848806366047745, 0.384]	[0.5875331564986738, 0.369, 0.629973474801061, 0.383]	word-word	answer-answer	0.0782	-0.001	0.0358	-0.001	0.0027	0.013	6
PER	#	[0.5517241379310345, 0.37, 0.5848806366047745, 0.384]	[0.4204244031830239, 0.422, 0.4376657824933687, 0.436]	no-link	answer-header	0.1645	0.1313	0.1141	-0.052	-0.052	-0.038	6
PER	NEWPORT	[0.5517241379310345, 0.37, 0.5848806366047745, 0.384]	[0.1246684350132626, 0.448, 0.20424403183023873, 0.462]	no-link	answer-question	0.4602	0.4271	0.3475	-0.078	-0.078	-0.064	6
PER	K.	[0.5517241379310345, 0.37, 0.5848806366047745, 0.384]	[0.20159151193633953, 0.448, 0.22015915119363394, 0.462]	no-link	answer-question	0.3833	0.3501	0.3316	-0.078	-0.078	-0.064	6
#	NEWPORT	[0.4204244031830239, 0.422, 0.4376657824933687, 0.436]	[0.1246684350132626, 0.448, 0.20424403183023873, 0.462]	line-line	header-question	-0.2162	0.026	-0.2958	0.026	-0.313	0.04	7
#	K.	[0.4204244031830239, 0.422, 0.4376657824933687, 0.436]	[0.20159151193633953, 0.448, 0.22015915119363394, 0.462]	no-link	header-question	0.2361	0.2188	0.2003	-0.026	-0.026	-0.012	7
#	CASES	[0.4204244031830239, 0.422, 0.4376657824933687, 0.436]	[0.4389920424403183, 0.423, 0.493368700265252, 0.436]	word-word	header-header	0.0729	0.001	0.0186	0.0	0.0013	0.014	7
#	NEWPORT	[0.4204244031830239, 0.422, 0.4376657824933687, 0.436]	[0.1246684350132626, 0.448, 0.20424403183023873, 0.462]	header-question	header-question	-0.2162	0.026	-0.2958	0.026	-0.313	0.04	7
#	NEWPORT	[0.4204244031830239, 0.422, 0.4376657824933687, 0.436]	[0.1246684350132626, 0.464, 0.20291777188328913, 0.474]	header-question	header-question	-0.2175	0.042	-0.2958	0.038	-0.313	0.052	7
#	NEWPORT	[0.4204244031830239, 0.422, 0.4376657824933687, 0.436]	[0.1259946949602122, 0.476, 0.20159151193633953, 0.487]	header-question	header-question	-0.2188	0.054	-0.2944	0.051	-0.3117	0.065	7
#	KENT	[0.4204244031830239, 0.422, 0.4376657824933687, 0.436]	[0.4204244031830239, 0.45, 0.46551724137931033, 0.463]	no-link	header-question	0.0172	0.0	-0.0451	-0.028	-0.027	-0.014	7
#	NEWPORT	[0.4204244031830239, 0.422, 0.4376657824933687, 0.436]	[0.1220159151193634, 0.489, 0.20159151193633953, 0.502]	header-question	header-question	-0.2188	0.067	-0.2984	0.066	-0.3156	0.08	7
#	III	[0.4204244031830239, 0.422, 0.4376657824933687, 0.436]	[0.46551724137931033, 0.45, 0.4854111405835544, 0.464]	no-link	header-question	-0.0279	-0.0451	-0.065	-0.028	-0.028	-0.014	7
#	KENT	[0.4204244031830239, 0.422, 0.4376657824933687, 0.436]	[0.4204244031830239, 0.45, 0.46551724137931033, 0.463]	header-question	header-question	0.0451	0.028	0.0	0.027	-0.0172	0.041	7
#	TRUE	[0.4204244031830239, 0.422, 0.4376657824933687, 0.436]	[0.4204244031830239, 0.476, 0.46551724137931033, 0.487]	header-question	header-question	0.0451	0.054	0.0	0.051	-0.0172	0.065	7
#	KENT	[0.4204244031830239, 0.422, 0.4376657824933687, 0.436]	[0.4204244031830239, 0.462, 0.46551724137931033, 0.475]	header-question	header-question	0.0451	0.04	0.0	0.039	-0.0172	0.053	7
#	KENT	[0.4204244031830239, 0.422, 0.4376657824933687, 0.436]	[0.4217506631299735, 0.503, 0.46419098143236076, 0.516]	header-question	header-question	0.0438	0.081	0.0013	0.08	-0.0159	0.094	7
#	KENT	[0.4204244031830239, 0.422, 0.4376657824933687, 0.436]	[0.4204244031830239, 0.489, 0.46551724137931033, 0.502]	header-question	header-question	0.0451	0.067	0.0	0.066	-0.0172	0.08	7
#	KENT	[0.4204244031830239, 0.422, 0.4376657824933687, 0.436]	[0.6631299734748011, 0.45, 0.7095490716180372, 0.464]	header-question	header-question	0.2891	0.028	0.2427	0.028	0.2255	0.042	7
#	KENT	[0.4204244031830239, 0.422, 0.4376657824933687, 0.436]	[0.6644562334217506, 0.464, 0.7095490716180372, 0.475]	header-question	header-question	0.2891	0.042	0.244	0.039	0.2268	0.053	7
#	CASES	[0.4204244031830239, 0.422, 0.4376657824933687, 0.436]	[0.4389920424403183, 0.423, 0.493368700265252, 0.436]	word-word	header-header	0.0729	0.001	0.0186	0.0	0.0013	0.014	8
#	CASES	[0.4204244031830239, 0.422, 0.4376657824933687, 0.436]	[0.4389920424403183, 0.423, 0.493368700265252, 0.436]	word-word	header-header	0.0729	0.001	0.0186	0.0	0.0013	0.014	9
#	CASES	[0.4204244031830239, 0.422, 0.4376657824933687, 0.436]	[0.4389920424403183, 0.423, 0.493368700265252, 0.436]	word-word	header-header	0.0729	0.001	0.0186	0.0	0.0013	0.014	10
#	GL	[0.4204244031830239, 0.422, 0.4376657824933687, 0.436]	[0.7095490716180372, 0.451, 0.73342175066313, 0.462]	no-link	header-question	-0.2719	-0.2891	-0.313	-0.029	-0.026	-0.015	10
#	CASES	[0.4204244031830239, 0.422, 0.4376657824933687, 0.436]	[0.4389920424403183, 0.423, 0.493368700265252, 0.436]	word-word	header-header	0.0729	0.001	0.0186	0.0	0.0013	0.014	11
#	K	[0.4204244031830239, 0.422, 0.4376657824933687, 0.436]	[0.7612732095490716, 0.451, 0.7785145888594165, 0.462]	no-link	header-question	-0.3236	-0.3408	-0.3581	-0.029	-0.026	-0.015	11
#	CASES	[0.4204244031830239, 0.422, 0.4376657824933687, 0.436]	[0.4389920424403183, 0.423, 0.493368700265252, 0.436]	word-word	header-header	0.0729	0.001	0.0186	0.0	0.0013	0.014	12
NEWPORT	K.	[0.1246684350132626, 0.448, 0.20424403183023873, 0.462]	[0.20159151193633953, 0.448, 0.22015915119363394, 0.462]	word-word	question-question	0.0955	0.0	0.0769	0.0	-0.0027	0.014	7
NEWPORT	KENT	[0.1246684350132626, 0.448, 0.20424403183023873, 0.462]	[0.4204244031830239, 0.45, 0.46551724137931033, 0.463]	no-link	question-question	-0.2162	-0.2958	-0.3408	-0.002	-0.001	0.012	7
NEWPORT	III	[0.1246684350132626, 0.448, 0.20424403183023873, 0.462]	[0.46551724137931033, 0.45, 0.4854111405835544, 0.464]	no-link	question-question	-0.2613	-0.3408	-0.3607	-0.002	-0.002	0.012	7
NEWPORT	GL	[0.1246684350132626, 0.448, 0.20424403183023873, 0.462]	[0.7095490716180372, 0.451, 0.73342175066313, 0.462]	no-link	question-question	-0.5053	-0.5849	-0.6088	-0.003	0.0	0.011	7
NEWPORT	K	[0.1246684350132626, 0.448, 0.20424403183023873, 0.462]	[0.7612732095490716, 0.451, 0.7785145888594165, 0.462]	no-link	question-question	-0.557	-0.6366	-0.6538	-0.003	0.0	0.011	7
K.	S.	[0.20159151193633953, 0.448, 0.22015915119363394, 0.462]	[0.21883289124668434, 0.448, 0.23209549071618038, 0.462]	word-word	question-question	0.0305	0.0	0.0172	0.0	-0.0013	0.014	7
K.	NEWPORT	[0.20159151193633953, 0.448, 0.22015915119363394, 0.462]	[0.1246684350132626, 0.448, 0.20424403183023873, 0.462]	no-link	question-question	0.0955	0.0769	-0.0027	0.0	0.0	0.014	7
K.	KENT	[0.20159151193633953, 0.448, 0.22015915119363394, 0.462]	[0.4204244031830239, 0.45, 0.46551724137931033, 0.463]	no-link	question-question	-0.2003	-0.2188	-0.2639	-0.002	-0.001	0.012	7
K.	III	[0.20159151193633953, 0.448, 0.22015915119363394, 0.462]	[0.46551724137931033, 0.45, 0.4854111405835544, 0.464]	no-link	question-question	-0.2454	-0.2639	-0.2838	-0.002	-0.002	0.012	7
K.	GL	[0.20159151193633953, 0.448, 0.22015915119363394, 0.462]	[0.7095490716180372, 0.451, 0.73342175066313, 0.462]	no-link	question-question	-0.4894	-0.508	-0.5318	-0.003	0.0	0.011	7
K.	K	[0.20159151193633953, 0.448, 0.22015915119363394, 0.462]	[0.7612732095490716, 0.451, 0.7785145888594165, 0.462]	no-link	question-question	-0.5411	-0.5597	-0.5769	-0.003	0.0	0.011	7
K.	LTS	[0.20159151193633953, 0.448, 0.22015915119363394, 0.462]	[0.73342175066313, 0.453, 0.7612732095490716, 0.464]	no-link	question-question	-0.5133	-0.5318	-0.5597	-0.005	-0.002	0.009	7
NEWPORT	KENT	[0.1246684350132626, 0.448, 0.20424403183023873, 0.462]	[0.4204244031830239, 0.45, 0.46551724137931033, 0.463]	question-question	question-question	0.3408	0.002	0.2958	0.001	0.2162	0.015	8
NEWPORT	LTS	[0.1246684350132626, 0.448, 0.20424403183023873, 0.462]	[0.73342175066313, 0.453, 0.7612732095490716, 0.464]	no-link	question-question	-0.5292	-0.6088	-0.6366	-0.005	-0.002	0.009	8
NEWPORT	NEWPORT	[0.1246684350132626, 0.448, 0.20424403183023873, 0.462]	[0.1246684350132626, 0.464, 0.20291777188328913, 0.474]	line-line	question-question	0.0782	0.016	0.0	0.012	-0.0796	0.026	8
NEWPORT	K.	[0.1246684350132626, 0.448, 0.20424403183023873, 0.462]	[0.20159151193633953, 0.448, 0.22015915119363394, 0.462]	word-word	question-question	0.0955	0.0	0.0769	0.0	-0.0027	0.014	8
K.	S.	[0.20159151193633953, 0.448, 0.22015915119363394, 0.462]	[0.21883289124668434, 0.448, 0.23209549071618038, 0.462]	word-word	question-question	0.0305	0.0	0.0172	0.0	-0.0013	0.014	8
NEWPORT	#	[0.1246684350132626, 0.448, 0.20424403183023873, 0.462]	[0.4204244031830239, 0.422, 0.4376657824933687, 0.436]	question-header	question-header	0.313	-0.026	0.2958	-0.026	0.2162	-0.012	8
KENT	III	[0.4204244031830239, 0.45, 0.46551724137931033, 0.463]	[0.46551724137931033, 0.45, 0.4854111405835544, 0.464]	word-word	question-question	0.065	0.0	0.0451	0.001	0.0	0.014	7
KENT	K.	[0.4204244031830239, 0.45, 0.46551724137931033, 0.463]	[0.4854111405835544, 0.45, 0.5, 0.464]	no-link	question-question	-0.0199	-0.065	-0.0796	0.0	-0.001	0.013	7
KENT	GL	[0.4204244031830239, 0.45, 0.46551724137931033, 0.463]	[0.7095490716180372, 0.451, 0.73342175066313, 0.462]	no-link	question-question	-0.244	-0.2891	-0.313	-0.001	0.001	0.012	7
KENT	K	[0.4204244031830239, 0.45, 0.46551724137931033, 0.463]	[0.7612732095490716, 0.451, 0.7785145888594165, 0.462]	no-link	question-question	-0.2958	-0.3408	-0.3581	-0.001	0.001	0.012	7
KENT	LTS	[0.4204244031830239, 0.45, 0.46551724137931033, 0.463]	[0.73342175066313, 0.453, 0.7612732095490716, 0.464]	no-link	question-question	-0.2679	-0.313	-0.3408	-0.003	-0.001	0.01	7
KENT	NEWPORT	[0.4204244031830239, 0.45, 0.46551724137931033, 0.463]	[0.1246684350132626, 0.464, 0.20291777188328913, 0.474]	no-link	question-question	0.3408	0.2958	0.2175	-0.014	-0.011	-0.001	7
III	K.	[0.46551724137931033, 0.45, 0.4854111405835544, 0.464]	[0.4854111405835544, 0.45, 0.5, 0.464]	word-word	question-question	0.0345	0.0	0.0199	0.0	0.0	0.014	7
III	KENT	[0.46551724137931033, 0.45, 0.4854111405835544, 0.464]	[0.6631299734748011, 0.45, 0.7095490716180372, 0.464]	no-link	question-question	-0.1777	-0.1976	-0.244	0.0	0.0	0.014	7
III	GL	[0.46551724137931033, 0.45, 0.4854111405835544, 0.464]	[0.7095490716180372, 0.451, 0.73342175066313, 0.462]	no-link	question-question	-0.2241	-0.244	-0.2679	-0.001	0.002	0.013	7
III	K	[0.46551724137931033, 0.45, 0.4854111405835544, 0.464]	[0.7612732095490716, 0.451, 0.7785145888594165, 0.462]	no-link	question-question	-0.2759	-0.2958	-0.313	-0.001	0.002	0.013	7
III	LTS	[0.46551724137931033, 0.45, 0.4854111405835544, 0.464]	[0.73342175066313, 0.453, 0.7612732095490716, 0.464]	no-link	question-question	-0.248	-0.2679	-0.2958	-0.003	0.0	0.011	7
III	NEWPORT	[0.46551724137931033, 0.45, 0.4854111405835544, 0.464]	[0.1246684350132626, 0.464, 0.20291777188328913, 0.474]	no-link	question-question	0.3607	0.3408	0.2626	-0.014	-0.01	0.0	7
K.	S.	[0.4854111405835544, 0.45, 0.5, 0.464]	[0.4986737400530504, 0.45, 0.5119363395225465, 0.465]	word-word	question-question	0.0265	0.0	0.0133	0.001	-0.0013	0.015	7
KENT	GL	[0.6631299734748011, 0.45, 0.7095490716180372, 0.464]	[0.7095490716180372, 0.451, 0.73342175066313, 0.462]	word-word	question-question	0.0703	0.001	0.0464	-0.002	0.0	0.012	7
KENT	KENT	[0.4204244031830239, 0.45, 0.46551724137931033, 0.463]	[0.6631299734748011, 0.45, 0.7095490716180372, 0.464]	question-question	question-question	0.2891	0.0	0.2427	0.001	0.1976	0.014	8
KENT	III	[0.4204244031830239, 0.45, 0.46551724137931033, 0.463]	[0.46551724137931033, 0.45, 0.4854111405835544, 0.464]	word-word	question-question	0.065	0.0	0.0451	0.001	0.0	0.014	8
III	K.	[0.46551724137931033, 0.45, 0.4854111405835544, 0.464]	[0.4854111405835544, 0.45, 0.5, 0.464]	word-word	question-question	0.0345	0.0	0.0199	0.0	0.0	0.014	8
K.	S.	[0.4854111405835544, 0.45, 0.5, 0.464]	[0.4986737400530504, 0.45, 0.5119363395225465, 0.465]	word-word	question-question	0.0265	0.0	0.0133	0.001	-0.0013	0.015	8
KENT	#	[0.4204244031830239, 0.45, 0.46551724137931033, 0.463]	[0.4204244031830239, 0.422, 0.4376657824933687, 0.436]	question-header	question-header	0.0172	-0.028	0.0	-0.027	-0.0451	-0.014	8
KENT	GL	[0.6631299734748011, 0.45, 0.7095490716180372, 0.464]	[0.7095490716180372, 0.451, 0.73342175066313, 0.462]	word-word	question-question	0.0703	0.001	0.0464	-0.002	0.0	0.012	8
KENT	#	[0.6631299734748011, 0.45, 0.7095490716180372, 0.464]	[0.4204244031830239, 0.422, 0.4376657824933687, 0.436]	question-header	question-header	-0.2255	-0.028	-0.2427	-0.028	-0.2891	-0.014	8
GL	LTS	[0.7095490716180372, 0.451, 0.73342175066313, 0.462]	[0.73342175066313, 0.453, 0.7612732095490716, 0.464]	word-word	question-question	0.0517	0.002	0.0239	0.002	0.0	0.013	7
GL	K	[0.7095490716180372, 0.451, 0.73342175066313, 0.462]	[0.7612732095490716, 0.451, 0.7785145888594165, 0.462]	no-link	question-question	-0.0279	-0.0517	-0.069	0.0	0.0	0.011	7
GL	KENT	[0.7095490716180372, 0.451, 0.73342175066313, 0.462]	[0.4204244031830239, 0.462, 0.46551724137931033, 0.475]	no-link	question-question	0.313	0.2891	0.244	-0.011	-0.013	0.0	7
GL	NEWPORT	[0.7095490716180372, 0.451, 0.73342175066313, 0.462]	[0.1246684350132626, 0.464, 0.20291777188328913, 0.474]	no-link	question-question	0.6088	0.5849	0.5066	-0.013	-0.012	-0.002	7
GL	III	[0.7095490716180372, 0.451, 0.73342175066313, 0.462]	[0.46684350132625996, 0.464, 0.48408488063660476, 0.477]	no-link	question-question	0.2666	0.2427	0.2255	-0.013	-0.015	-0.002	7
K	S.	[0.7612732095490716, 0.451, 0.7785145888594165, 0.462]	[0.7758620689655172, 0.453, 0.7904509283819628, 0.464]	word-word	question-question	0.0292	0.002	0.0146	0.002	-0.0027	0.013	7
K	LTS	[0.7612732095490716, 0.451, 0.7785145888594165, 0.462]	[0.73342175066313, 0.453, 0.7612732095490716, 0.464]	no-link	question-question	0.0451	0.0279	0.0	-0.002	-0.002	0.009	7
K	KENT	[0.7612732095490716, 0.451, 0.7785145888594165, 0.462]	[0.4204244031830239, 0.462, 0.46551724137931033, 0.475]	no-link	question-question	0.3581	0.3408	0.2958	-0.011	-0.013	0.0	7
K	NEWPORT	[0.7612732095490716, 0.451, 0.7785145888594165, 0.462]	[0.1246684350132626, 0.464, 0.20291777188328913, 0.474]	no-link	question-question	0.6538	0.6366	0.5584	-0.013	-0.012	-0.002	7
K	III	[0.7612732095490716, 0.451, 0.7785145888594165, 0.462]	[0.46684350132625996, 0.464, 0.48408488063660476, 0.477]	no-link	question-question	0.3117	0.2944	0.2772	-0.013	-0.015	-0.002	7
K	GL	[0.7612732095490716, 0.451, 0.7785145888594165, 0.462]	[0.7095490716180372, 0.464, 0.7320954907161804, 0.477]	no-link	question-question	0.069	0.0517	0.0292	-0.013	-0.015	-0.002	7
K	K.	[0.7612732095490716, 0.451, 0.7785145888594165, 0.462]	[0.23872679045092837, 0.475, 0.253315649867374, 0.489]	no-link	question-question	0.5398	0.5225	0.508	-0.024	-0.027	-0.013	7
GL	LTS	[0.7095490716180372, 0.451, 0.73342175066313, 0.462]	[0.73342175066313, 0.453, 0.7612732095490716, 0.464]	word-word	question-question	0.0517	0.002	0.0239	0.002	0.0	0.013	8
GL	K.	[0.7095490716180372, 0.451, 0.73342175066313, 0.462]	[0.23872679045092837, 0.475, 0.253315649867374, 0.489]	no-link	question-question	0.4947	0.4708	0.4562	-0.024	-0.027	-0.013	8
K	S.	[0.7612732095490716, 0.451, 0.7785145888594165, 0.462]	[0.7758620689655172, 0.453, 0.7904509283819628, 0.464]	word-word	question-question	0.0292	0.002	0.0146	0.002	-0.0027	0.013	8
LTS	K	[0.73342175066313, 0.453, 0.7612732095490716, 0.464]	[0.7612732095490716, 0.451, 0.7785145888594165, 0.462]	word-word	question-question	0.0451	-0.002	0.0279	-0.002	0.0	0.009	7
LTS	KENT	[0.73342175066313, 0.453, 0.7612732095490716, 0.464]	[0.4204244031830239, 0.462, 0.46551724137931033, 0.475]	no-link	question-question	0.3408	0.313	0.2679	-0.009	-0.011	0.002	7
LTS	NEWPORT	[0.73342175066313, 0.453, 0.7612732095490716, 0.464]	[0.1246684350132626, 0.464, 0.20291777188328913, 0.474]	no-link	question-question	0.6366	0.6088	0.5305	-0.011	-0.01	0.0	7
LTS	III	[0.73342175066313, 0.453, 0.7612732095490716, 0.464]	[0.46684350132625996, 0.464, 0.48408488063660476, 0.477]	no-link	question-question	0.2944	0.2666	0.2493	-0.011	-0.013	0.0	7
LTS	GL	[0.73342175066313, 0.453, 0.7612732095490716, 0.464]	[0.7095490716180372, 0.464, 0.7320954907161804, 0.477]	no-link	question-question	0.0517	0.0239	0.0013	-0.011	-0.013	0.0	7
LTS	K.	[0.73342175066313, 0.453, 0.7612732095490716, 0.464]	[0.23872679045092837, 0.475, 0.253315649867374, 0.489]	no-link	question-question	0.5225	0.4947	0.4801	-0.022	-0.025	-0.011	7
LTS	K	[0.73342175066313, 0.453, 0.7612732095490716, 0.464]	[0.7612732095490716, 0.451, 0.7785145888594165, 0.462]	word-word	question-question	0.0451	-0.002	0.0279	-0.002	0.0	0.009	8
KENT	III	[0.4204244031830239, 0.462, 0.46551724137931033, 0.475]	[0.46684350132625996, 0.464, 0.48408488063660476, 0.477]	word-word	question-question	0.0637	0.002	0.0464	0.002	0.0013	0.015	7
KENT	KENT	[0.4204244031830239, 0.462, 0.46551724137931033, 0.475]	[0.6644562334217506, 0.464, 0.7095490716180372, 0.475]	question-question	question-question	0.2891	0.002	0.244	0.0	0.1989	0.013	9
KENT	TRUE	[0.4204244031830239, 0.462, 0.46551724137931033, 0.475]	[0.4204244031830239, 0.476, 0.46551724137931033, 0.487]	no-link	question-question	0.0451	0.0	-0.0451	-0.014	-0.012	-0.001	9
KENT	III	[0.4204244031830239, 0.462, 0.46551724137931033, 0.475]	[0.46684350132625996, 0.464, 0.48408488063660476, 0.477]	word-word	question-question	0.0637	0.002	0.0464	0.002	0.0013	0.015	9
KENT	#	[0.4204244031830239, 0.462, 0.46551724137931033, 0.475]	[0.4204244031830239, 0.422, 0.4376657824933687, 0.436]	question-header	question-header	0.0172	-0.04	0.0	-0.039	-0.0451	-0.026	9
NEWPORT	100'S	[0.1246684350132626, 0.464, 0.20291777188328913, 0.474]	[0.20424403183023873, 0.462, 0.2413793103448276, 0.476]	word-word	question-question	0.1167	-0.002	0.0796	0.002	0.0013	0.012	7
NEWPORT	TRUE	[0.1246684350132626, 0.464, 0.20291777188328913, 0.474]	[0.4204244031830239, 0.476, 0.46551724137931033, 0.487]	no-link	question-question	-0.2175	-0.2958	-0.3408	-0.012	-0.013	-0.002	7
III	100	[0.46684350132625996, 0.464, 0.48408488063660476, 0.477]	[0.48673740053050396, 0.464, 0.513262599469496, 0.475]	word-word	question-question	0.0464	0.0	0.0199	-0.002	0.0027	0.011	7
III	TRUE	[0.46684350132625996, 0.464, 0.48408488063660476, 0.477]	[0.4204244031830239, 0.476, 0.46551724137931033, 0.487]	no-link	question-question	0.0637	0.0464	0.0013	-0.012	-0.01	0.001	7
KENT	GL	[0.6644562334217506, 0.464, 0.7095490716180372, 0.475]	[0.7095490716180372, 0.464, 0.7320954907161804, 0.477]	word-word	question-question	0.0676	0.0	0.0451	0.002	0.0	0.013	7
GL	100	[0.7095490716180372, 0.464, 0.7320954907161804, 0.477]	[0.7347480106100795, 0.464, 0.7572944297082228, 0.475]	word-word	question-question	0.0477	0.0	0.0252	-0.002	0.0027	0.011	7
GL	TRUE	[0.7095490716180372, 0.464, 0.7320954907161804, 0.477]	[0.4204244031830239, 0.476, 0.46551724137931033, 0.487]	no-link	question-question	0.3117	0.2891	0.244	-0.012	-0.01	0.001	7
NEWPORT	KENT	[0.1246684350132626, 0.464, 0.20291777188328913, 0.474]	[0.4204244031830239, 0.462, 0.46551724137931033, 0.475]	question-question	question-question	0.3408	-0.002	0.2958	0.001	0.2175	0.011	9
NEWPORT	NEWPORT	[0.1246684350132626, 0.464, 0.20291777188328913, 0.474]	[0.1259946949602122, 0.476, 0.20159151193633953, 0.487]	line-line	question-question	0.0769	0.012	0.0013	0.013	-0.0769	0.023	9
NEWPORT	100'S	[0.1246684350132626, 0.464, 0.20291777188328913, 0.474]	[0.20424403183023873, 0.462, 0.2413793103448276, 0.476]	word-word	question-question	0.1167	-0.002	0.0796	0.002	0.0013	0.012	9
NEWPORT	LTS.	[0.1246684350132626, 0.464, 0.20291777188328913, 0.474]	[0.20159151193633953, 0.489, 0.23474801061007958, 0.503]	no-link	question-question	0.0013	-0.0769	-0.1101	-0.025	-0.029	-0.015	9
NEWPORT	#	[0.1246684350132626, 0.464, 0.20291777188328913, 0.474]	[0.4204244031830239, 0.422, 0.4376657824933687, 0.436]	question-header	question-header	0.313	-0.042	0.2958	-0.038	0.2175	-0.028	9
III	100	[0.46684350132625996, 0.464, 0.48408488063660476, 0.477]	[0.48673740053050396, 0.464, 0.513262599469496, 0.475]	word-word	question-question	0.0464	0.0	0.0199	-0.002	0.0027	0.011	9
III	LTS.	[0.46684350132625996, 0.464, 0.48408488063660476, 0.477]	[0.20159151193633953, 0.489, 0.23474801061007958, 0.503]	no-link	question-question	0.2825	0.2653	0.2321	-0.025	-0.026	-0.012	9
KENT	GL	[0.6644562334217506, 0.464, 0.7095490716180372, 0.475]	[0.7095490716180372, 0.464, 0.7320954907161804, 0.477]	word-word	question-question	0.0676	0.0	0.0451	0.002	0.0	0.013	9
KENT	LTS.	[0.6644562334217506, 0.464, 0.7095490716180372, 0.475]	[0.20159151193633953, 0.489, 0.23474801061007958, 0.503]	no-link	question-question	0.508	0.4629	0.4297	-0.025	-0.028	-0.014	9
GL	100	[0.7095490716180372, 0.464, 0.7320954907161804, 0.477]	[0.7347480106100795, 0.464, 0.7572944297082228, 0.475]	word-word	question-question	0.0477	0.0	0.0252	-0.002	0.0027	0.011	9
GL	LTS.	[0.7095490716180372, 0.464, 0.7320954907161804, 0.477]	[0.20159151193633953, 0.489, 0.23474801061007958, 0.503]	no-link	question-question	0.5305	0.508	0.4748	-0.025	-0.026	-0.012	9
KENT	#	[0.6644562334217506, 0.464, 0.7095490716180372, 0.475]	[0.4204244031830239, 0.422, 0.4376657824933687, 0.436]	question-header	question-header	-0.2268	-0.042	-0.244	-0.039	-0.2891	-0.028	9
K.	S.	[0.23872679045092837, 0.475, 0.253315649867374, 0.489]	[0.253315649867374, 0.475, 0.26657824933687, 0.488]	word-word	question-question	0.0279	0.0	0.0146	-0.001	0.0	0.013	7
K.	TRUE	[0.23872679045092837, 0.475, 0.253315649867374, 0.489]	[0.4204244031830239, 0.476, 0.46551724137931033, 0.487]	no-link	question-question	-0.1671	-0.1817	-0.2268	-0.001	0.002	0.013	7
K.	LTS.	[0.23872679045092837, 0.475, 0.253315649867374, 0.489]	[0.20159151193633953, 0.489, 0.23474801061007958, 0.503]	no-link	question-question	0.0517	0.0371	0.004	-0.014	-0.014	0.0	7
K.	S.	[0.46551724137931033, 0.475, 0.4827586206896552, 0.489]	[0.48408488063660476, 0.478, 0.4946949602122016, 0.489]	word-word	question-question	0.0292	0.003	0.0186	0.0	0.0013	0.014	7
K.	S.	[0.23872679045092837, 0.475, 0.253315649867374, 0.489]	[0.253315649867374, 0.475, 0.26657824933687, 0.488]	word-word	question-question	0.0279	0.0	0.0146	-0.001	0.0	0.013	10
K.	S.	[0.46551724137931033, 0.475, 0.4827586206896552, 0.489]	[0.48408488063660476, 0.478, 0.4946949602122016, 0.489]	word-word	question-question	0.0292	0.003	0.0186	0.0	0.0013	0.014	10
NEWPORT	LTS	[0.1259946949602122, 0.476, 0.20159151193633953, 0.487]	[0.20557029177718833, 0.476, 0.23740053050397877, 0.487]	word-word	question-question	0.1114	0.0	0.0796	0.0	0.004	0.011	7
LTS	K.	[0.20557029177718833, 0.476, 0.23740053050397877, 0.487]	[0.23872679045092837, 0.475, 0.253315649867374, 0.489]	word-word	question-question	0.0477	-0.001	0.0332	0.002	0.0013	0.013	7
LTS	TRUE	[0.20557029177718833, 0.476, 0.23740053050397877, 0.487]	[0.4204244031830239, 0.476, 0.46551724137931033, 0.487]	no-link	question-question	-0.183	-0.2149	-0.2599	0.0	0.0	0.011	7
LTS	LTS.	[0.20557029177718833, 0.476, 0.23740053050397877, 0.487]	[0.20159151193633953, 0.489, 0.23474801061007958, 0.503]	no-link	question-question	0.0358	0.004	-0.0292	-0.013	-0.016	-0.002	7
TRUE	K.	[0.4204244031830239, 0.476, 0.46551724137931033, 0.487]	[0.46551724137931033, 0.475, 0.4827586206896552, 0.489]	word-word	question-question	0.0623	-0.001	0.0451	0.002	0.0	0.013	7
TRUE	NEWPORT	[0.4204244031830239, 0.476, 0.46551724137931033, 0.487]	[0.1259946949602122, 0.476, 0.20159151193633953, 0.487]	no-link	question-question	0.3395	0.2944	0.2188	0.0	0.0	0.011	7
TRUE	LTS	[0.4204244031830239, 0.476, 0.46551724137931033, 0.487]	[0.20557029177718833, 0.476, 0.23740053050397877, 0.487]	no-link	question-question	0.2599	0.2149	0.183	0.0	0.0	0.011	7
TRUE	LTS.	[0.4204244031830239, 0.476, 0.46551724137931033, 0.487]	[0.20159151193633953, 0.489, 0.23474801061007958, 0.503]	no-link	question-question	0.2639	0.2188	0.1857	-0.013	-0.016	-0.002	7
TRUE	KENT	[0.4204244031830239, 0.476, 0.46551724137931033, 0.487]	[0.4204244031830239, 0.489, 0.46551724137931033, 0.502]	no-link	question-question	0.0451	0.0	-0.0451	-0.013	-0.015	-0.002	7
NEWPORT	TRUE	[0.1259946949602122, 0.476, 0.20159151193633953, 0.487]	[0.4204244031830239, 0.476, 0.46551724137931033, 0.487]	question-question	question-question	0.3395	0.0	0.2944	0.0	0.2188	0.011	10
NEWPORT	NEWPORT	[0.1259946949602122, 0.476, 0.20159151193633953, 0.487]	[0.1220159151193634, 0.489, 0.20159151193633953, 0.502]	line-line	question-question	0.0756	0.013	-0.004	0.015	-0.0796	0.026	10
NEWPORT	LTS	[0.1259946949602122, 0.476, 0.20159151193633953, 0.487]	[0.20557029177718833, 0.476, 0.23740053050397877, 0.487]	word-word	question-question	0.1114	0.0	0.0796	0.0	0.004	0.011	10
NEWPORT	ITEMS	[0.1259946949602122, 0.476, 0.20159151193633953, 0.487]	[0.4204244031830239, 0.553, 0.4761273209549072, 0.568]	no-link	question-question	-0.2188	-0.2944	-0.3501	-0.077	-0.081	-0.066	10
LTS	K.	[0.20557029177718833, 0.476, 0.23740053050397877, 0.487]	[0.23872679045092837, 0.475, 0.253315649867374, 0.489]	word-word	question-question	0.0477	-0.001	0.0332	0.002	0.0013	0.013	10
LTS	ITEMS	[0.20557029177718833, 0.476, 0.23740053050397877, 0.487]	[0.4204244031830239, 0.553, 0.4761273209549072, 0.568]	no-link	question-question	-0.183	-0.2149	-0.2706	-0.077	-0.081	-0.066	10
NEWPORT	#	[0.1259946949602122, 0.476, 0.20159151193633953, 0.487]	[0.4204244031830239, 0.422, 0.4376657824933687, 0.436]	question-header	question-header	0.3117	-0.054	0.2944	-0.051	0.2188	-0.04	10
TRUE	K.	[0.4204244031830239, 0.476, 0.46551724137931033, 0.487]	[0.46551724137931033, 0.475, 0.4827586206896552, 0.489]	word-word	question-question	0.0623	-0.001	0.0451	0.002	0.0	0.013	10
TRUE	ITEMS	[0.4204244031830239, 0.476, 0.46551724137931033, 0.487]	[0.4204244031830239, 0.553, 0.4761273209549072, 0.568]	no-link	question-question	0.0451	0.0	-0.0557	-0.077	-0.081	-0.066	10
TRUE	#	[0.4204244031830239, 0.476, 0.46551724137931033, 0.487]	[0.4204244031830239, 0.422, 0.4376657824933687, 0.436]	question-header	question-header	0.0172	-0.054	0.0	-0.051	-0.0451	-0.04	10
NEWPORT	LTS.	[0.1220159151193634, 0.489, 0.20159151193633953, 0.502]	[0.20159151193633953, 0.489, 0.23474801061007958, 0.503]	word-word	question-question	0.1127	0.0	0.0796	0.001	0.0	0.014	7
LTS.	100	[0.20159151193633953, 0.489, 0.23474801061007958, 0.503]	[0.23872679045092837, 0.489, 0.26525198938992045, 0.503]	word-word	question-question	0.0637	0.0	0.0371	0.0	0.004	0.014	7
LTS.	K.	[0.20159151193633953, 0.489, 0.23474801061007958, 0.503]	[0.46551724137931033, 0.489, 0.48010610079575594, 0.502]	no-link	question-question	-0.2308	-0.2639	-0.2785	0.0	0.001	0.014	7
LTS.	NEWPORT	[0.20159151193633953, 0.489, 0.23474801061007958, 0.503]	[0.1220159151193634, 0.489, 0.20159151193633953, 0.502]	no-link	question-question	0.1127	0.0796	0.0	0.0	0.001	0.014	7
LTS.	KENT	[0.20159151193633953, 0.489, 0.23474801061007958, 0.503]	[0.4204244031830239, 0.489, 0.46551724137931033, 0.502]	no-link	question-question	-0.1857	-0.2188	-0.2639	0.0	0.001	0.014	7
LTS.	ITEMS	[0.20159151193633953, 0.489, 0.23474801061007958, 0.503]	[0.4204244031830239, 0.553, 0.4761273209549072, 0.568]	no-link	question-question	-0.1857	-0.2188	-0.2745	-0.064	-0.065	-0.05	7
KENT	K.	[0.4204244031830239, 0.489, 0.46551724137931033, 0.502]	[0.46551724137931033, 0.489, 0.48010610079575594, 0.502]	word-word	question-question	0.0597	0.0	0.0451	0.0	0.0	0.013	7
KENT	ITEMS	[0.4204244031830239, 0.489, 0.46551724137931033, 0.502]	[0.4204244031830239, 0.553, 0.4761273209549072, 0.568]	no-link	question-question	0.0451	0.0	-0.0557	-0.064	-0.066	-0.051	7
KENT	QUANTITY	[0.4204244031830239, 0.489, 0.46551724137931033, 0.502]	[0.6618037135278515, 0.553, 0.7546419098143236, 0.57]	no-link	question-question	-0.1963	-0.2414	-0.3342	-0.064	-0.068	-0.051	7
K.	S.	[0.46551724137931033, 0.489, 0.48010610079575594, 0.502]	[0.48010610079575594, 0.489, 0.493368700265252, 0.503]	word-word	question-question	0.0279	0.0	0.0146	0.001	0.0	0.014	7
K.	ITEMS	[0.46551724137931033, 0.489, 0.48010610079575594, 0.502]	[0.4204244031830239, 0.553, 0.4761273209549072, 0.568]	no-link	question-question	0.0597	0.0451	-0.0106	-0.064	-0.066	-0.051	7
K.	QUANTITY	[0.46551724137931033, 0.489, 0.48010610079575594, 0.502]	[0.6618037135278515, 0.553, 0.7546419098143236, 0.57]	no-link	question-question	-0.1817	-0.1963	-0.2891	-0.064	-0.068	-0.051	7
K.	WATER	[0.46551724137931033, 0.489, 0.48010610079575594, 0.502]	[0.41909814323607425, 0.581, 0.4854111405835544, 0.596]	no-link	question-question	0.061	0.0464	-0.0199	-0.092	-0.094	-0.079	7
NEWPORT	KENT	[0.1220159151193634, 0.489, 0.20159151193633953, 0.502]	[0.4204244031830239, 0.489, 0.46551724137931033, 0.502]	question-question	question-question	0.3435	0.0	0.2984	0.0	0.2188	0.013	11
NEWPORT	QUANTITY	[0.1220159151193634, 0.489, 0.20159151193633953, 0.502]	[0.6618037135278515, 0.553, 0.7546419098143236, 0.57]	no-link	question-question	-0.4602	-0.5398	-0.6326	-0.064	-0.068	-0.051	11
NEWPORT	WATER	[0.1220159151193634, 0.489, 0.20159151193633953, 0.502]	[0.41909814323607425, 0.581, 0.4854111405835544, 0.596]	no-link	question-question	-0.2175	-0.2971	-0.3634	-0.092	-0.094	-0.079	11
NEWPORT	KENT	[0.1220159151193634, 0.489, 0.20159151193633953, 0.502]	[0.4217506631299735, 0.503, 0.46419098143236076, 0.516]	line-line	question-question	0.3422	0.014	0.2997	0.014	0.2202	0.027	11
NEWPORT	LTS.	[0.1220159151193634, 0.489, 0.20159151193633953, 0.502]	[0.20159151193633953, 0.489, 0.23474801061007958, 0.503]	word-word	question-question	0.1127	0.0	0.0796	0.001	0.0	0.014	11
LTS.	100	[0.20159151193633953, 0.489, 0.23474801061007958, 0.503]	[0.23872679045092837, 0.489, 0.26525198938992045, 0.503]	word-word	question-question	0.0637	0.0	0.0371	0.0	0.004	0.014	11
LTS.	QUANTITY	[0.20159151193633953, 0.489, 0.23474801061007958, 0.503]	[0.6618037135278515, 0.553, 0.7546419098143236, 0.57]	no-link	question-question	-0.4271	-0.4602	-0.5531	-0.064	-0.067	-0.05	11
LTS.	WATER	[0.20159151193633953, 0.489, 0.23474801061007958, 0.503]	[0.41909814323607425, 0.581, 0.4854111405835544, 0.596]	no-link	question-question	-0.1844	-0.2175	-0.2838	-0.092	-0.093	-0.078	11
LTS.	BANNER(S)	[0.20159151193633953, 0.489, 0.23474801061007958, 0.503]	[0.4204244031830239, 0.609, 0.5092838196286472, 0.624]	no-link	question-question	-0.1857	-0.2188	-0.3077	-0.12	-0.121	-0.106	11
NEWPORT	#	[0.1220159151193634, 0.489, 0.20159151193633953, 0.502]	[0.4204244031830239, 0.422, 0.4376657824933687, 0.436]	question-header	question-header	0.3156	-0.067	0.2984	-0.066	0.2188	-0.053	11
NEWPORT	BANNER(S)	[0.1220159151193634, 0.489, 0.20159151193633953, 0.502]	[0.4204244031830239, 0.609, 0.5092838196286472, 0.624]	no-link	question-question	-0.2188	-0.2984	-0.3873	-0.12	-0.122	-0.107	11
NEWPORT	(4	[0.1220159151193634, 0.489, 0.20159151193633953, 0.502]	[0.5145888594164456, 0.609, 0.53315649867374, 0.623]	no-link	question-question	-0.313	-0.3926	-0.4111	-0.12	-0.121	-0.107	11
KENT	K.	[0.4204244031830239, 0.489, 0.46551724137931033, 0.502]	[0.46551724137931033, 0.489, 0.48010610079575594, 0.502]	word-word	question-question	0.0597	0.0	0.0451	0.0	0.0	0.013	11
KENT	WATER	[0.4204244031830239, 0.489, 0.46551724137931033, 0.502]	[0.41909814323607425, 0.581, 0.4854111405835544, 0.596]	no-link	question-question	0.0464	0.0013	-0.065	-0.092	-0.094	-0.079	11
KENT	BANNER(S)	[0.4204244031830239, 0.489, 0.46551724137931033, 0.502]	[0.4204244031830239, 0.609, 0.5092838196286472, 0.624]	no-link	question-question	0.0451	0.0	-0.0889	-0.12	-0.122	-0.107	11
KENT	(4	[0.4204244031830239, 0.489, 0.46551724137931033, 0.502]	[0.5145888594164456, 0.609, 0.53315649867374, 0.623]	no-link	question-question	-0.0491	-0.0942	-0.1127	-0.12	-0.121	-0.107	11
K.	S.	[0.46551724137931033, 0.489, 0.48010610079575594, 0.502]	[0.48010610079575594, 0.489, 0.493368700265252, 0.503]	word-word	question-question	0.0279	0.0	0.0146	0.001	0.0	0.014	11
K.	BANNER(S)	[0.46551724137931033, 0.489, 0.48010610079575594, 0.502]	[0.4204244031830239, 0.609, 0.5092838196286472, 0.624]	no-link	question-question	0.0597	0.0451	-0.0438	-0.12	-0.122	-0.107	11
K.	(4	[0.46551724137931033, 0.489, 0.48010610079575594, 0.502]	[0.5145888594164456, 0.609, 0.53315649867374, 0.623]	no-link	question-question	-0.0345	-0.0491	-0.0676	-0.12	-0.121	-0.107	11
KENT	#	[0.4204244031830239, 0.489, 0.46551724137931033, 0.502]	[0.4204244031830239, 0.422, 0.4376657824933687, 0.436]	question-header	question-header	0.0172	-0.067	0.0	-0.066	-0.0451	-0.053	11
KENT	100	[0.4217506631299735, 0.503, 0.46419098143236076, 0.516]	[0.46551724137931033, 0.504, 0.493368700265252, 0.514]	word-word	question-question	0.0716	0.001	0.0438	-0.002	0.0013	0.011	7
KENT	ITEMS	[0.4217506631299735, 0.503, 0.46419098143236076, 0.516]	[0.4204244031830239, 0.553, 0.4761273209549072, 0.568]	line-line	question-header	0.0544	0.05	-0.0013	0.052	-0.0438	0.065	12
KENT	x	[0.4217506631299735, 0.503, 0.46419098143236076, 0.516]	[0.53315649867374, 0.612, 0.5437665782493368, 0.623]	no-link	question-question	-0.069	-0.1114	-0.122	-0.109	-0.107	-0.096	12
KENT	100	[0.4217506631299735, 0.503, 0.46419098143236076, 0.516]	[0.46551724137931033, 0.504, 0.493368700265252, 0.514]	word-word	question-question	0.0716	0.001	0.0438	-0.002	0.0013	0.011	12
KENT	#	[0.4217506631299735, 0.503, 0.46419098143236076, 0.516]	[0.4204244031830239, 0.422, 0.4376657824933687, 0.436]	question-header	question-header	0.0159	-0.081	-0.0013	-0.08	-0.0438	-0.067	12
KENT	GENERAL	[0.4217506631299735, 0.503, 0.46419098143236076, 0.516]	[0.41909814323607425, 0.634, 0.4986737400530504, 0.649]	no-link	question-question	0.0451	0.0027	-0.0769	-0.131	-0.133	-0.118	12
ITEMS	QUANTITY	[0.4204244031830239, 0.553, 0.4761273209549072, 0.568]	[0.6618037135278515, 0.553, 0.7546419098143236, 0.57]	header-question	header-question	0.3342	0.0	0.2414	0.002	0.1857	0.017	13
ITEMS	WATER	[0.4204244031830239, 0.553, 0.4761273209549072, 0.568]	[0.41909814323607425, 0.581, 0.4854111405835544, 0.596]	no-link	header-question	0.057	0.0013	-0.065	-0.028	-0.028	-0.013	13
ITEMS	BANNER(S)	[0.4204244031830239, 0.553, 0.4761273209549072, 0.568]	[0.4204244031830239, 0.609, 0.5092838196286472, 0.624]	no-link	header-question	0.0557	0.0	-0.0889	-0.056	-0.056	-0.041	13
ITEMS	(4	[0.4204244031830239, 0.553, 0.4761273209549072, 0.568]	[0.5145888594164456, 0.609, 0.53315649867374, 0.623]	no-link	header-question	-0.0385	-0.0942	-0.1127	-0.056	-0.055	-0.041	13
ITEMS	x	[0.4204244031830239, 0.553, 0.4761273209549072, 0.568]	[0.53315649867374, 0.612, 0.5437665782493368, 0.623]	no-link	header-question	-0.057	-0.1127	-0.1233	-0.059	-0.055	-0.044	13
ITEMS	GENERAL	[0.4204244031830239, 0.553, 0.4761273209549072, 0.568]	[0.41909814323607425, 0.634, 0.4986737400530504, 0.649]	no-link	header-question	0.057	0.0013	-0.0782	-0.081	-0.081	-0.066	13
ITEMS	WATER	[0.4204244031830239, 0.553, 0.4761273209549072, 0.568]	[0.41909814323607425, 0.581, 0.4854111405835544, 0.596]	line-line	header-question	0.065	0.028	-0.0013	0.028	-0.057	0.043	13
ITEMS	WATER	[0.4204244031830239, 0.553, 0.4761273209549072, 0.568]	[0.41909814323607425, 0.581, 0.4854111405835544, 0.596]	header-question	header-question	0.065	0.028	-0.0013	0.028	-0.057	0.043	13
ITEMS	BANNER(S)	[0.4204244031830239, 0.553, 0.4761273209549072, 0.568]	[0.4204244031830239, 0.609, 0.5092838196286472, 0.624]	header-question	header-question	0.0889	0.056	0.0	0.056	-0.0557	0.071	13
ITEMS	URBAN	[0.4204244031830239, 0.553, 0.4761273209549072, 0.568]	[0.4204244031830239, 0.649, 0.48010610079575594, 0.66]	no-link	header-question	0.0557	0.0	-0.0597	-0.096	-0.092	-0.081	13
ITEMS	GENERAL	[0.4204244031830239, 0.553, 0.4761273209549072, 0.568]	[0.41909814323607425, 0.634, 0.4986737400530504, 0.649]	header-question	header-question	0.0782	0.081	-0.0013	0.081	-0.057	0.096	13
ITEMS	URBAN	[0.4204244031830239, 0.553, 0.4761273209549072, 0.568]	[0.4204244031830239, 0.649, 0.48010610079575594, 0.66]	header-question	header-question	0.0597	0.096	0.0	0.092	-0.0557	0.107	13
ITEMS	SPANISH	[0.4204244031830239, 0.553, 0.4761273209549072, 0.568]	[0.41644562334217505, 0.662, 0.4854111405835544, 0.677]	no-link	header-question	0.0597	0.004	-0.065	-0.109	-0.109	-0.094	13
ITEMS	SPANISH	[0.4204244031830239, 0.553, 0.4761273209549072, 0.568]	[0.41644562334217505, 0.662, 0.4854111405835544, 0.677]	header-question	header-question	0.065	0.109	-0.004	0.109	-0.0597	0.124	13
QUANTITY	REQUIRED	[0.6618037135278515, 0.553, 0.7546419098143236, 0.57]	[0.753315649867374, 0.554, 0.8461538461538461, 0.568]	word-word	question-question	0.1844	0.001	0.0915	-0.002	-0.0013	0.015	13
QUANTITY	WATER	[0.6618037135278515, 0.553, 0.7546419098143236, 0.57]	[0.41909814323607425, 0.581, 0.4854111405835544, 0.596]	no-link	question-question	0.3355	0.2427	0.1764	-0.028	-0.026	-0.011	13
QUANTITY	BANNER(S)	[0.6618037135278515, 0.553, 0.7546419098143236, 0.57]	[0.4204244031830239, 0.609, 0.5092838196286472, 0.624]	no-link	question-question	0.3342	0.2414	0.1525	-0.056	-0.054	-0.039	13
QUANTITY	(4	[0.6618037135278515, 0.553, 0.7546419098143236, 0.57]	[0.5145888594164456, 0.609, 0.53315649867374, 0.623]	no-link	question-question	0.2401	0.1472	0.1286	-0.056	-0.053	-0.039	13
QUANTITY	x	[0.6618037135278515, 0.553, 0.7546419098143236, 0.57]	[0.53315649867374, 0.612, 0.5437665782493368, 0.623]	no-link	question-question	0.2215	0.1286	0.118	-0.059	-0.053	-0.042	13
QUANTITY	GENERAL	[0.6618037135278515, 0.553, 0.7546419098143236, 0.57]	[0.41909814323607425, 0.634, 0.4986737400530504, 0.649]	no-link	question-question	0.3355	0.2427	0.1631	-0.081	-0.079	-0.064	13
QUANTITY	URBAN	[0.6618037135278515, 0.553, 0.7546419098143236, 0.57]	[0.4204244031830239, 0.649, 0.48010610079575594, 0.66]	no-link	question-question	0.3342	0.2414	0.1817	-0.096	-0.09	-0.079	13
QUANTITY	SPANISH	[0.6618037135278515, 0.553, 0.7546419098143236, 0.57]	[0.41644562334217505, 0.662, 0.4854111405835544, 0.677]	no-link	question-question	0.3382	0.2454	0.1764	-0.109	-0.107	-0.092	13
WATER	BOTTLES	[0.41909814323607425, 0.581, 0.4854111405835544, 0.596]	[0.4854111405835544, 0.582, 0.5596816976127321, 0.595]	word-word	question-question	0.1406	0.001	0.0663	-0.001	0.0	0.014	13
WATER	BANNER(S)	[0.41909814323607425, 0.581, 0.4854111405835544, 0.596]	[0.4204244031830239, 0.609, 0.5092838196286472, 0.624]	no-link	question-question	0.065	-0.0013	-0.0902	-0.028	-0.028	-0.013	13
WATER	(4	[0.41909814323607425, 0.581, 0.4854111405835544, 0.596]	[0.5145888594164456, 0.609, 0.53315649867374, 0.623]	no-link	question-question	-0.0292	-0.0955	-0.1141	-0.028	-0.027	-0.013	13
WATER	x	[0.41909814323607425, 0.581, 0.4854111405835544, 0.596]	[0.53315649867374, 0.612, 0.5437665782493368, 0.623]	no-link	question-question	-0.0477	-0.1141	-0.1247	-0.031	-0.027	-0.016	13
WATER	GENERAL	[0.41909814323607425, 0.581, 0.4854111405835544, 0.596]	[0.41909814323607425, 0.634, 0.4986737400530504, 0.649]	no-link	question-question	0.0663	0.0	-0.0796	-0.053	-0.053	-0.038	13
WATER	URBAN	[0.41909814323607425, 0.581, 0.4854111405835544, 0.596]	[0.4204244031830239, 0.649, 0.48010610079575594, 0.66]	no-link	question-question	0.065	-0.0013	-0.061	-0.068	-0.064	-0.053	13
WATER	SPANISH	[0.41909814323607425, 0.581, 0.4854111405835544, 0.596]	[0.41644562334217505, 0.662, 0.4854111405835544, 0.677]	no-link	question-question	0.069	0.0027	-0.0663	-0.081	-0.081	-0.066	13
WATER	BANNER(S)	[0.41909814323607425, 0.581, 0.4854111405835544, 0.596]	[0.4204244031830239, 0.609, 0.5092838196286472, 0.624]	line-line	question-question	0.0902	0.028	0.0013	0.028	-0.065	0.043	14
WATER	SHIP	[0.41909814323607425, 0.581, 0.4854111405835544, 0.596]	[0.1220159151193634, 0.714, 0.16445623342175067, 0.729]	no-link	question-question	0.3634	0.2971	0.2546	-0.133	-0.133	-0.118	14
WATER	BOTTLES	[0.41909814323607425, 0.581, 0.4854111405835544, 0.596]	[0.4854111405835544, 0.582, 0.5596816976127321, 0.595]	word-word	question-question	0.1406	0.001	0.0663	-0.001	0.0	0.014	14
WATER	ITEMS	[0.41909814323607425, 0.581, 0.4854111405835544, 0.596]	[0.4204244031830239, 0.553, 0.4761273209549072, 0.568]	question-header	question-header	0.057	-0.028	0.0013	-0.028	-0.065	-0.013	14
WATER	CUSTOMER	[0.41909814323607425, 0.581, 0.4854111405835544, 0.596]	[0.1246684350132626, 0.742, 0.21352785145888595, 0.757]	no-link	question-question	0.3607	0.2944	0.2056	-0.161	-0.161	-0.146	14
BANNER(S)	(4	[0.4204244031830239, 0.609, 0.5092838196286472, 0.624]	[0.5145888594164456, 0.609, 0.53315649867374, 0.623]	word-word	question-question	0.1127	0.0	0.0942	-0.001	0.0053	0.014	13
BANNER(S)	x	[0.4204244031830239, 0.609, 0.5092838196286472, 0.624]	[0.53315649867374, 0.612, 0.5437665782493368, 0.623]	no-link	question-question	-0.0239	-0.1127	-0.1233	-0.003	0.001	0.012	13
BANNER(S)	GENERAL	[0.4204244031830239, 0.609, 0.5092838196286472, 0.624]	[0.41909814323607425, 0.634, 0.4986737400530504, 0.649]	no-link	question-question	0.0902	0.0013	-0.0782	-0.025	-0.025	-0.01	13
BANNER(S)	URBAN	[0.4204244031830239, 0.609, 0.5092838196286472, 0.624]	[0.4204244031830239, 0.649, 0.48010610079575594, 0.66]	no-link	question-question	0.0889	0.0	-0.0597	-0.04	-0.036	-0.025	13
BANNER(S)	SPANISH	[0.4204244031830239, 0.609, 0.5092838196286472, 0.624]	[0.41644562334217505, 0.662, 0.4854111405835544, 0.677]	no-link	question-question	0.0928	0.004	-0.065	-0.053	-0.053	-0.038	13
BANNER(S)	SHIP	[0.4204244031830239, 0.609, 0.5092838196286472, 0.624]	[0.1220159151193634, 0.714, 0.16445623342175067, 0.729]	no-link	question-question	0.3873	0.2984	0.256	-0.105	-0.105	-0.09	13
BANNER(S)	CUSTOMER	[0.4204244031830239, 0.609, 0.5092838196286472, 0.624]	[0.1246684350132626, 0.742, 0.21352785145888595, 0.757]	no-link	question-question	0.3846	0.2958	0.2069	-0.133	-0.133	-0.118	13
(4	x	[0.5145888594164456, 0.609, 0.53315649867374, 0.623]	[0.53315649867374, 0.612, 0.5437665782493368, 0.623]	word-word	question-question	0.0292	0.003	0.0186	0.0	0.0	0.014	13
(4	BANNER(S)	[0.5145888594164456, 0.609, 0.53315649867374, 0.623]	[0.4204244031830239, 0.609, 0.5092838196286472, 0.624]	no-link	question-question	0.1127	0.0942	0.0053	0.0	-0.001	0.014	13
(4	GENERAL	[0.5145888594164456, 0.609, 0.53315649867374, 0.623]	[0.41909814323607425, 0.634, 0.4986737400530504, 0.649]	no-link	question-question	0.1141	0.0955	0.0159	-0.025	-0.026	-0.011	13
(4	URBAN	[0.5145888594164456, 0.609, 0.53315649867374, 0.623]	[0.4204244031830239, 0.649, 0.48010610079575594, 0.66]	no-link	question-question	0.1127	0.0942	0.0345	-0.04	-0.037	-0.026	13
(4	SPANISH	[0.5145888594164456, 0.609, 0.53315649867374, 0.623]	[0.41644562334217505, 0.662, 0.4854111405835544, 0.677]	no-link	question-question	0.1167	0.0981	0.0292	-0.053	-0.054	-0.039	13
(4	SHIP	[0.5145888594164456, 0.609, 0.53315649867374, 0.623]	[0.1220159151193634, 0.714, 0.16445623342175067, 0.729]	no-link	question-question	0.4111	0.3926	0.3501	-0.105	-0.106	-0.091	13
(4	CUSTOMER	[0.5145888594164456, 0.609, 0.53315649867374, 0.623]	[0.1246684350132626, 0.742, 0.21352785145888595, 0.757]	no-link	question-question	0.4085	0.3899	0.3011	-0.133	-0.134	-0.119	13
BANNER(S)	GENERAL	[0.4204244031830239, 0.609, 0.5092838196286472, 0.624]	[0.41909814323607425, 0.634, 0.4986737400530504, 0.649]	line-line	question-question	0.0782	0.025	-0.0013	0.025	-0.0902	0.04	15
BANNER(S)	SHIPPING	[0.4204244031830239, 0.609, 0.5092838196286472, 0.624]	[0.21352785145888595, 0.742, 0.28514588859416445, 0.757]	no-link	question-question	0.2958	0.2069	0.1353	-0.133	-0.133	-0.118	15
BANNER(S)	(4	[0.4204244031830239, 0.609, 0.5092838196286472, 0.624]	[0.5145888594164456, 0.609, 0.53315649867374, 0.623]	word-word	question-question	0.1127	0.0	0.0942	-0.001	0.0053	0.014	15
BANNER(S)	NYO	[0.4204244031830239, 0.609, 0.5092838196286472, 0.624]	[0.1220159151193634, 0.782, 0.16312997347480107, 0.796]	no-link	question-header	0.3873	0.2984	0.2573	-0.173	-0.172	-0.158	15
(4	x	[0.5145888594164456, 0.609, 0.53315649867374, 0.623]	[0.53315649867374, 0.612, 0.5437665782493368, 0.623]	word-word	question-question	0.0292	0.003	0.0186	0.0	0.0	0.014	15
(4	SHIPPING	[0.5145888594164456, 0.609, 0.53315649867374, 0.623]	[0.21352785145888595, 0.742, 0.28514588859416445, 0.757]	no-link	question-question	0.3196	0.3011	0.2294	-0.133	-0.134	-0.119	15
(4	NYO	[0.5145888594164456, 0.609, 0.53315649867374, 0.623]	[0.1220159151193634, 0.782, 0.16312997347480107, 0.796]	no-link	question-header	0.4111	0.3926	0.3515	-0.173	-0.173	-0.159	15
BANNER(S)	ITEMS	[0.4204244031830239, 0.609, 0.5092838196286472, 0.624]	[0.4204244031830239, 0.553, 0.4761273209549072, 0.568]	question-header	question-header	0.0557	-0.056	0.0	-0.056	-0.0889	-0.041	15
x	8)	[0.53315649867374, 0.612, 0.5437665782493368, 0.623]	[0.5464190981432361, 0.609, 0.5649867374005305, 0.624]	word-word	question-question	0.0318	-0.003	0.0133	0.001	0.0027	0.012	13
x	GENERAL	[0.53315649867374, 0.612, 0.5437665782493368, 0.623]	[0.41909814323607425, 0.634, 0.4986737400530504, 0.649]	no-link	question-question	0.1247	0.1141	0.0345	-0.022	-0.026	-0.011	13
x	URBAN	[0.53315649867374, 0.612, 0.5437665782493368, 0.623]	[0.4204244031830239, 0.649, 0.48010610079575594, 0.66]	no-link	question-question	0.1233	0.1127	0.0531	-0.037	-0.037	-0.026	13
x	SPANISH	[0.53315649867374, 0.612, 0.5437665782493368, 0.623]	[0.41644562334217505, 0.662, 0.4854111405835544, 0.677]	no-link	question-question	0.1273	0.1167	0.0477	-0.05	-0.054	-0.039	13
x	SHIP	[0.53315649867374, 0.612, 0.5437665782493368, 0.623]	[0.1220159151193634, 0.714, 0.16445623342175067, 0.729]	no-link	question-question	0.4218	0.4111	0.3687	-0.102	-0.106	-0.091	13
x	CUSTOMER	[0.53315649867374, 0.612, 0.5437665782493368, 0.623]	[0.1246684350132626, 0.742, 0.21352785145888595, 0.757]	no-link	question-question	0.4191	0.4085	0.3196	-0.13	-0.134	-0.119	13
x	SHIPPING	[0.53315649867374, 0.612, 0.5437665782493368, 0.623]	[0.21352785145888595, 0.742, 0.28514588859416445, 0.757]	no-link	question-question	0.3302	0.3196	0.248	-0.13	-0.134	-0.119	13
x	NYO	[0.53315649867374, 0.612, 0.5437665782493368, 0.623]	[0.1220159151193634, 0.782, 0.16312997347480107, 0.796]	no-link	question-header	0.4218	0.4111	0.37	-0.17	-0.173	-0.159	13
x	8)	[0.53315649867374, 0.612, 0.5437665782493368, 0.623]	[0.5464190981432361, 0.609, 0.5649867374005305, 0.624]	word-word	question-question	0.0318	-0.003	0.0133	0.001	0.0027	0.012	15
GENERAL	MARKET	[0.41909814323607425, 0.634, 0.4986737400530504, 0.649]	[0.4960212201591512, 0.637, 0.5649867374005305, 0.65]	word-word	question-question	0.1459	0.003	0.0769	0.001	-0.0027	0.016	13
GENERAL	URBAN	[0.41909814323607425, 0.634, 0.4986737400530504, 0.649]	[0.4204244031830239, 0.649, 0.48010610079575594, 0.66]	no-link	question-question	0.0782	-0.0013	-0.061	-0.015	-0.011	0.0	13
GENERAL	SPANISH	[0.41909814323607425, 0.634, 0.4986737400530504, 0.649]	[0.41644562334217505, 0.662, 0.4854111405835544, 0.677]	no-link	question-question	0.0822	0.0027	-0.0663	-0.028	-0.028	-0.013	13
GENERAL	SHIP	[0.41909814323607425, 0.634, 0.4986737400530504, 0.649]	[0.1220159151193634, 0.714, 0.16445623342175067, 0.729]	no-link	question-question	0.3767	0.2971	0.2546	-0.08	-0.08	-0.065	13
GENERAL	CUSTOMER	[0.41909814323607425, 0.634, 0.4986737400530504, 0.649]	[0.1246684350132626, 0.742, 0.21352785145888595, 0.757]	no-link	question-question	0.374	0.2944	0.2056	-0.108	-0.108	-0.093	13
GENERAL	SHIPPING	[0.41909814323607425, 0.634, 0.4986737400530504, 0.649]	[0.21352785145888595, 0.742, 0.28514588859416445, 0.757]	no-link	question-question	0.2851	0.2056	0.134	-0.108	-0.108	-0.093	13
GENERAL	NYO	[0.41909814323607425, 0.634, 0.4986737400530504, 0.649]	[0.1220159151193634, 0.782, 0.16312997347480107, 0.796]	no-link	question-header	0.3767	0.2971	0.256	-0.148	-0.147	-0.133	13
GENERAL	URBAN	[0.41909814323607425, 0.634, 0.4986737400530504, 0.649]	[0.4204244031830239, 0.649, 0.48010610079575594, 0.66]	line-line	question-question	0.061	0.015	0.0013	0.011	-0.0782	0.026	16
GENERAL	MARKET	[0.41909814323607425, 0.634, 0.4986737400530504, 0.649]	[0.4960212201591512, 0.637, 0.5649867374005305, 0.65]	word-word	question-question	0.1459	0.003	0.0769	0.001	-0.0027	0.016	16
GENERAL	ITEMS	[0.41909814323607425, 0.634, 0.4986737400530504, 0.649]	[0.4204244031830239, 0.553, 0.4761273209549072, 0.568]	question-header	question-header	0.057	-0.081	0.0013	-0.081	-0.0782	-0.066	16
URBAN	SPANISH	[0.4204244031830239, 0.649, 0.48010610079575594, 0.66]	[0.41644562334217505, 0.662, 0.4854111405835544, 0.677]	line-line	question-question	0.065	0.013	-0.004	0.017	-0.0637	0.028	17
URBAN	SHIP	[0.4204244031830239, 0.649, 0.48010610079575594, 0.66]	[0.1220159151193634, 0.714, 0.16445623342175067, 0.729]	no-link	question-question	0.3581	0.2984	0.256	-0.065	-0.069	-0.054	17
URBAN	CUSTOMER	[0.4204244031830239, 0.649, 0.48010610079575594, 0.66]	[0.1246684350132626, 0.742, 0.21352785145888595, 0.757]	no-link	question-question	0.3554	0.2958	0.2069	-0.093	-0.097	-0.082	17
URBAN	SHIPPING	[0.4204244031830239, 0.649, 0.48010610079575594, 0.66]	[0.21352785145888595, 0.742, 0.28514588859416445, 0.757]	no-link	question-question	0.2666	0.2069	0.1353	-0.093	-0.097	-0.082	17
URBAN	NYO	[0.4204244031830239, 0.649, 0.48010610079575594, 0.66]	[0.1220159151193634, 0.782, 0.16312997347480107, 0.796]	no-link	question-header	0.3581	0.2984	0.2573	-0.133	-0.136	-0.122	17
URBAN	ITEMS	[0.4204244031830239, 0.649, 0.48010610079575594, 0.66]	[0.4204244031830239, 0.553, 0.4761273209549072, 0.568]	question-header	question-header	0.0557	-0.096	0.0	-0.092	-0.0597	-0.081	17
SPANISH	LANGUAGE	[0.41644562334217505, 0.662, 0.4854111405835544, 0.677]	[0.4854111405835544, 0.662, 0.5782493368700266, 0.676]	word-word	question-question	0.1618	0.0	0.069	-0.001	0.0	0.014	13
SPANISH	SHIP	[0.41644562334217505, 0.662, 0.4854111405835544, 0.677]	[0.1220159151193634, 0.714, 0.16445623342175067, 0.729]	no-link	question-question	0.3634	0.2944	0.252	-0.052	-0.052	-0.037	13
SPANISH	CUSTOMER	[0.41644562334217505, 0.662, 0.4854111405835544, 0.677]	[0.1246684350132626, 0.742, 0.21352785145888595, 0.757]	no-link	question-question	0.3607	0.2918	0.2029	-0.08	-0.08	-0.065	13
SPANISH	SHIPPING	[0.41644562334217505, 0.662, 0.4854111405835544, 0.677]	[0.21352785145888595, 0.742, 0.28514588859416445, 0.757]	no-link	question-question	0.2719	0.2029	0.1313	-0.08	-0.08	-0.065	13
SPANISH	NYO	[0.41644562334217505, 0.662, 0.4854111405835544, 0.677]	[0.1220159151193634, 0.782, 0.16312997347480107, 0.796]	no-link	question-header	0.3634	0.2944	0.2533	-0.12	-0.119	-0.105	13
SPANISH	SHIP	[0.41644562334217505, 0.662, 0.4854111405835544, 0.677]	[0.1220159151193634, 0.714, 0.16445623342175067, 0.729]	line-line	question-header	-0.252	0.052	-0.2944	0.052	-0.3634	0.067	18
SPANISH	LANGUAGE	[0.41644562334217505, 0.662, 0.4854111405835544, 0.677]	[0.4854111405835544, 0.662, 0.5782493368700266, 0.676]	word-word	question-question	0.1618	0.0	0.069	-0.001	0.0	0.014	18
SPANISH	ITEMS	[0.41644562334217505, 0.662, 0.4854111405835544, 0.677]	[0.4204244031830239, 0.553, 0.4761273209549072, 0.568]	question-header	question-header	0.0597	-0.109	0.004	-0.109	-0.065	-0.094	18
SHIP	CUSTOMER	[0.1220159151193634, 0.714, 0.16445623342175067, 0.729]	[0.1246684350132626, 0.742, 0.21352785145888595, 0.757]	line-line	header-question	0.0915	0.028	0.0027	0.028	-0.0398	0.043	19
SHIP	SHIPPING	[0.1220159151193634, 0.714, 0.16445623342175067, 0.729]	[0.21352785145888595, 0.742, 0.28514588859416445, 0.757]	no-link	header-question	-0.0491	-0.0915	-0.1631	-0.028	-0.028	-0.013	19
SHIP	NYO	[0.1220159151193634, 0.714, 0.16445623342175067, 0.729]	[0.1220159151193634, 0.782, 0.16312997347480107, 0.796]	no-link	header-header	0.0424	0.0	-0.0411	-0.068	-0.067	-0.053	19
SHIP	TO:	[0.1220159151193634, 0.714, 0.16445623342175067, 0.729]	[0.16445623342175067, 0.715, 0.19363395225464192, 0.73]	word-word	header-header	0.0716	0.001	0.0424	0.001	0.0	0.016	19
CUSTOMER	198	[0.1246684350132626, 0.742, 0.21352785145888595, 0.757]	[0.4350132625994695, 0.744, 0.473474801061008, 0.755]	question-question	question-question	0.3488	0.002	0.3103	-0.002	0.2215	0.013	20
CUSTOMER	SHIPPING	[0.1246684350132626, 0.742, 0.21352785145888595, 0.757]	[0.21352785145888595, 0.742, 0.28514588859416445, 0.757]	no-link	question-question	0.0	-0.0889	-0.1605	0.0	0.0	0.015	20
CUSTOMER	NYO	[0.1246684350132626, 0.742, 0.21352785145888595, 0.757]	[0.1220159151193634, 0.782, 0.16312997347480107, 0.796]	no-link	question-header	0.0915	0.0027	-0.0385	-0.04	-0.039	-0.025	20
CUSTOMER	NYO	[0.1246684350132626, 0.742, 0.21352785145888595, 0.757]	[0.1220159151193634, 0.782, 0.16312997347480107, 0.796]	line-line	question-header	0.0385	0.04	-0.0027	0.039	-0.0915	0.054	20
CUSTOMER	SHIPPING	[0.1246684350132626, 0.742, 0.21352785145888595, 0.757]	[0.21352785145888595, 0.742, 0.28514588859416445, 0.757]	word-word	question-question	0.1605	0.0	0.0889	0.0	0.0	0.015	20
SHIPPING	NUMBER	[0.21352785145888595, 0.742, 0.28514588859416445, 0.757]	[0.2891246684350133, 0.742, 0.35809018567639256, 0.757]	word-word	question-question	0.1446	0.0	0.0756	0.0	0.004	0.015	20
NYO	ONLY:	[0.1220159151193634, 0.782, 0.16312997347480107, 0.796]	[0.16312997347480107, 0.784, 0.22015915119363394, 0.797]	word-word	header-header	0.0981	0.002	0.0411	0.001	0.0	0.015	21
