Lorillard	VIA	[0.1278772378516624, 0.063, 0.3976982097186701, 0.133]	[0.4718670076726343, 0.224, 0.5076726342710998, 0.239]	line-line	header-header	0.3798	0.161	0.344	0.106	0.0742	0.176	0
Lorillard	TOBACCO	[0.1278772378516624, 0.063, 0.3976982097186701, 0.133]	[0.23529411764705882, 0.118, 0.3030690537084399, 0.136]	no-link	header-header	0.1624	-0.1074	-0.1752	-0.055	-0.003	0.015	0
Lorillard	378-	[0.1278772378516624, 0.063, 0.3976982097186701, 0.133]	[0.35294117647058826, 0.296, 0.40025575447570333, 0.313]	no-link	header-answer	0.0448	-0.2251	-0.2724	-0.233	-0.18	-0.163	0
Lorillard	001	[0.1278772378516624, 0.063, 0.3976982097186701, 0.133]	[0.3989769820971867, 0.296, 0.43350383631713557, 0.313]	no-link	header-answer	-0.0013	-0.2711	-0.3056	-0.233	-0.18	-0.163	0
Lorillard	(919)	[0.1278772378516624, 0.063, 0.3976982097186701, 0.133]	[0.30818414322250637, 0.297, 0.35038363171355497, 0.312]	no-link	header-answer	0.0895	-0.1803	-0.2225	-0.234	-0.179	-0.164	0
Lorillard	TO:	[0.1278772378516624, 0.063, 0.3976982097186701, 0.133]	[0.19309462915601022, 0.319, 0.23145780051150894, 0.339]	no-link	header-question	0.2046	-0.0652	-0.1036	-0.256	-0.206	-0.186	0
Lorillard	Ron	[0.1278772378516624, 0.063, 0.3976982097186701, 0.133]	[0.30562659846547313, 0.319, 0.3350383631713555, 0.332]	no-link	header-answer	0.0921	-0.1777	-0.2072	-0.256	-0.199	-0.186	0
Lorillard	Becky	[0.1278772378516624, 0.063, 0.3976982097186701, 0.133]	[0.29923273657289, 0.347, 0.35294117647058826, 0.359]	no-link	header-answer	0.0985	-0.1714	-0.2251	-0.284	-0.226	-0.214	0
Lorillard	FROM:	[0.1278772378516624, 0.063, 0.3976982097186701, 0.133]	[0.1956521739130435, 0.349, 0.2531969309462916, 0.366]	no-link	header-question	0.202	-0.0678	-0.1253	-0.286	-0.233	-0.216	0
Lorillard	July	[0.1278772378516624, 0.063, 0.3976982097186701, 0.133]	[0.30562659846547313, 0.372, 0.34398976982097185, 0.387]	no-link	header-answer	0.0921	-0.1777	-0.2161	-0.309	-0.254	-0.239	0
Lorillard	22,	[0.1278772378516624, 0.063, 0.3976982097186701, 0.133]	[0.34654731457800514, 0.375, 0.38107416879795397, 0.385]	no-link	header-answer	0.0512	-0.2187	-0.2532	-0.312	-0.252	-0.242	0
Lorillard	DATE:	[0.1278772378516624, 0.063, 0.3976982097186701, 0.133]	[0.19309462915601022, 0.379, 0.2531969309462916, 0.392]	no-link	header-question	0.2046	-0.0652	-0.1253	-0.316	-0.259	-0.246	0
Lorillard	PAGES	[0.1278772378516624, 0.063, 0.3976982097186701, 0.133]	[0.30179028132992325, 0.417, 0.3593350383631714, 0.432]	no-link	header-question	0.0959	-0.1739	-0.2315	-0.354	-0.299	-0.284	0
Lorillard	(INCLUDING	[0.1278772378516624, 0.063, 0.3976982097186701, 0.133]	[0.37851662404092073, 0.417, 0.48721227621483376, 0.43]	no-link	header-question	0.0192	-0.2506	-0.3593	-0.354	-0.297	-0.284	0
Lorillard	COVER	[0.1278772378516624, 0.063, 0.3976982097186701, 0.133]	[0.49744245524296676, 0.417, 0.551150895140665, 0.429]	no-link	header-question	-0.0997	-0.3696	-0.4233	-0.354	-0.296	-0.284	0
Lorillard	NUMBER	[0.1278772378516624, 0.063, 0.3976982097186701, 0.133]	[0.1956521739130435, 0.419, 0.26982097186700765, 0.431]	no-link	header-question	0.202	-0.0678	-0.1419	-0.356	-0.298	-0.286	0
Lorillard	TOBACCO	[0.1278772378516624, 0.063, 0.3976982097186701, 0.133]	[0.23529411764705882, 0.118, 0.3030690537084399, 0.136]	word-word	header-header	0.1752	0.055	0.1074	0.003	-0.1624	0.073	0
TOBACCO	COMPANY	[0.23529411764705882, 0.118, 0.3030690537084399, 0.136]	[0.30818414322250637, 0.116, 0.38491048593350385, 0.134]	word-word	header-header	0.1496	-0.002	0.0729	-0.002	0.0051	0.016	0
TOBACCO	VIA	[0.23529411764705882, 0.118, 0.3030690537084399, 0.136]	[0.4718670076726343, 0.224, 0.5076726342710998, 0.239]	no-link	header-header	-0.1688	-0.2366	-0.2724	-0.106	-0.103	-0.088	0
TOBACCO	378-	[0.23529411764705882, 0.118, 0.3030690537084399, 0.136]	[0.35294117647058826, 0.296, 0.40025575447570333, 0.313]	no-link	header-answer	-0.0499	-0.1176	-0.165	-0.178	-0.177	-0.16	0
TOBACCO	001	[0.23529411764705882, 0.118, 0.3030690537084399, 0.136]	[0.3989769820971867, 0.296, 0.43350383631713557, 0.313]	no-link	header-answer	-0.0959	-0.1637	-0.1982	-0.178	-0.177	-0.16	0
TOBACCO	(919)	[0.23529411764705882, 0.118, 0.3030690537084399, 0.136]	[0.30818414322250637, 0.297, 0.35038363171355497, 0.312]	no-link	header-answer	-0.0051	-0.0729	-0.1151	-0.179	-0.176	-0.161	0
TOBACCO	TO:	[0.23529411764705882, 0.118, 0.3030690537084399, 0.136]	[0.19309462915601022, 0.319, 0.23145780051150894, 0.339]	no-link	header-question	0.11	0.0422	0.0038	-0.201	-0.203	-0.183	0
TOBACCO	Ron	[0.23529411764705882, 0.118, 0.3030690537084399, 0.136]	[0.30562659846547313, 0.319, 0.3350383631713555, 0.332]	no-link	header-answer	-0.0026	-0.0703	-0.0997	-0.201	-0.196	-0.183	0
TOBACCO	Becky	[0.23529411764705882, 0.118, 0.3030690537084399, 0.136]	[0.29923273657289, 0.347, 0.35294117647058826, 0.359]	no-link	header-answer	0.0038	-0.0639	-0.1176	-0.229	-0.223	-0.211	0
TOBACCO	FROM:	[0.23529411764705882, 0.118, 0.3030690537084399, 0.136]	[0.1956521739130435, 0.349, 0.2531969309462916, 0.366]	no-link	header-question	0.1074	0.0396	-0.0179	-0.231	-0.23	-0.213	0
TOBACCO	July	[0.23529411764705882, 0.118, 0.3030690537084399, 0.136]	[0.30562659846547313, 0.372, 0.34398976982097185, 0.387]	no-link	header-answer	-0.0026	-0.0703	-0.1087	-0.254	-0.251	-0.236	0
TOBACCO	22,	[0.23529411764705882, 0.118, 0.3030690537084399, 0.136]	[0.34654731457800514, 0.375, 0.38107416879795397, 0.385]	no-link	header-answer	-0.0435	-0.1113	-0.1458	-0.257	-0.249	-0.239	0
TOBACCO	DATE:	[0.23529411764705882, 0.118, 0.3030690537084399, 0.136]	[0.19309462915601022, 0.379, 0.2531969309462916, 0.392]	no-link	header-question	0.11	0.0422	-0.0179	-0.261	-0.256	-0.243	0
TOBACCO	PAGES	[0.23529411764705882, 0.118, 0.3030690537084399, 0.136]	[0.30179028132992325, 0.417, 0.3593350383631714, 0.432]	no-link	header-question	0.0013	-0.0665	-0.124	-0.299	-0.296	-0.281	0
TOBACCO	(INCLUDING	[0.23529411764705882, 0.118, 0.3030690537084399, 0.136]	[0.37851662404092073, 0.417, 0.48721227621483376, 0.43]	no-link	header-question	-0.0754	-0.1432	-0.2519	-0.299	-0.294	-0.281	0
TOBACCO	COVER	[0.23529411764705882, 0.118, 0.3030690537084399, 0.136]	[0.49744245524296676, 0.417, 0.551150895140665, 0.429]	no-link	header-question	-0.1944	-0.2621	-0.3159	-0.299	-0.293	-0.281	0
TOBACCO	NUMBER	[0.23529411764705882, 0.118, 0.3030690537084399, 0.136]	[0.1956521739130435, 0.419, 0.26982097186700765, 0.431]	no-link	header-question	0.1074	0.0396	-0.0345	-0.301	-0.295	-0.283	0
TOBACCO	OF	[0.23529411764705882, 0.118, 0.3030690537084399, 0.136]	[0.2672634271099744, 0.419, 0.29539641943734013, 0.432]	no-link	header-question	0.0358	-0.032	-0.0601	-0.301	-0.296	-0.283	0
VIA	TO:	[0.4718670076726343, 0.224, 0.5076726342710998, 0.239]	[0.19309462915601022, 0.319, 0.23145780051150894, 0.339]	line-line	header-question	-0.2404	0.095	-0.2788	0.1	-0.3146	0.115	1
VIA	378-	[0.4718670076726343, 0.224, 0.5076726342710998, 0.239]	[0.35294117647058826, 0.296, 0.40025575447570333, 0.313]	no-link	header-answer	0.1547	0.1189	0.0716	-0.072	-0.074	-0.057	1
VIA	001	[0.4718670076726343, 0.224, 0.5076726342710998, 0.239]	[0.3989769820971867, 0.296, 0.43350383631713557, 0.313]	no-link	header-answer	0.1087	0.0729	0.0384	-0.072	-0.074	-0.057	1
VIA	(919)	[0.4718670076726343, 0.224, 0.5076726342710998, 0.239]	[0.30818414322250637, 0.297, 0.35038363171355497, 0.312]	no-link	header-answer	0.1995	0.1637	0.1215	-0.073	-0.073	-0.058	1
VIA	Ron	[0.4718670076726343, 0.224, 0.5076726342710998, 0.239]	[0.30562659846547313, 0.319, 0.3350383631713555, 0.332]	no-link	header-answer	0.202	0.1662	0.1368	-0.095	-0.093	-0.08	1
VIA	Becky	[0.4718670076726343, 0.224, 0.5076726342710998, 0.239]	[0.29923273657289, 0.347, 0.35294117647058826, 0.359]	no-link	header-answer	0.2084	0.1726	0.1189	-0.123	-0.12	-0.108	1
VIA	FROM:	[0.4718670076726343, 0.224, 0.5076726342710998, 0.239]	[0.1956521739130435, 0.349, 0.2531969309462916, 0.366]	no-link	header-question	0.312	0.2762	0.2187	-0.125	-0.127	-0.11	1
VIA	July	[0.4718670076726343, 0.224, 0.5076726342710998, 0.239]	[0.30562659846547313, 0.372, 0.34398976982097185, 0.387]	no-link	header-answer	0.202	0.1662	0.1279	-0.148	-0.148	-0.133	1
VIA	22,	[0.4718670076726343, 0.224, 0.5076726342710998, 0.239]	[0.34654731457800514, 0.375, 0.38107416879795397, 0.385]	no-link	header-answer	0.1611	0.1253	0.0908	-0.151	-0.146	-0.136	1
VIA	DATE:	[0.4718670076726343, 0.224, 0.5076726342710998, 0.239]	[0.19309462915601022, 0.379, 0.2531969309462916, 0.392]	no-link	header-question	0.3146	0.2788	0.2187	-0.155	-0.153	-0.14	1
VIA	PAGES	[0.4718670076726343, 0.224, 0.5076726342710998, 0.239]	[0.30179028132992325, 0.417, 0.3593350383631714, 0.432]	no-link	header-question	0.2059	0.1701	0.1125	-0.193	-0.193	-0.178	1
VIA	(INCLUDING	[0.4718670076726343, 0.224, 0.5076726342710998, 0.239]	[0.37851662404092073, 0.417, 0.48721227621483376, 0.43]	no-link	header-question	0.1292	0.0934	-0.0153	-0.193	-0.191	-0.178	1
VIA	COVER	[0.4718670076726343, 0.224, 0.5076726342710998, 0.239]	[0.49744245524296676, 0.417, 0.551150895140665, 0.429]	no-link	header-question	0.0102	-0.0256	-0.0793	-0.193	-0.19	-0.178	1
VIA	NUMBER	[0.4718670076726343, 0.224, 0.5076726342710998, 0.239]	[0.1956521739130435, 0.419, 0.26982097186700765, 0.431]	no-link	header-question	0.312	0.2762	0.202	-0.195	-0.192	-0.18	1
VIA	OF	[0.4718670076726343, 0.224, 0.5076726342710998, 0.239]	[0.2672634271099744, 0.419, 0.29539641943734013, 0.432]	no-link	header-question	0.2404	0.2046	0.1765	-0.195	-0.193	-0.18	1
VIA	FACSIMILE	[0.4718670076726343, 0.224, 0.5076726342710998, 0.239]	[0.5140664961636828, 0.224, 0.6163682864450127, 0.237]	word-word	header-header	0.1445	0.0	0.0422	-0.002	0.0064	0.013	1
378-	001	[0.35294117647058826, 0.296, 0.40025575447570333, 0.313]	[0.3989769820971867, 0.296, 0.43350383631713557, 0.313]	word-word	answer-answer	0.0806	0.0	0.046	0.0	-0.0013	0.017	2
378-	(919)	[0.35294117647058826, 0.296, 0.40025575447570333, 0.313]	[0.30818414322250637, 0.297, 0.35038363171355497, 0.312]	no-link	answer-answer	0.0921	0.0448	0.0026	-0.001	0.001	0.016	2
378-	TO:	[0.35294117647058826, 0.296, 0.40025575447570333, 0.313]	[0.19309462915601022, 0.319, 0.23145780051150894, 0.339]	no-link	answer-question	0.2072	0.1598	0.1215	-0.023	-0.026	-0.006	2
378-	Ron	[0.35294117647058826, 0.296, 0.40025575447570333, 0.313]	[0.30562659846547313, 0.319, 0.3350383631713555, 0.332]	no-link	answer-answer	0.0946	0.0473	0.0179	-0.023	-0.019	-0.006	2
378-	Becky	[0.35294117647058826, 0.296, 0.40025575447570333, 0.313]	[0.29923273657289, 0.347, 0.35294117647058826, 0.359]	no-link	answer-answer	0.101	0.0537	0.0	-0.051	-0.046	-0.034	2
378-	FROM:	[0.35294117647058826, 0.296, 0.40025575447570333, 0.313]	[0.1956521739130435, 0.349, 0.2531969309462916, 0.366]	no-link	answer-question	0.2046	0.1573	0.0997	-0.053	-0.053	-0.036	2
378-	July	[0.35294117647058826, 0.296, 0.40025575447570333, 0.313]	[0.30562659846547313, 0.372, 0.34398976982097185, 0.387]	no-link	answer-answer	0.0946	0.0473	0.009	-0.076	-0.074	-0.059	2
378-	22,	[0.35294117647058826, 0.296, 0.40025575447570333, 0.313]	[0.34654731457800514, 0.375, 0.38107416879795397, 0.385]	no-link	answer-answer	0.0537	0.0064	-0.0281	-0.079	-0.072	-0.062	2
378-	DATE:	[0.35294117647058826, 0.296, 0.40025575447570333, 0.313]	[0.19309462915601022, 0.379, 0.2531969309462916, 0.392]	no-link	answer-question	0.2072	0.1598	0.0997	-0.083	-0.079	-0.066	2
378-	PAGES	[0.35294117647058826, 0.296, 0.40025575447570333, 0.313]	[0.30179028132992325, 0.417, 0.3593350383631714, 0.432]	no-link	answer-question	0.0985	0.0512	-0.0064	-0.121	-0.119	-0.104	2
378-	(INCLUDING	[0.35294117647058826, 0.296, 0.40025575447570333, 0.313]	[0.37851662404092073, 0.417, 0.48721227621483376, 0.43]	no-link	answer-question	0.0217	-0.0256	-0.1343	-0.121	-0.117	-0.104	2
378-	COVER	[0.35294117647058826, 0.296, 0.40025575447570333, 0.313]	[0.49744245524296676, 0.417, 0.551150895140665, 0.429]	no-link	answer-question	-0.0972	-0.1445	-0.1982	-0.121	-0.116	-0.104	2
378-	NUMBER	[0.35294117647058826, 0.296, 0.40025575447570333, 0.313]	[0.1956521739130435, 0.419, 0.26982097186700765, 0.431]	no-link	answer-question	0.2046	0.1573	0.0831	-0.123	-0.118	-0.106	2
378-	OF	[0.35294117647058826, 0.296, 0.40025575447570333, 0.313]	[0.2672634271099744, 0.419, 0.29539641943734013, 0.432]	no-link	answer-question	0.133	0.0857	0.0575	-0.123	-0.119	-0.106	2
378-	373-	[0.35294117647058826, 0.296, 0.40025575447570333, 0.313]	[0.46930946291560105, 0.444, 0.5166240409207161, 0.461]	no-link	answer-answer	-0.0691	-0.1164	-0.1637	-0.148	-0.148	-0.131	2
001	Ron	[0.3989769820971867, 0.296, 0.43350383631713557, 0.313]	[0.30562659846547313, 0.319, 0.3350383631713555, 0.332]	word-word	answer-answer	-0.0639	0.023	-0.0934	0.019	-0.1279	0.036	2
001	TO:	[0.3989769820971867, 0.296, 0.43350383631713557, 0.313]	[0.19309462915601022, 0.319, 0.23145780051150894, 0.339]	no-link	answer-question	0.2404	0.2059	0.1675	-0.023	-0.026	-0.006	2
001	Becky	[0.3989769820971867, 0.296, 0.43350383631713557, 0.313]	[0.29923273657289, 0.347, 0.35294117647058826, 0.359]	no-link	answer-answer	0.1343	0.0997	0.046	-0.051	-0.046	-0.034	2
001	FROM:	[0.3989769820971867, 0.296, 0.43350383631713557, 0.313]	[0.1956521739130435, 0.349, 0.2531969309462916, 0.366]	no-link	answer-question	0.2379	0.2033	0.1458	-0.053	-0.053	-0.036	2
001	July	[0.3989769820971867, 0.296, 0.43350383631713557, 0.313]	[0.30562659846547313, 0.372, 0.34398976982097185, 0.387]	no-link	answer-answer	0.1279	0.0934	0.055	-0.076	-0.074	-0.059	2
001	22,	[0.3989769820971867, 0.296, 0.43350383631713557, 0.313]	[0.34654731457800514, 0.375, 0.38107416879795397, 0.385]	no-link	answer-answer	0.087	0.0524	0.0179	-0.079	-0.072	-0.062	2
001	DATE:	[0.3989769820971867, 0.296, 0.43350383631713557, 0.313]	[0.19309462915601022, 0.379, 0.2531969309462916, 0.392]	no-link	answer-question	0.2404	0.2059	0.1458	-0.083	-0.079	-0.066	2
001	PAGES	[0.3989769820971867, 0.296, 0.43350383631713557, 0.313]	[0.30179028132992325, 0.417, 0.3593350383631714, 0.432]	no-link	answer-question	0.1317	0.0972	0.0396	-0.121	-0.119	-0.104	2
001	(INCLUDING	[0.3989769820971867, 0.296, 0.43350383631713557, 0.313]	[0.37851662404092073, 0.417, 0.48721227621483376, 0.43]	no-link	answer-question	0.055	0.0205	-0.0882	-0.121	-0.117	-0.104	2
001	COVER	[0.3989769820971867, 0.296, 0.43350383631713557, 0.313]	[0.49744245524296676, 0.417, 0.551150895140665, 0.429]	no-link	answer-question	-0.0639	-0.0985	-0.1522	-0.121	-0.116	-0.104	2
001	NUMBER	[0.3989769820971867, 0.296, 0.43350383631713557, 0.313]	[0.1956521739130435, 0.419, 0.26982097186700765, 0.431]	no-link	answer-question	0.2379	0.2033	0.1292	-0.123	-0.118	-0.106	2
001	OF	[0.3989769820971867, 0.296, 0.43350383631713557, 0.313]	[0.2672634271099744, 0.419, 0.29539641943734013, 0.432]	no-link	answer-question	0.1662	0.1317	0.1036	-0.123	-0.119	-0.106	2
001	(919)	[0.3989769820971867, 0.296, 0.43350383631713557, 0.313]	[0.41048593350383633, 0.444, 0.4641943734015345, 0.462]	no-link	answer-answer	0.023	-0.0115	-0.0652	-0.148	-0.149	-0.131	2
001	373-	[0.3989769820971867, 0.296, 0.43350383631713557, 0.313]	[0.46930946291560105, 0.444, 0.5166240409207161, 0.461]	no-link	answer-answer	-0.0358	-0.0703	-0.1176	-0.148	-0.148	-0.131	2
001	OUR	[0.3989769820971867, 0.296, 0.43350383631713557, 0.313]	[0.19309462915601022, 0.445, 0.2289002557544757, 0.462]	no-link	answer-question	0.2404	0.2059	0.1701	-0.149	-0.149	-0.132	2
(919)	378-	[0.30818414322250637, 0.297, 0.35038363171355497, 0.312]	[0.35294117647058826, 0.296, 0.40025575447570333, 0.313]	word-word	answer-answer	0.0921	-0.001	0.0448	0.001	0.0026	0.016	2
(919)	TO:	[0.30818414322250637, 0.297, 0.35038363171355497, 0.312]	[0.19309462915601022, 0.319, 0.23145780051150894, 0.339]	no-link	answer-answer	0.1573	0.1151	0.0767	-0.022	-0.027	-0.007	2
(919)	Ron	[0.30818414322250637, 0.297, 0.35038363171355497, 0.312]	[0.30562659846547313, 0.319, 0.3350383631713555, 0.332]	no-link	answer-answer	0.0448	0.0026	-0.0269	-0.022	-0.02	-0.007	2
(919)	Becky	[0.30818414322250637, 0.297, 0.35038363171355497, 0.312]	[0.29923273657289, 0.347, 0.35294117647058826, 0.359]	no-link	answer-answer	0.0512	0.009	-0.0448	-0.05	-0.047	-0.035	2
(919)	FROM:	[0.30818414322250637, 0.297, 0.35038363171355497, 0.312]	[0.1956521739130435, 0.349, 0.2531969309462916, 0.366]	no-link	answer-question	0.1547	0.1125	0.055	-0.052	-0.054	-0.037	2
(919)	July	[0.30818414322250637, 0.297, 0.35038363171355497, 0.312]	[0.30562659846547313, 0.372, 0.34398976982097185, 0.387]	no-link	answer-answer	0.0448	0.0026	-0.0358	-0.075	-0.075	-0.06	2
(919)	22,	[0.30818414322250637, 0.297, 0.35038363171355497, 0.312]	[0.34654731457800514, 0.375, 0.38107416879795397, 0.385]	no-link	answer-answer	0.0038	-0.0384	-0.0729	-0.078	-0.073	-0.063	2
(919)	DATE:	[0.30818414322250637, 0.297, 0.35038363171355497, 0.312]	[0.19309462915601022, 0.379, 0.2531969309462916, 0.392]	no-link	answer-question	0.1573	0.1151	0.055	-0.082	-0.08	-0.067	2
(919)	PAGES	[0.30818414322250637, 0.297, 0.35038363171355497, 0.312]	[0.30179028132992325, 0.417, 0.3593350383631714, 0.432]	no-link	answer-question	0.0486	0.0064	-0.0512	-0.12	-0.12	-0.105	2
(919)	(INCLUDING	[0.30818414322250637, 0.297, 0.35038363171355497, 0.312]	[0.37851662404092073, 0.417, 0.48721227621483376, 0.43]	no-link	answer-question	-0.0281	-0.0703	-0.179	-0.12	-0.118	-0.105	2
(919)	COVER	[0.30818414322250637, 0.297, 0.35038363171355497, 0.312]	[0.49744245524296676, 0.417, 0.551150895140665, 0.429]	no-link	answer-question	-0.1471	-0.1893	-0.243	-0.12	-0.117	-0.105	2
(919)	NUMBER	[0.30818414322250637, 0.297, 0.35038363171355497, 0.312]	[0.1956521739130435, 0.419, 0.26982097186700765, 0.431]	no-link	answer-question	0.1547	0.1125	0.0384	-0.122	-0.119	-0.107	2
(919)	OF	[0.30818414322250637, 0.297, 0.35038363171355497, 0.312]	[0.2672634271099744, 0.419, 0.29539641943734013, 0.432]	no-link	answer-question	0.0831	0.0409	0.0128	-0.122	-0.12	-0.107	2
(919)	373-	[0.30818414322250637, 0.297, 0.35038363171355497, 0.312]	[0.46930946291560105, 0.444, 0.5166240409207161, 0.461]	no-link	answer-answer	-0.1189	-0.1611	-0.2084	-0.147	-0.149	-0.132	2
(919)	OUR	[0.30818414322250637, 0.297, 0.35038363171355497, 0.312]	[0.19309462915601022, 0.445, 0.2289002557544757, 0.462]	no-link	answer-question	0.1573	0.1151	0.0793	-0.148	-0.15	-0.133	2
TO:	FROM:	[0.19309462915601022, 0.319, 0.23145780051150894, 0.339]	[0.1956521739130435, 0.349, 0.2531969309462916, 0.366]	line-line	question-question	0.0601	0.03	0.0026	0.027	-0.0358	0.047	2
TO:	Ron	[0.19309462915601022, 0.319, 0.23145780051150894, 0.339]	[0.30562659846547313, 0.319, 0.3350383631713555, 0.332]	no-link	question-answer	-0.0742	-0.1125	-0.1419	0.0	0.007	0.02	2
TO:	Becky	[0.19309462915601022, 0.319, 0.23145780051150894, 0.339]	[0.29923273657289, 0.347, 0.35294117647058826, 0.359]	no-link	question-answer	-0.0678	-0.1061	-0.1598	-0.028	-0.02	-0.008	2
TO:	July	[0.19309462915601022, 0.319, 0.23145780051150894, 0.339]	[0.30562659846547313, 0.372, 0.34398976982097185, 0.387]	no-link	question-answer	-0.0742	-0.1125	-0.1509	-0.053	-0.048	-0.033	2
TO:	22,	[0.19309462915601022, 0.319, 0.23145780051150894, 0.339]	[0.34654731457800514, 0.375, 0.38107416879795397, 0.385]	no-link	question-answer	-0.1151	-0.1535	-0.188	-0.056	-0.046	-0.036	2
TO:	DATE:	[0.19309462915601022, 0.319, 0.23145780051150894, 0.339]	[0.19309462915601022, 0.379, 0.2531969309462916, 0.392]	no-link	question-question	0.0384	0.0	-0.0601	-0.06	-0.053	-0.04	2
TO:	PAGES	[0.19309462915601022, 0.319, 0.23145780051150894, 0.339]	[0.30179028132992325, 0.417, 0.3593350383631714, 0.432]	no-link	question-question	-0.0703	-0.1087	-0.1662	-0.098	-0.093	-0.078	2
TO:	(INCLUDING	[0.19309462915601022, 0.319, 0.23145780051150894, 0.339]	[0.37851662404092073, 0.417, 0.48721227621483376, 0.43]	no-link	question-question	-0.1471	-0.1854	-0.2941	-0.098	-0.091	-0.078	2
TO:	COVER	[0.19309462915601022, 0.319, 0.23145780051150894, 0.339]	[0.49744245524296676, 0.417, 0.551150895140665, 0.429]	no-link	question-question	-0.266	-0.3043	-0.3581	-0.098	-0.09	-0.078	2
TO:	NUMBER	[0.19309462915601022, 0.319, 0.23145780051150894, 0.339]	[0.1956521739130435, 0.419, 0.26982097186700765, 0.431]	no-link	question-question	0.0358	-0.0026	-0.0767	-0.1	-0.092	-0.08	2
TO:	OF	[0.19309462915601022, 0.319, 0.23145780051150894, 0.339]	[0.2672634271099744, 0.419, 0.29539641943734013, 0.432]	no-link	question-question	-0.0358	-0.0742	-0.1023	-0.1	-0.093	-0.08	2
TO:	(919)	[0.19309462915601022, 0.319, 0.23145780051150894, 0.339]	[0.41048593350383633, 0.444, 0.4641943734015345, 0.462]	no-link	question-answer	-0.179	-0.2174	-0.2711	-0.125	-0.123	-0.105	2
TO:	373-	[0.19309462915601022, 0.319, 0.23145780051150894, 0.339]	[0.46930946291560105, 0.444, 0.5166240409207161, 0.461]	no-link	question-answer	-0.2379	-0.2762	-0.3235	-0.125	-0.122	-0.105	2
TO:	OUR	[0.19309462915601022, 0.319, 0.23145780051150894, 0.339]	[0.19309462915601022, 0.445, 0.2289002557544757, 0.462]	no-link	question-question	0.0384	0.0	-0.0358	-0.126	-0.123	-0.106	2
TO:	(919)	[0.19309462915601022, 0.319, 0.23145780051150894, 0.339]	[0.30818414322250637, 0.297, 0.35038363171355497, 0.312]	question-answer	question-answer	0.1573	-0.022	0.1151	-0.027	0.0767	-0.007	2
TO:	FAX	[0.19309462915601022, 0.319, 0.23145780051150894, 0.339]	[0.23529411764705882, 0.447, 0.27365728900255754, 0.459]	no-link	question-question	-0.0038	-0.0422	-0.0806	-0.128	-0.12	-0.108	2
Ron	Goldbrenner	[0.30562659846547313, 0.319, 0.3350383631713555, 0.332]	[0.340153452685422, 0.316, 0.4437340153452685, 0.331]	word-word	answer-answer	0.1381	-0.003	0.0345	-0.001	0.0051	0.012	2
Ron	FROM:	[0.30562659846547313, 0.319, 0.3350383631713555, 0.332]	[0.1956521739130435, 0.349, 0.2531969309462916, 0.366]	no-link	answer-question	0.1394	0.11	0.0524	-0.03	-0.034	-0.017	2
Ron	July	[0.30562659846547313, 0.319, 0.3350383631713555, 0.332]	[0.30562659846547313, 0.372, 0.34398976982097185, 0.387]	no-link	answer-answer	0.0294	0.0	-0.0384	-0.053	-0.055	-0.04	2
Ron	22,	[0.30562659846547313, 0.319, 0.3350383631713555, 0.332]	[0.34654731457800514, 0.375, 0.38107416879795397, 0.385]	no-link	answer-answer	-0.0115	-0.0409	-0.0754	-0.056	-0.053	-0.043	2
Ron	DATE:	[0.30562659846547313, 0.319, 0.3350383631713555, 0.332]	[0.19309462915601022, 0.379, 0.2531969309462916, 0.392]	no-link	answer-question	0.1419	0.1125	0.0524	-0.06	-0.06	-0.047	2
Ron	PAGES	[0.30562659846547313, 0.319, 0.3350383631713555, 0.332]	[0.30179028132992325, 0.417, 0.3593350383631714, 0.432]	no-link	answer-question	0.0332	0.0038	-0.0537	-0.098	-0.1	-0.085	2
Ron	(INCLUDING	[0.30562659846547313, 0.319, 0.3350383631713555, 0.332]	[0.37851662404092073, 0.417, 0.48721227621483376, 0.43]	no-link	answer-question	-0.0435	-0.0729	-0.1816	-0.098	-0.098	-0.085	2
Ron	COVER	[0.30562659846547313, 0.319, 0.3350383631713555, 0.332]	[0.49744245524296676, 0.417, 0.551150895140665, 0.429]	no-link	answer-question	-0.1624	-0.1918	-0.2455	-0.098	-0.097	-0.085	2
Ron	NUMBER	[0.30562659846547313, 0.319, 0.3350383631713555, 0.332]	[0.1956521739130435, 0.419, 0.26982097186700765, 0.431]	no-link	answer-question	0.1394	0.11	0.0358	-0.1	-0.099	-0.087	2
Ron	OF	[0.30562659846547313, 0.319, 0.3350383631713555, 0.332]	[0.2672634271099744, 0.419, 0.29539641943734013, 0.432]	no-link	answer-question	0.0678	0.0384	0.0102	-0.1	-0.1	-0.087	2
Ron	(919)	[0.30562659846547313, 0.319, 0.3350383631713555, 0.332]	[0.41048593350383633, 0.444, 0.4641943734015345, 0.462]	no-link	answer-answer	-0.0754	-0.1049	-0.1586	-0.125	-0.13	-0.112	2
Ron	373-	[0.30562659846547313, 0.319, 0.3350383631713555, 0.332]	[0.46930946291560105, 0.444, 0.5166240409207161, 0.461]	no-link	answer-answer	-0.1343	-0.1637	-0.211	-0.125	-0.129	-0.112	2
Ron	OUR	[0.30562659846547313, 0.319, 0.3350383631713555, 0.332]	[0.19309462915601022, 0.445, 0.2289002557544757, 0.462]	no-link	answer-question	0.1419	0.1125	0.0767	-0.126	-0.13	-0.113	2
Ron	FAX	[0.30562659846547313, 0.319, 0.3350383631713555, 0.332]	[0.23529411764705882, 0.447, 0.27365728900255754, 0.459]	no-link	answer-question	0.0997	0.0703	0.032	-0.128	-0.127	-0.115	2
Becky	Hayden	[0.29923273657289, 0.347, 0.35294117647058826, 0.359]	[0.3593350383631714, 0.346, 0.42071611253196933, 0.358]	word-word	answer-answer	0.1215	-0.001	0.0601	-0.001	0.0064	0.011	3
Becky	FROM:	[0.29923273657289, 0.347, 0.35294117647058826, 0.359]	[0.1956521739130435, 0.349, 0.2531969309462916, 0.366]	no-link	answer-answer	0.1573	0.1036	0.046	-0.002	-0.007	0.01	3
Becky	July	[0.29923273657289, 0.347, 0.35294117647058826, 0.359]	[0.30562659846547313, 0.372, 0.34398976982097185, 0.387]	no-link	answer-answer	0.0473	-0.0064	-0.0448	-0.025	-0.028	-0.013	3
Becky	22,	[0.29923273657289, 0.347, 0.35294117647058826, 0.359]	[0.34654731457800514, 0.375, 0.38107416879795397, 0.385]	no-link	answer-answer	0.0064	-0.0473	-0.0818	-0.028	-0.026	-0.016	3
Becky	DATE:	[0.29923273657289, 0.347, 0.35294117647058826, 0.359]	[0.19309462915601022, 0.379, 0.2531969309462916, 0.392]	no-link	answer-question	0.1598	0.1061	0.046	-0.032	-0.033	-0.02	3
Becky	PAGES	[0.29923273657289, 0.347, 0.35294117647058826, 0.359]	[0.30179028132992325, 0.417, 0.3593350383631714, 0.432]	no-link	answer-question	0.0512	-0.0026	-0.0601	-0.07	-0.073	-0.058	3
Becky	(INCLUDING	[0.29923273657289, 0.347, 0.35294117647058826, 0.359]	[0.37851662404092073, 0.417, 0.48721227621483376, 0.43]	no-link	answer-question	-0.0256	-0.0793	-0.188	-0.07	-0.071	-0.058	3
Becky	COVER	[0.29923273657289, 0.347, 0.35294117647058826, 0.359]	[0.49744245524296676, 0.417, 0.551150895140665, 0.429]	no-link	answer-question	-0.1445	-0.1982	-0.2519	-0.07	-0.07	-0.058	3
Becky	NUMBER	[0.29923273657289, 0.347, 0.35294117647058826, 0.359]	[0.1956521739130435, 0.419, 0.26982097186700765, 0.431]	no-link	answer-question	0.1573	0.1036	0.0294	-0.072	-0.072	-0.06	3
Becky	OF	[0.29923273657289, 0.347, 0.35294117647058826, 0.359]	[0.2672634271099744, 0.419, 0.29539641943734013, 0.432]	no-link	answer-question	0.0857	0.032	0.0038	-0.072	-0.073	-0.06	3
Becky	(919)	[0.29923273657289, 0.347, 0.35294117647058826, 0.359]	[0.41048593350383633, 0.444, 0.4641943734015345, 0.462]	no-link	answer-answer	-0.0575	-0.1113	-0.165	-0.097	-0.103	-0.085	3
Becky	373-	[0.29923273657289, 0.347, 0.35294117647058826, 0.359]	[0.46930946291560105, 0.444, 0.5166240409207161, 0.461]	no-link	answer-answer	-0.1164	-0.1701	-0.2174	-0.097	-0.102	-0.085	3
Becky	OUR	[0.29923273657289, 0.347, 0.35294117647058826, 0.359]	[0.19309462915601022, 0.445, 0.2289002557544757, 0.462]	no-link	answer-question	0.1598	0.1061	0.0703	-0.098	-0.103	-0.086	3
Becky	FAX	[0.29923273657289, 0.347, 0.35294117647058826, 0.359]	[0.23529411764705882, 0.447, 0.27365728900255754, 0.459]	no-link	answer-question	0.1176	0.0639	0.0256	-0.1	-0.1	-0.088	3
Becky	RECEIVE	[0.29923273657289, 0.347, 0.35294117647058826, 0.359]	[0.34654731457800514, 0.566, 0.42327365728900257, 0.581]	no-link	answer-question	0.0064	-0.0473	-0.124	-0.219	-0.222	-0.207	3
FROM:	DATE:	[0.1956521739130435, 0.349, 0.2531969309462916, 0.366]	[0.19309462915601022, 0.379, 0.2531969309462916, 0.392]	line-line	question-question	0.0575	0.03	-0.0026	0.026	-0.0601	0.043	3
FROM:	July	[0.1956521739130435, 0.349, 0.2531969309462916, 0.366]	[0.30562659846547313, 0.372, 0.34398976982097185, 0.387]	no-link	question-answer	-0.0524	-0.11	-0.1483	-0.023	-0.021	-0.006	3
FROM:	22,	[0.1956521739130435, 0.349, 0.2531969309462916, 0.366]	[0.34654731457800514, 0.375, 0.38107416879795397, 0.385]	no-link	question-answer	-0.0934	-0.1509	-0.1854	-0.026	-0.019	-0.009	3
FROM:	PAGES	[0.1956521739130435, 0.349, 0.2531969309462916, 0.366]	[0.30179028132992325, 0.417, 0.3593350383631714, 0.432]	no-link	question-question	-0.0486	-0.1061	-0.1637	-0.068	-0.066	-0.051	3
FROM:	(INCLUDING	[0.1956521739130435, 0.349, 0.2531969309462916, 0.366]	[0.37851662404092073, 0.417, 0.48721227621483376, 0.43]	no-link	question-question	-0.1253	-0.1829	-0.2916	-0.068	-0.064	-0.051	3
FROM:	COVER	[0.1956521739130435, 0.349, 0.2531969309462916, 0.366]	[0.49744245524296676, 0.417, 0.551150895140665, 0.429]	no-link	question-question	-0.2442	-0.3018	-0.3555	-0.068	-0.063	-0.051	3
FROM:	NUMBER	[0.1956521739130435, 0.349, 0.2531969309462916, 0.366]	[0.1956521739130435, 0.419, 0.26982097186700765, 0.431]	no-link	question-question	0.0575	0.0	-0.0742	-0.07	-0.065	-0.053	3
FROM:	OF	[0.1956521739130435, 0.349, 0.2531969309462916, 0.366]	[0.2672634271099744, 0.419, 0.29539641943734013, 0.432]	no-link	question-question	-0.0141	-0.0716	-0.0997	-0.07	-0.066	-0.053	3
FROM:	(919)	[0.1956521739130435, 0.349, 0.2531969309462916, 0.366]	[0.41048593350383633, 0.444, 0.4641943734015345, 0.462]	no-link	question-answer	-0.1573	-0.2148	-0.2685	-0.095	-0.096	-0.078	3
FROM:	373-	[0.1956521739130435, 0.349, 0.2531969309462916, 0.366]	[0.46930946291560105, 0.444, 0.5166240409207161, 0.461]	no-link	question-answer	-0.2161	-0.2737	-0.321	-0.095	-0.095	-0.078	3
FROM:	OUR	[0.1956521739130435, 0.349, 0.2531969309462916, 0.366]	[0.19309462915601022, 0.445, 0.2289002557544757, 0.462]	no-link	question-question	0.0601	0.0026	-0.0332	-0.096	-0.096	-0.079	3
FROM:	FAX	[0.1956521739130435, 0.349, 0.2531969309462916, 0.366]	[0.23529411764705882, 0.447, 0.27365728900255754, 0.459]	no-link	question-question	0.0179	-0.0396	-0.078	-0.098	-0.093	-0.081	3
FROM:	RECEIVE	[0.1956521739130435, 0.349, 0.2531969309462916, 0.366]	[0.34654731457800514, 0.566, 0.42327365728900257, 0.581]	no-link	question-question	-0.0934	-0.1509	-0.2276	-0.217	-0.215	-0.2	3
FROM:	PAGES,	[0.1956521739130435, 0.349, 0.2531969309462916, 0.366]	[0.5485933503836317, 0.566, 0.612531969309463, 0.579]	no-link	question-question	-0.2954	-0.3529	-0.4169	-0.217	-0.213	-0.2	3
FROM:	Becky	[0.1956521739130435, 0.349, 0.2531969309462916, 0.366]	[0.29923273657289, 0.347, 0.35294117647058826, 0.359]	question-answer	question-answer	0.1573	-0.002	0.1036	-0.007	0.046	0.01	3
FROM:	IF	[0.1956521739130435, 0.349, 0.2531969309462916, 0.366]	[0.1918158567774936, 0.568, 0.22122762148337596, 0.583]	no-link	question-question	0.0614	0.0038	-0.0256	-0.219	-0.217	-0.202	3
July	22,	[0.30562659846547313, 0.372, 0.34398976982097185, 0.387]	[0.34654731457800514, 0.375, 0.38107416879795397, 0.385]	word-word	answer-answer	0.0754	0.003	0.0409	-0.002	0.0026	0.013	4
July	DATE:	[0.30562659846547313, 0.372, 0.34398976982097185, 0.387]	[0.19309462915601022, 0.379, 0.2531969309462916, 0.392]	no-link	answer-question	0.1509	0.1125	0.0524	-0.007	-0.005	0.008	4
July	PAGES	[0.30562659846547313, 0.372, 0.34398976982097185, 0.387]	[0.30179028132992325, 0.417, 0.3593350383631714, 0.432]	no-link	answer-question	0.0422	0.0038	-0.0537	-0.045	-0.045	-0.03	4
July	(INCLUDING	[0.30562659846547313, 0.372, 0.34398976982097185, 0.387]	[0.37851662404092073, 0.417, 0.48721227621483376, 0.43]	no-link	answer-question	-0.0345	-0.0729	-0.1816	-0.045	-0.043	-0.03	4
July	COVER	[0.30562659846547313, 0.372, 0.34398976982097185, 0.387]	[0.49744245524296676, 0.417, 0.551150895140665, 0.429]	no-link	answer-question	-0.1535	-0.1918	-0.2455	-0.045	-0.042	-0.03	4
July	NUMBER	[0.30562659846547313, 0.372, 0.34398976982097185, 0.387]	[0.1956521739130435, 0.419, 0.26982097186700765, 0.431]	no-link	answer-question	0.1483	0.11	0.0358	-0.047	-0.044	-0.032	4
July	OF	[0.30562659846547313, 0.372, 0.34398976982097185, 0.387]	[0.2672634271099744, 0.419, 0.29539641943734013, 0.432]	no-link	answer-question	0.0767	0.0384	0.0102	-0.047	-0.045	-0.032	4
July	(919)	[0.30562659846547313, 0.372, 0.34398976982097185, 0.387]	[0.41048593350383633, 0.444, 0.4641943734015345, 0.462]	no-link	answer-answer	-0.0665	-0.1049	-0.1586	-0.072	-0.075	-0.057	4
July	373-	[0.30562659846547313, 0.372, 0.34398976982097185, 0.387]	[0.46930946291560105, 0.444, 0.5166240409207161, 0.461]	no-link	answer-answer	-0.1253	-0.1637	-0.211	-0.072	-0.074	-0.057	4
July	OUR	[0.30562659846547313, 0.372, 0.34398976982097185, 0.387]	[0.19309462915601022, 0.445, 0.2289002557544757, 0.462]	no-link	answer-question	0.1509	0.1125	0.0767	-0.073	-0.075	-0.058	4
July	FAX	[0.30562659846547313, 0.372, 0.34398976982097185, 0.387]	[0.23529411764705882, 0.447, 0.27365728900255754, 0.459]	no-link	answer-question	0.1087	0.0703	0.032	-0.075	-0.072	-0.06	4
July	RECEIVE	[0.30562659846547313, 0.372, 0.34398976982097185, 0.387]	[0.34654731457800514, 0.566, 0.42327365728900257, 0.581]	no-link	answer-question	-0.0026	-0.0409	-0.1176	-0.194	-0.194	-0.179	4
July	PAGES,	[0.30562659846547313, 0.372, 0.34398976982097185, 0.387]	[0.5485933503836317, 0.566, 0.612531969309463, 0.579]	no-link	answer-question	-0.2046	-0.243	-0.3069	-0.194	-0.192	-0.179	4
July	IF	[0.30562659846547313, 0.372, 0.34398976982097185, 0.387]	[0.1918158567774936, 0.568, 0.22122762148337596, 0.583]	no-link	answer-question	0.1522	0.1138	0.0844	-0.196	-0.196	-0.181	4
July	YOU	[0.30562659846547313, 0.372, 0.34398976982097185, 0.387]	[0.23145780051150894, 0.568, 0.26342710997442453, 0.583]	no-link	answer-question	0.1125	0.0742	0.0422	-0.196	-0.196	-0.181	4
22,	1993	[0.34654731457800514, 0.375, 0.38107416879795397, 0.385]	[0.38491048593350385, 0.374, 0.42710997442455245, 0.387]	word-word	answer-answer	0.0806	-0.001	0.0384	0.002	0.0038	0.012	4
22,	DATE:	[0.34654731457800514, 0.375, 0.38107416879795397, 0.385]	[0.19309462915601022, 0.379, 0.2531969309462916, 0.392]	no-link	answer-answer	0.188	0.1535	0.0934	-0.004	-0.007	0.006	4
22,	PAGES	[0.34654731457800514, 0.375, 0.38107416879795397, 0.385]	[0.30179028132992325, 0.417, 0.3593350383631714, 0.432]	no-link	answer-question	0.0793	0.0448	-0.0128	-0.042	-0.047	-0.032	4
22,	(INCLUDING	[0.34654731457800514, 0.375, 0.38107416879795397, 0.385]	[0.37851662404092073, 0.417, 0.48721227621483376, 0.43]	no-link	answer-question	0.0026	-0.032	-0.1407	-0.042	-0.045	-0.032	4
22,	COVER	[0.34654731457800514, 0.375, 0.38107416879795397, 0.385]	[0.49744245524296676, 0.417, 0.551150895140665, 0.429]	no-link	answer-question	-0.1164	-0.1509	-0.2046	-0.042	-0.044	-0.032	4
22,	NUMBER	[0.34654731457800514, 0.375, 0.38107416879795397, 0.385]	[0.1956521739130435, 0.419, 0.26982097186700765, 0.431]	no-link	answer-question	0.1854	0.1509	0.0767	-0.044	-0.046	-0.034	4
22,	OF	[0.34654731457800514, 0.375, 0.38107416879795397, 0.385]	[0.2672634271099744, 0.419, 0.29539641943734013, 0.432]	no-link	answer-question	0.1138	0.0793	0.0512	-0.044	-0.047	-0.034	4
22,	(919)	[0.34654731457800514, 0.375, 0.38107416879795397, 0.385]	[0.41048593350383633, 0.444, 0.4641943734015345, 0.462]	no-link	answer-answer	-0.0294	-0.0639	-0.1176	-0.069	-0.077	-0.059	4
22,	373-	[0.34654731457800514, 0.375, 0.38107416879795397, 0.385]	[0.46930946291560105, 0.444, 0.5166240409207161, 0.461]	no-link	answer-answer	-0.0882	-0.1228	-0.1701	-0.069	-0.076	-0.059	4
22,	OUR	[0.34654731457800514, 0.375, 0.38107416879795397, 0.385]	[0.19309462915601022, 0.445, 0.2289002557544757, 0.462]	no-link	answer-question	0.188	0.1535	0.1176	-0.07	-0.077	-0.06	4
22,	FAX	[0.34654731457800514, 0.375, 0.38107416879795397, 0.385]	[0.23529411764705882, 0.447, 0.27365728900255754, 0.459]	no-link	answer-question	0.1458	0.1113	0.0729	-0.072	-0.074	-0.062	4
22,	RECEIVE	[0.34654731457800514, 0.375, 0.38107416879795397, 0.385]	[0.34654731457800514, 0.566, 0.42327365728900257, 0.581]	no-link	answer-question	0.0345	0.0	-0.0767	-0.191	-0.196	-0.181	4
22,	PAGES,	[0.34654731457800514, 0.375, 0.38107416879795397, 0.385]	[0.5485933503836317, 0.566, 0.612531969309463, 0.579]	no-link	answer-question	-0.1675	-0.202	-0.266	-0.191	-0.194	-0.181	4
22,	IF	[0.34654731457800514, 0.375, 0.38107416879795397, 0.385]	[0.1918158567774936, 0.568, 0.22122762148337596, 0.583]	no-link	answer-question	0.1893	0.1547	0.1253	-0.193	-0.198	-0.183	4
22,	YOU	[0.34654731457800514, 0.375, 0.38107416879795397, 0.385]	[0.23145780051150894, 0.568, 0.26342710997442453, 0.583]	no-link	answer-question	0.1496	0.1151	0.0831	-0.193	-0.198	-0.183	4
DATE:	NUMBER	[0.19309462915601022, 0.379, 0.2531969309462916, 0.392]	[0.1956521739130435, 0.419, 0.26982097186700765, 0.431]	line-line	question-question	0.0767	0.04	0.0026	0.039	-0.0575	0.052	4
DATE:	PAGES	[0.19309462915601022, 0.379, 0.2531969309462916, 0.392]	[0.30179028132992325, 0.417, 0.3593350383631714, 0.432]	no-link	question-question	-0.0486	-0.1087	-0.1662	-0.038	-0.04	-0.025	4
DATE:	(INCLUDING	[0.19309462915601022, 0.379, 0.2531969309462916, 0.392]	[0.37851662404092073, 0.417, 0.48721227621483376, 0.43]	no-link	question-question	-0.1253	-0.1854	-0.2941	-0.038	-0.038	-0.025	4
DATE:	COVER	[0.19309462915601022, 0.379, 0.2531969309462916, 0.392]	[0.49744245524296676, 0.417, 0.551150895140665, 0.429]	no-link	question-question	-0.2442	-0.3043	-0.3581	-0.038	-0.037	-0.025	4
DATE:	OF	[0.19309462915601022, 0.379, 0.2531969309462916, 0.392]	[0.2672634271099744, 0.419, 0.29539641943734013, 0.432]	no-link	question-question	-0.0141	-0.0742	-0.1023	-0.04	-0.04	-0.027	4
DATE:	(919)	[0.19309462915601022, 0.379, 0.2531969309462916, 0.392]	[0.41048593350383633, 0.444, 0.4641943734015345, 0.462]	no-link	question-answer	-0.1573	-0.2174	-0.2711	-0.065	-0.07	-0.052	4
DATE:	373-	[0.19309462915601022, 0.379, 0.2531969309462916, 0.392]	[0.46930946291560105, 0.444, 0.5166240409207161, 0.461]	no-link	question-answer	-0.2161	-0.2762	-0.3235	-0.065	-0.069	-0.052	4
DATE:	OUR	[0.19309462915601022, 0.379, 0.2531969309462916, 0.392]	[0.19309462915601022, 0.445, 0.2289002557544757, 0.462]	no-link	question-question	0.0601	0.0	-0.0358	-0.066	-0.07	-0.053	4
DATE:	FAX	[0.19309462915601022, 0.379, 0.2531969309462916, 0.392]	[0.23529411764705882, 0.447, 0.27365728900255754, 0.459]	no-link	question-question	0.0179	-0.0422	-0.0806	-0.068	-0.067	-0.055	4
DATE:	RECEIVE	[0.19309462915601022, 0.379, 0.2531969309462916, 0.392]	[0.34654731457800514, 0.566, 0.42327365728900257, 0.581]	no-link	question-question	-0.0934	-0.1535	-0.2302	-0.187	-0.189	-0.174	4
DATE:	PAGES,	[0.19309462915601022, 0.379, 0.2531969309462916, 0.392]	[0.5485933503836317, 0.566, 0.612531969309463, 0.579]	no-link	question-question	-0.2954	-0.3555	-0.4194	-0.187	-0.187	-0.174	4
DATE:	IF	[0.19309462915601022, 0.379, 0.2531969309462916, 0.392]	[0.1918158567774936, 0.568, 0.22122762148337596, 0.583]	no-link	question-question	0.0614	0.0013	-0.0281	-0.189	-0.191	-0.176	4
DATE:	YOU	[0.19309462915601022, 0.379, 0.2531969309462916, 0.392]	[0.23145780051150894, 0.568, 0.26342710997442453, 0.583]	no-link	question-question	0.0217	-0.0384	-0.0703	-0.189	-0.191	-0.176	4
DATE:	THE	[0.19309462915601022, 0.379, 0.2531969309462916, 0.392]	[0.5038363171355499, 0.568, 0.5447570332480819, 0.58]	no-link	question-question	-0.2506	-0.3107	-0.3517	-0.189	-0.188	-0.176	4
DATE:	July	[0.19309462915601022, 0.379, 0.2531969309462916, 0.392]	[0.30562659846547313, 0.372, 0.34398976982097185, 0.387]	question-answer	question-answer	0.1509	-0.007	0.1125	-0.005	0.0524	0.008	4
DATE:	DO	[0.19309462915601022, 0.379, 0.2531969309462916, 0.392]	[0.2672634271099744, 0.57, 0.29539641943734013, 0.585]	no-link	question-question	-0.0141	-0.0742	-0.1023	-0.191	-0.193	-0.178	4
PAGES	(INCLUDING	[0.30179028132992325, 0.417, 0.3593350383631714, 0.432]	[0.37851662404092073, 0.417, 0.48721227621483376, 0.43]	word-word	question-question	0.1854	0.0	0.0767	-0.002	0.0192	0.013	5
PAGES	COVER	[0.30179028132992325, 0.417, 0.3593350383631714, 0.432]	[0.49744245524296676, 0.417, 0.551150895140665, 0.429]	no-link	question-question	-0.1381	-0.1957	-0.2494	0.0	0.003	0.015	5
PAGES	NUMBER	[0.30179028132992325, 0.417, 0.3593350383631714, 0.432]	[0.1956521739130435, 0.419, 0.26982097186700765, 0.431]	no-link	question-question	0.1637	0.1061	0.032	-0.002	0.001	0.013	5
PAGES	OF	[0.30179028132992325, 0.417, 0.3593350383631714, 0.432]	[0.2672634271099744, 0.419, 0.29539641943734013, 0.432]	no-link	question-question	0.0921	0.0345	0.0064	-0.002	0.0	0.013	5
PAGES	(919)	[0.30179028132992325, 0.417, 0.3593350383631714, 0.432]	[0.41048593350383633, 0.444, 0.4641943734015345, 0.462]	no-link	question-answer	-0.0512	-0.1087	-0.1624	-0.027	-0.03	-0.012	5
PAGES	373-	[0.30179028132992325, 0.417, 0.3593350383631714, 0.432]	[0.46930946291560105, 0.444, 0.5166240409207161, 0.461]	no-link	question-answer	-0.11	-0.1675	-0.2148	-0.027	-0.029	-0.012	5
PAGES	OUR	[0.30179028132992325, 0.417, 0.3593350383631714, 0.432]	[0.19309462915601022, 0.445, 0.2289002557544757, 0.462]	no-link	question-question	0.1662	0.1087	0.0729	-0.028	-0.03	-0.013	5
PAGES	FAX	[0.30179028132992325, 0.417, 0.3593350383631714, 0.432]	[0.23529411764705882, 0.447, 0.27365728900255754, 0.459]	no-link	question-question	0.124	0.0665	0.0281	-0.03	-0.027	-0.015	5
PAGES	RECEIVE	[0.30179028132992325, 0.417, 0.3593350383631714, 0.432]	[0.34654731457800514, 0.566, 0.42327365728900257, 0.581]	no-link	question-question	0.0128	-0.0448	-0.1215	-0.149	-0.149	-0.134	5
PAGES	PAGES,	[0.30179028132992325, 0.417, 0.3593350383631714, 0.432]	[0.5485933503836317, 0.566, 0.612531969309463, 0.579]	no-link	question-question	-0.1893	-0.2468	-0.3107	-0.149	-0.147	-0.134	5
PAGES	IF	[0.30179028132992325, 0.417, 0.3593350383631714, 0.432]	[0.1918158567774936, 0.568, 0.22122762148337596, 0.583]	no-link	question-question	0.1675	0.11	0.0806	-0.151	-0.151	-0.136	5
PAGES	YOU	[0.30179028132992325, 0.417, 0.3593350383631714, 0.432]	[0.23145780051150894, 0.568, 0.26342710997442453, 0.583]	no-link	question-question	0.1279	0.0703	0.0384	-0.151	-0.151	-0.136	5
PAGES	THE	[0.30179028132992325, 0.417, 0.3593350383631714, 0.432]	[0.5038363171355499, 0.568, 0.5447570332480819, 0.58]	no-link	question-question	-0.1445	-0.202	-0.243	-0.151	-0.148	-0.136	5
PAGES	DO	[0.30179028132992325, 0.417, 0.3593350383631714, 0.432]	[0.2672634271099744, 0.57, 0.29539641943734013, 0.585]	no-link	question-question	0.0921	0.0345	0.0064	-0.153	-0.153	-0.138	5
PAGES	ANY	[0.30179028132992325, 0.417, 0.3593350383631714, 0.432]	[0.4296675191815857, 0.57, 0.46547314578005117, 0.582]	no-link	question-question	-0.0703	-0.1279	-0.1637	-0.153	-0.15	-0.138	5
(INCLUDING	COVER	[0.37851662404092073, 0.417, 0.48721227621483376, 0.43]	[0.49744245524296676, 0.417, 0.551150895140665, 0.429]	word-word	question-question	0.1726	0.0	0.1189	-0.001	0.0102	0.012	5
(INCLUDING	NUMBER	[0.37851662404092073, 0.417, 0.48721227621483376, 0.43]	[0.1956521739130435, 0.419, 0.26982097186700765, 0.431]	no-link	question-question	0.2916	0.1829	0.1087	-0.002	-0.001	0.011	5
(INCLUDING	OF	[0.37851662404092073, 0.417, 0.48721227621483376, 0.43]	[0.2672634271099744, 0.419, 0.29539641943734013, 0.432]	no-link	question-question	0.2199	0.1113	0.0831	-0.002	-0.002	0.011	5
(INCLUDING	(919)	[0.37851662404092073, 0.417, 0.48721227621483376, 0.43]	[0.41048593350383633, 0.444, 0.4641943734015345, 0.462]	no-link	question-answer	0.0767	-0.032	-0.0857	-0.027	-0.032	-0.014	5
(INCLUDING	373-	[0.37851662404092073, 0.417, 0.48721227621483376, 0.43]	[0.46930946291560105, 0.444, 0.5166240409207161, 0.461]	no-link	question-answer	0.0179	-0.0908	-0.1381	-0.027	-0.031	-0.014	5
(INCLUDING	OUR	[0.37851662404092073, 0.417, 0.48721227621483376, 0.43]	[0.19309462915601022, 0.445, 0.2289002557544757, 0.462]	no-link	question-question	0.2941	0.1854	0.1496	-0.028	-0.032	-0.015	5
(INCLUDING	FAX	[0.37851662404092073, 0.417, 0.48721227621483376, 0.43]	[0.23529411764705882, 0.447, 0.27365728900255754, 0.459]	no-link	question-question	0.2519	0.1432	0.1049	-0.03	-0.029	-0.017	5
(INCLUDING	RECEIVE	[0.37851662404092073, 0.417, 0.48721227621483376, 0.43]	[0.34654731457800514, 0.566, 0.42327365728900257, 0.581]	no-link	question-question	0.1407	0.032	-0.0448	-0.149	-0.151	-0.136	5
(INCLUDING	PAGES,	[0.37851662404092073, 0.417, 0.48721227621483376, 0.43]	[0.5485933503836317, 0.566, 0.612531969309463, 0.579]	no-link	question-question	-0.0614	-0.1701	-0.234	-0.149	-0.149	-0.136	5
(INCLUDING	IF	[0.37851662404092073, 0.417, 0.48721227621483376, 0.43]	[0.1918158567774936, 0.568, 0.22122762148337596, 0.583]	no-link	question-question	0.2954	0.1867	0.1573	-0.151	-0.153	-0.138	5
(INCLUDING	YOU	[0.37851662404092073, 0.417, 0.48721227621483376, 0.43]	[0.23145780051150894, 0.568, 0.26342710997442453, 0.583]	no-link	question-question	0.2558	0.1471	0.1151	-0.151	-0.153	-0.138	5
(INCLUDING	THE	[0.37851662404092073, 0.417, 0.48721227621483376, 0.43]	[0.5038363171355499, 0.568, 0.5447570332480819, 0.58]	no-link	question-question	-0.0166	-0.1253	-0.1662	-0.151	-0.15	-0.138	5
(INCLUDING	DO	[0.37851662404092073, 0.417, 0.48721227621483376, 0.43]	[0.2672634271099744, 0.57, 0.29539641943734013, 0.585]	no-link	question-question	0.2199	0.1113	0.0831	-0.153	-0.155	-0.14	5
(INCLUDING	ANY	[0.37851662404092073, 0.417, 0.48721227621483376, 0.43]	[0.4296675191815857, 0.57, 0.46547314578005117, 0.582]	no-link	question-question	0.0575	-0.0512	-0.087	-0.153	-0.152	-0.14	5
(INCLUDING	NOT	[0.37851662404092073, 0.417, 0.48721227621483376, 0.43]	[0.29923273657289, 0.571, 0.3414322250639386, 0.581]	no-link	question-question	0.188	0.0793	0.0371	-0.154	-0.151	-0.141	5
COVER	SHEET):	[0.49744245524296676, 0.417, 0.551150895140665, 0.429]	[0.5562659846547314, 0.417, 0.6304347826086957, 0.43]	word-word	question-question	0.133	0.0	0.0588	0.001	0.0051	0.013	5
COVER	NUMBER	[0.49744245524296676, 0.417, 0.551150895140665, 0.429]	[0.1956521739130435, 0.419, 0.26982097186700765, 0.431]	no-link	question-question	0.3555	0.3018	0.2276	-0.002	-0.002	0.01	5
COVER	OF	[0.49744245524296676, 0.417, 0.551150895140665, 0.429]	[0.2672634271099744, 0.419, 0.29539641943734013, 0.432]	no-link	question-question	0.2839	0.2302	0.202	-0.002	-0.003	0.01	5
COVER	(919)	[0.49744245524296676, 0.417, 0.551150895140665, 0.429]	[0.41048593350383633, 0.444, 0.4641943734015345, 0.462]	no-link	question-answer	0.1407	0.087	0.0332	-0.027	-0.033	-0.015	5
COVER	373-	[0.49744245524296676, 0.417, 0.551150895140665, 0.429]	[0.46930946291560105, 0.444, 0.5166240409207161, 0.461]	no-link	question-answer	0.0818	0.0281	-0.0192	-0.027	-0.032	-0.015	5
COVER	OUR	[0.49744245524296676, 0.417, 0.551150895140665, 0.429]	[0.19309462915601022, 0.445, 0.2289002557544757, 0.462]	no-link	question-question	0.3581	0.3043	0.2685	-0.028	-0.033	-0.016	5
COVER	FAX	[0.49744245524296676, 0.417, 0.551150895140665, 0.429]	[0.23529411764705882, 0.447, 0.27365728900255754, 0.459]	no-link	question-question	0.3159	0.2621	0.2238	-0.03	-0.03	-0.018	5
COVER	RECEIVE	[0.49744245524296676, 0.417, 0.551150895140665, 0.429]	[0.34654731457800514, 0.566, 0.42327365728900257, 0.581]	no-link	question-question	0.2046	0.1509	0.0742	-0.149	-0.152	-0.137	5
COVER	PAGES,	[0.49744245524296676, 0.417, 0.551150895140665, 0.429]	[0.5485933503836317, 0.566, 0.612531969309463, 0.579]	no-link	question-question	0.0026	-0.0512	-0.1151	-0.149	-0.15	-0.137	5
COVER	IF	[0.49744245524296676, 0.417, 0.551150895140665, 0.429]	[0.1918158567774936, 0.568, 0.22122762148337596, 0.583]	no-link	question-question	0.3593	0.3056	0.2762	-0.151	-0.154	-0.139	5
COVER	YOU	[0.49744245524296676, 0.417, 0.551150895140665, 0.429]	[0.23145780051150894, 0.568, 0.26342710997442453, 0.583]	no-link	question-question	0.3197	0.266	0.234	-0.151	-0.154	-0.139	5
COVER	THE	[0.49744245524296676, 0.417, 0.551150895140665, 0.429]	[0.5038363171355499, 0.568, 0.5447570332480819, 0.58]	no-link	question-question	0.0473	-0.0064	-0.0473	-0.151	-0.151	-0.139	5
COVER	DO	[0.49744245524296676, 0.417, 0.551150895140665, 0.429]	[0.2672634271099744, 0.57, 0.29539641943734013, 0.585]	no-link	question-question	0.2839	0.2302	0.202	-0.153	-0.156	-0.141	5
COVER	ANY	[0.49744245524296676, 0.417, 0.551150895140665, 0.429]	[0.4296675191815857, 0.57, 0.46547314578005117, 0.582]	no-link	question-question	0.1215	0.0678	0.032	-0.153	-0.153	-0.141	5
COVER	NOT	[0.49744245524296676, 0.417, 0.551150895140665, 0.429]	[0.29923273657289, 0.571, 0.3414322250639386, 0.581]	no-link	question-question	0.2519	0.1982	0.156	-0.154	-0.152	-0.142	5
COVER	PLEASE	[0.49744245524296676, 0.417, 0.551150895140665, 0.429]	[0.1918158567774936, 0.585, 0.2659846547314578, 0.598]	no-link	question-question	0.3593	0.3056	0.2315	-0.168	-0.169	-0.156	5
NUMBER	OUR	[0.1956521739130435, 0.419, 0.26982097186700765, 0.431]	[0.19309462915601022, 0.445, 0.2289002557544757, 0.462]	line-line	question-question	0.0332	0.026	-0.0026	0.031	-0.0767	0.043	5
NUMBER	OF	[0.1956521739130435, 0.419, 0.26982097186700765, 0.431]	[0.2672634271099744, 0.419, 0.29539641943734013, 0.432]	no-link	question-question	0.0026	-0.0716	-0.0997	0.0	-0.001	0.012	5
NUMBER	(919)	[0.1956521739130435, 0.419, 0.26982097186700765, 0.431]	[0.41048593350383633, 0.444, 0.4641943734015345, 0.462]	no-link	question-answer	-0.1407	-0.2148	-0.2685	-0.025	-0.031	-0.013	5
NUMBER	373-	[0.1956521739130435, 0.419, 0.26982097186700765, 0.431]	[0.46930946291560105, 0.444, 0.5166240409207161, 0.461]	no-link	question-answer	-0.1995	-0.2737	-0.321	-0.025	-0.03	-0.013	5
NUMBER	FAX	[0.1956521739130435, 0.419, 0.26982097186700765, 0.431]	[0.23529411764705882, 0.447, 0.27365728900255754, 0.459]	no-link	question-question	0.0345	-0.0396	-0.078	-0.028	-0.028	-0.016	5
NUMBER	RECEIVE	[0.1956521739130435, 0.419, 0.26982097186700765, 0.431]	[0.34654731457800514, 0.566, 0.42327365728900257, 0.581]	no-link	question-question	-0.0767	-0.1509	-0.2276	-0.147	-0.15	-0.135	5
NUMBER	PAGES,	[0.1956521739130435, 0.419, 0.26982097186700765, 0.431]	[0.5485933503836317, 0.566, 0.612531969309463, 0.579]	no-link	question-question	-0.2788	-0.3529	-0.4169	-0.147	-0.148	-0.135	5
NUMBER	IF	[0.1956521739130435, 0.419, 0.26982097186700765, 0.431]	[0.1918158567774936, 0.568, 0.22122762148337596, 0.583]	no-link	question-question	0.078	0.0038	-0.0256	-0.149	-0.152	-0.137	5
NUMBER	YOU	[0.1956521739130435, 0.419, 0.26982097186700765, 0.431]	[0.23145780051150894, 0.568, 0.26342710997442453, 0.583]	no-link	question-question	0.0384	-0.0358	-0.0678	-0.149	-0.152	-0.137	5
NUMBER	THE	[0.1956521739130435, 0.419, 0.26982097186700765, 0.431]	[0.5038363171355499, 0.568, 0.5447570332480819, 0.58]	no-link	question-question	-0.234	-0.3082	-0.3491	-0.149	-0.149	-0.137	5
NUMBER	DO	[0.1956521739130435, 0.419, 0.26982097186700765, 0.431]	[0.2672634271099744, 0.57, 0.29539641943734013, 0.585]	no-link	question-question	0.0026	-0.0716	-0.0997	-0.151	-0.154	-0.139	5
NUMBER	ANY	[0.1956521739130435, 0.419, 0.26982097186700765, 0.431]	[0.4296675191815857, 0.57, 0.46547314578005117, 0.582]	no-link	question-question	-0.1598	-0.234	-0.2698	-0.151	-0.151	-0.139	5
NUMBER	NOT	[0.1956521739130435, 0.419, 0.26982097186700765, 0.431]	[0.29923273657289, 0.571, 0.3414322250639386, 0.581]	no-link	question-question	-0.0294	-0.1036	-0.1458	-0.152	-0.15	-0.14	5
NUMBER	PLEASE	[0.1956521739130435, 0.419, 0.26982097186700765, 0.431]	[0.1918158567774936, 0.585, 0.2659846547314578, 0.598]	no-link	question-question	0.078	0.0038	-0.0703	-0.166	-0.167	-0.154	5
NUMBER	OF	[0.1956521739130435, 0.419, 0.26982097186700765, 0.431]	[0.2672634271099744, 0.419, 0.29539641943734013, 0.432]	word-word	question-question	0.0997	0.0	0.0716	0.001	-0.0026	0.013	5
OF	PAGES	[0.2672634271099744, 0.419, 0.29539641943734013, 0.432]	[0.30179028132992325, 0.417, 0.3593350383631714, 0.432]	word-word	question-question	0.0921	-0.002	0.0345	0.0	0.0064	0.013	5
OF	(919)	[0.2672634271099744, 0.419, 0.29539641943734013, 0.432]	[0.41048593350383633, 0.444, 0.4641943734015345, 0.462]	no-link	question-answer	-0.1151	-0.1432	-0.1969	-0.025	-0.03	-0.012	5
OF	373-	[0.2672634271099744, 0.419, 0.29539641943734013, 0.432]	[0.46930946291560105, 0.444, 0.5166240409207161, 0.461]	no-link	question-answer	-0.1739	-0.202	-0.2494	-0.025	-0.029	-0.012	5
OF	OUR	[0.2672634271099744, 0.419, 0.29539641943734013, 0.432]	[0.19309462915601022, 0.445, 0.2289002557544757, 0.462]	no-link	question-question	0.1023	0.0742	0.0384	-0.026	-0.03	-0.013	5
OF	FAX	[0.2672634271099744, 0.419, 0.29539641943734013, 0.432]	[0.23529411764705882, 0.447, 0.27365728900255754, 0.459]	no-link	question-question	0.0601	0.032	-0.0064	-0.028	-0.027	-0.015	5
OF	NUMBER	[0.2672634271099744, 0.419, 0.29539641943734013, 0.432]	[0.27237851662404094, 0.447, 0.35038363171355497, 0.459]	no-link	question-question	0.023	-0.0051	-0.0831	-0.028	-0.027	-0.015	5
OF	RECEIVE	[0.2672634271099744, 0.419, 0.29539641943734013, 0.432]	[0.34654731457800514, 0.566, 0.42327365728900257, 0.581]	no-link	question-question	-0.0512	-0.0793	-0.156	-0.147	-0.149	-0.134	5
OF	PAGES,	[0.2672634271099744, 0.419, 0.29539641943734013, 0.432]	[0.5485933503836317, 0.566, 0.612531969309463, 0.579]	no-link	question-question	-0.2532	-0.2813	-0.3453	-0.147	-0.147	-0.134	5
OF	IF	[0.2672634271099744, 0.419, 0.29539641943734013, 0.432]	[0.1918158567774936, 0.568, 0.22122762148337596, 0.583]	no-link	question-question	0.1036	0.0754	0.046	-0.149	-0.151	-0.136	5
OF	YOU	[0.2672634271099744, 0.419, 0.29539641943734013, 0.432]	[0.23145780051150894, 0.568, 0.26342710997442453, 0.583]	no-link	question-question	0.0639	0.0358	0.0038	-0.149	-0.151	-0.136	5
OF	THE	[0.2672634271099744, 0.419, 0.29539641943734013, 0.432]	[0.5038363171355499, 0.568, 0.5447570332480819, 0.58]	no-link	question-question	-0.2084	-0.2366	-0.2775	-0.149	-0.148	-0.136	5
OF	DO	[0.2672634271099744, 0.419, 0.29539641943734013, 0.432]	[0.2672634271099744, 0.57, 0.29539641943734013, 0.585]	no-link	question-question	0.0281	0.0	-0.0281	-0.151	-0.153	-0.138	5
OF	ANY	[0.2672634271099744, 0.419, 0.29539641943734013, 0.432]	[0.4296675191815857, 0.57, 0.46547314578005117, 0.582]	no-link	question-question	-0.1343	-0.1624	-0.1982	-0.151	-0.15	-0.138	5
OF	NOT	[0.2672634271099744, 0.419, 0.29539641943734013, 0.432]	[0.29923273657289, 0.571, 0.3414322250639386, 0.581]	no-link	question-question	-0.0038	-0.032	-0.0742	-0.152	-0.149	-0.139	5
OF	PLEASE	[0.2672634271099744, 0.419, 0.29539641943734013, 0.432]	[0.1918158567774936, 0.585, 0.2659846547314578, 0.598]	no-link	question-question	0.1036	0.0754	0.0013	-0.166	-0.166	-0.153	5
NUMBER	8	[0.1956521739130435, 0.419, 0.26982097186700765, 0.431]	[0.6560102301790282, 0.414, 0.6726342710997443, 0.429]	question-answer	question-answer	0.477	-0.005	0.4604	-0.002	0.3862	0.01	5
(919)	373-	[0.41048593350383633, 0.444, 0.4641943734015345, 0.462]	[0.46930946291560105, 0.444, 0.5166240409207161, 0.461]	word-word	answer-answer	0.1061	0.0	0.0588	-0.001	0.0051	0.017	6
(919)	FAX	[0.41048593350383633, 0.444, 0.4641943734015345, 0.462]	[0.23529411764705882, 0.447, 0.27365728900255754, 0.459]	no-link	answer-question	0.2289	0.1752	0.1368	-0.003	0.003	0.015	6
(919)	RECEIVE	[0.41048593350383633, 0.444, 0.4641943734015345, 0.462]	[0.34654731457800514, 0.566, 0.42327365728900257, 0.581]	no-link	answer-question	0.1176	0.0639	-0.0128	-0.122	-0.119	-0.104	6
(919)	PAGES,	[0.41048593350383633, 0.444, 0.4641943734015345, 0.462]	[0.5485933503836317, 0.566, 0.612531969309463, 0.579]	no-link	answer-question	-0.0844	-0.1381	-0.202	-0.122	-0.117	-0.104	6
(919)	IF	[0.41048593350383633, 0.444, 0.4641943734015345, 0.462]	[0.1918158567774936, 0.568, 0.22122762148337596, 0.583]	no-link	answer-question	0.2724	0.2187	0.1893	-0.124	-0.121	-0.106	6
(919)	YOU	[0.41048593350383633, 0.444, 0.4641943734015345, 0.462]	[0.23145780051150894, 0.568, 0.26342710997442453, 0.583]	no-link	answer-question	0.2327	0.179	0.1471	-0.124	-0.121	-0.106	6
(919)	THE	[0.41048593350383633, 0.444, 0.4641943734015345, 0.462]	[0.5038363171355499, 0.568, 0.5447570332480819, 0.58]	no-link	answer-question	-0.0396	-0.0934	-0.1343	-0.124	-0.118	-0.106	6
(919)	DO	[0.41048593350383633, 0.444, 0.4641943734015345, 0.462]	[0.2672634271099744, 0.57, 0.29539641943734013, 0.585]	no-link	answer-question	0.1969	0.1432	0.1151	-0.126	-0.123	-0.108	6
(919)	ANY	[0.41048593350383633, 0.444, 0.4641943734015345, 0.462]	[0.4296675191815857, 0.57, 0.46547314578005117, 0.582]	no-link	answer-question	0.0345	-0.0192	-0.055	-0.126	-0.12	-0.108	6
(919)	NOT	[0.41048593350383633, 0.444, 0.4641943734015345, 0.462]	[0.29923273657289, 0.571, 0.3414322250639386, 0.581]	no-link	answer-question	0.165	0.1113	0.0691	-0.127	-0.119	-0.109	6
(919)	PLEASE	[0.41048593350383633, 0.444, 0.4641943734015345, 0.462]	[0.1918158567774936, 0.585, 0.2659846547314578, 0.598]	no-link	answer-question	0.2724	0.2187	0.1445	-0.141	-0.136	-0.123	6
373-	6917	[0.46930946291560105, 0.444, 0.5166240409207161, 0.461]	[0.5179028132992327, 0.444, 0.5601023017902813, 0.459]	word-word	answer-answer	0.0908	0.0	0.0486	-0.002	0.0013	0.015	6
373-	OUR	[0.46930946291560105, 0.444, 0.5166240409207161, 0.461]	[0.19309462915601022, 0.445, 0.2289002557544757, 0.462]	no-link	answer-question	0.3235	0.2762	0.2404	-0.001	-0.001	0.016	6
373-	FAX	[0.46930946291560105, 0.444, 0.5166240409207161, 0.461]	[0.23529411764705882, 0.447, 0.27365728900255754, 0.459]	no-link	answer-question	0.2813	0.234	0.1957	-0.003	0.002	0.014	6
373-	NUMBER	[0.46930946291560105, 0.444, 0.5166240409207161, 0.461]	[0.27237851662404094, 0.447, 0.35038363171355497, 0.459]	no-link	answer-question	0.2442	0.1969	0.1189	-0.003	0.002	0.014	6
373-	RECEIVE	[0.46930946291560105, 0.444, 0.5166240409207161, 0.461]	[0.34654731457800514, 0.566, 0.42327365728900257, 0.581]	no-link	answer-question	0.1701	0.1228	0.046	-0.122	-0.12	-0.105	6
373-	PAGES,	[0.46930946291560105, 0.444, 0.5166240409207161, 0.461]	[0.5485933503836317, 0.566, 0.612531969309463, 0.579]	no-link	answer-question	-0.032	-0.0793	-0.1432	-0.122	-0.118	-0.105	6
373-	IF	[0.46930946291560105, 0.444, 0.5166240409207161, 0.461]	[0.1918158567774936, 0.568, 0.22122762148337596, 0.583]	no-link	answer-question	0.3248	0.2775	0.2481	-0.124	-0.122	-0.107	6
373-	YOU	[0.46930946291560105, 0.444, 0.5166240409207161, 0.461]	[0.23145780051150894, 0.568, 0.26342710997442453, 0.583]	no-link	answer-question	0.2852	0.2379	0.2059	-0.124	-0.122	-0.107	6
373-	OF	[0.46930946291560105, 0.444, 0.5166240409207161, 0.461]	[0.4718670076726343, 0.568, 0.49744245524296676, 0.583]	no-link	answer-question	0.0448	-0.0026	-0.0281	-0.124	-0.122	-0.107	6
373-	THE	[0.46930946291560105, 0.444, 0.5166240409207161, 0.461]	[0.5038363171355499, 0.568, 0.5447570332480819, 0.58]	no-link	answer-question	0.0128	-0.0345	-0.0754	-0.124	-0.119	-0.107	6
373-	DO	[0.46930946291560105, 0.444, 0.5166240409207161, 0.461]	[0.2672634271099744, 0.57, 0.29539641943734013, 0.585]	no-link	answer-question	0.2494	0.202	0.1739	-0.126	-0.124	-0.109	6
373-	ANY	[0.46930946291560105, 0.444, 0.5166240409207161, 0.461]	[0.4296675191815857, 0.57, 0.46547314578005117, 0.582]	no-link	answer-question	0.087	0.0396	0.0038	-0.126	-0.121	-0.109	6
373-	NOT	[0.46930946291560105, 0.444, 0.5166240409207161, 0.461]	[0.29923273657289, 0.571, 0.3414322250639386, 0.581]	no-link	answer-question	0.2174	0.1701	0.1279	-0.127	-0.12	-0.11	6
373-	PLEASE	[0.46930946291560105, 0.444, 0.5166240409207161, 0.461]	[0.1918158567774936, 0.585, 0.2659846547314578, 0.598]	no-link	answer-question	0.3248	0.2775	0.2033	-0.141	-0.137	-0.124	6
OUR	IF	[0.19309462915601022, 0.445, 0.2289002557544757, 0.462]	[0.1918158567774936, 0.568, 0.22122762148337596, 0.583]	line-line	question-question	0.0281	0.123	-0.0013	0.121	-0.0371	0.138	6
OUR	FAX	[0.19309462915601022, 0.445, 0.2289002557544757, 0.462]	[0.23529411764705882, 0.447, 0.27365728900255754, 0.459]	no-link	question-question	-0.0064	-0.0422	-0.0806	-0.002	0.003	0.015	6
OUR	NUMBER	[0.19309462915601022, 0.445, 0.2289002557544757, 0.462]	[0.27237851662404094, 0.447, 0.35038363171355497, 0.459]	no-link	question-question	-0.0435	-0.0793	-0.1573	-0.002	0.003	0.015	6
OUR	RECEIVE	[0.19309462915601022, 0.445, 0.2289002557544757, 0.462]	[0.34654731457800514, 0.566, 0.42327365728900257, 0.581]	no-link	question-question	-0.1176	-0.1535	-0.2302	-0.121	-0.119	-0.104	6
OUR	PAGES,	[0.19309462915601022, 0.445, 0.2289002557544757, 0.462]	[0.5485933503836317, 0.566, 0.612531969309463, 0.579]	no-link	question-question	-0.3197	-0.3555	-0.4194	-0.121	-0.117	-0.104	6
OUR	YOU	[0.19309462915601022, 0.445, 0.2289002557544757, 0.462]	[0.23145780051150894, 0.568, 0.26342710997442453, 0.583]	no-link	question-question	-0.0026	-0.0384	-0.0703	-0.123	-0.121	-0.106	6
OUR	OF	[0.19309462915601022, 0.445, 0.2289002557544757, 0.462]	[0.4718670076726343, 0.568, 0.49744245524296676, 0.583]	no-link	question-question	-0.243	-0.2788	-0.3043	-0.123	-0.121	-0.106	6
OUR	THE	[0.19309462915601022, 0.445, 0.2289002557544757, 0.462]	[0.5038363171355499, 0.568, 0.5447570332480819, 0.58]	no-link	question-question	-0.2749	-0.3107	-0.3517	-0.123	-0.118	-0.106	6
OUR	DO	[0.19309462915601022, 0.445, 0.2289002557544757, 0.462]	[0.2672634271099744, 0.57, 0.29539641943734013, 0.585]	no-link	question-question	-0.0384	-0.0742	-0.1023	-0.125	-0.123	-0.108	6
OUR	ANY	[0.19309462915601022, 0.445, 0.2289002557544757, 0.462]	[0.4296675191815857, 0.57, 0.46547314578005117, 0.582]	no-link	question-question	-0.2008	-0.2366	-0.2724	-0.125	-0.12	-0.108	6
OUR	NOT	[0.19309462915601022, 0.445, 0.2289002557544757, 0.462]	[0.29923273657289, 0.571, 0.3414322250639386, 0.581]	no-link	question-question	-0.0703	-0.1061	-0.1483	-0.126	-0.119	-0.109	6
OUR	PLEASE	[0.19309462915601022, 0.445, 0.2289002557544757, 0.462]	[0.1918158567774936, 0.585, 0.2659846547314578, 0.598]	no-link	question-question	0.0371	0.0013	-0.0729	-0.14	-0.136	-0.123	6
OUR	FAX	[0.19309462915601022, 0.445, 0.2289002557544757, 0.462]	[0.23529411764705882, 0.447, 0.27365728900255754, 0.459]	word-word	question-question	0.0806	0.002	0.0422	-0.003	0.0064	0.014	6
OUR	(919)	[0.19309462915601022, 0.445, 0.2289002557544757, 0.462]	[0.41048593350383633, 0.444, 0.4641943734015345, 0.462]	question-answer	question-answer	0.2711	-0.001	0.2174	0.0	0.1816	0.017	6
FAX	NUMBER	[0.23529411764705882, 0.447, 0.27365728900255754, 0.459]	[0.27237851662404094, 0.447, 0.35038363171355497, 0.459]	word-word	question-question	0.1151	0.0	0.0371	0.0	-0.0013	0.012	6
FAX	RECEIVE	[0.23529411764705882, 0.447, 0.27365728900255754, 0.459]	[0.34654731457800514, 0.566, 0.42327365728900257, 0.581]	no-link	question-question	-0.0729	-0.1113	-0.188	-0.119	-0.122	-0.107	6
FAX	PAGES,	[0.23529411764705882, 0.447, 0.27365728900255754, 0.459]	[0.5485933503836317, 0.566, 0.612531969309463, 0.579]	no-link	question-question	-0.2749	-0.3133	-0.3772	-0.119	-0.12	-0.107	6
FAX	IF	[0.23529411764705882, 0.447, 0.27365728900255754, 0.459]	[0.1918158567774936, 0.568, 0.22122762148337596, 0.583]	no-link	question-question	0.0818	0.0435	0.0141	-0.121	-0.124	-0.109	6
FAX	YOU	[0.23529411764705882, 0.447, 0.27365728900255754, 0.459]	[0.23145780051150894, 0.568, 0.26342710997442453, 0.583]	no-link	question-question	0.0422	0.0038	-0.0281	-0.121	-0.124	-0.109	6
FAX	OF	[0.23529411764705882, 0.447, 0.27365728900255754, 0.459]	[0.4718670076726343, 0.568, 0.49744245524296676, 0.583]	no-link	question-question	-0.1982	-0.2366	-0.2621	-0.121	-0.124	-0.109	6
FAX	THE	[0.23529411764705882, 0.447, 0.27365728900255754, 0.459]	[0.5038363171355499, 0.568, 0.5447570332480819, 0.58]	no-link	question-question	-0.2302	-0.2685	-0.3095	-0.121	-0.121	-0.109	6
FAX	DO	[0.23529411764705882, 0.447, 0.27365728900255754, 0.459]	[0.2672634271099744, 0.57, 0.29539641943734013, 0.585]	no-link	question-question	0.0064	-0.032	-0.0601	-0.123	-0.126	-0.111	6
FAX	ANY	[0.23529411764705882, 0.447, 0.27365728900255754, 0.459]	[0.4296675191815857, 0.57, 0.46547314578005117, 0.582]	no-link	question-question	-0.156	-0.1944	-0.2302	-0.123	-0.123	-0.111	6
FAX	NOT	[0.23529411764705882, 0.447, 0.27365728900255754, 0.459]	[0.29923273657289, 0.571, 0.3414322250639386, 0.581]	no-link	question-question	-0.0256	-0.0639	-0.1061	-0.124	-0.122	-0.112	6
FAX	PLEASE	[0.23529411764705882, 0.447, 0.27365728900255754, 0.459]	[0.1918158567774936, 0.585, 0.2659846547314578, 0.598]	no-link	question-question	0.0818	0.0435	-0.0307	-0.138	-0.139	-0.126	6
NUMBER	IS:	[0.27237851662404094, 0.447, 0.35038363171355497, 0.459]	[0.3593350383631714, 0.447, 0.3887468030690537, 0.459]	word-word	question-question	0.1164	0.0	0.087	0.0	0.009	0.012	6
RECEIVE	ANY	[0.34654731457800514, 0.566, 0.42327365728900257, 0.581]	[0.4296675191815857, 0.57, 0.46547314578005117, 0.582]	word-word	question-question	0.1189	0.004	0.0831	0.001	0.0064	0.016	7
RECEIVE	IF	[0.34654731457800514, 0.566, 0.42327365728900257, 0.581]	[0.1918158567774936, 0.568, 0.22122762148337596, 0.583]	no-link	question-question	0.2315	0.1547	0.1253	-0.002	-0.002	0.013	7
RECEIVE	YOU	[0.34654731457800514, 0.566, 0.42327365728900257, 0.581]	[0.23145780051150894, 0.568, 0.26342710997442453, 0.583]	no-link	question-question	0.1918	0.1151	0.0831	-0.002	-0.002	0.013	7
RECEIVE	OF	[0.34654731457800514, 0.566, 0.42327365728900257, 0.581]	[0.4718670076726343, 0.568, 0.49744245524296676, 0.583]	no-link	question-question	-0.0486	-0.1253	-0.1509	-0.002	-0.002	0.013	7
RECEIVE	THE	[0.34654731457800514, 0.566, 0.42327365728900257, 0.581]	[0.5038363171355499, 0.568, 0.5447570332480819, 0.58]	no-link	question-question	-0.0806	-0.1573	-0.1982	-0.002	0.001	0.013	7
RECEIVE	DO	[0.34654731457800514, 0.566, 0.42327365728900257, 0.581]	[0.2672634271099744, 0.57, 0.29539641943734013, 0.585]	no-link	question-question	0.156	0.0793	0.0512	-0.004	-0.004	0.011	7
RECEIVE	NOT	[0.34654731457800514, 0.566, 0.42327365728900257, 0.581]	[0.29923273657289, 0.571, 0.3414322250639386, 0.581]	no-link	question-question	0.124	0.0473	0.0051	-0.005	0.0	0.01	7
RECEIVE	PLEASE	[0.34654731457800514, 0.566, 0.42327365728900257, 0.581]	[0.1918158567774936, 0.585, 0.2659846547314578, 0.598]	no-link	question-question	0.2315	0.1547	0.0806	-0.019	-0.017	-0.004	7
PAGES,	PLEASE	[0.5485933503836317, 0.566, 0.612531969309463, 0.579]	[0.1918158567774936, 0.585, 0.2659846547314578, 0.598]	word-word	question-question	-0.2826	0.019	-0.3568	0.019	-0.4207	0.032	7
PAGES,	YOU	[0.5485933503836317, 0.566, 0.612531969309463, 0.579]	[0.23145780051150894, 0.568, 0.26342710997442453, 0.583]	no-link	question-question	0.3811	0.3171	0.2852	-0.002	-0.004	0.011	7
PAGES,	OF	[0.5485933503836317, 0.566, 0.612531969309463, 0.579]	[0.4718670076726343, 0.568, 0.49744245524296676, 0.583]	no-link	question-question	0.1407	0.0767	0.0512	-0.002	-0.004	0.011	7
PAGES,	THE	[0.5485933503836317, 0.566, 0.612531969309463, 0.579]	[0.5038363171355499, 0.568, 0.5447570332480819, 0.58]	no-link	question-question	0.1087	0.0448	0.0038	-0.002	-0.001	0.011	7
PAGES,	DO	[0.5485933503836317, 0.566, 0.612531969309463, 0.579]	[0.2672634271099744, 0.57, 0.29539641943734013, 0.585]	no-link	question-question	0.3453	0.2813	0.2532	-0.004	-0.006	0.009	7
PAGES,	ANY	[0.5485933503836317, 0.566, 0.612531969309463, 0.579]	[0.4296675191815857, 0.57, 0.46547314578005117, 0.582]	no-link	question-question	0.1829	0.1189	0.0831	-0.004	-0.003	0.009	7
PAGES,	NOT	[0.5485933503836317, 0.566, 0.612531969309463, 0.579]	[0.29923273657289, 0.571, 0.3414322250639386, 0.581]	no-link	question-question	0.3133	0.2494	0.2072	-0.005	-0.002	0.008	7
IF	YOU	[0.1918158567774936, 0.568, 0.22122762148337596, 0.583]	[0.23145780051150894, 0.568, 0.26342710997442453, 0.583]	word-word	question-question	0.0716	0.0	0.0396	0.0	0.0102	0.015	7
IF	OF	[0.1918158567774936, 0.568, 0.22122762148337596, 0.583]	[0.4718670076726343, 0.568, 0.49744245524296676, 0.583]	no-link	question-question	-0.2506	-0.2801	-0.3056	0.0	0.0	0.015	7
IF	THE	[0.1918158567774936, 0.568, 0.22122762148337596, 0.583]	[0.5038363171355499, 0.568, 0.5447570332480819, 0.58]	no-link	question-question	-0.2826	-0.312	-0.3529	0.0	0.003	0.015	7
IF	DO	[0.1918158567774936, 0.568, 0.22122762148337596, 0.583]	[0.2672634271099744, 0.57, 0.29539641943734013, 0.585]	no-link	question-question	-0.046	-0.0754	-0.1036	-0.002	-0.002	0.013	7
IF	ANY	[0.1918158567774936, 0.568, 0.22122762148337596, 0.583]	[0.4296675191815857, 0.57, 0.46547314578005117, 0.582]	no-link	question-question	-0.2084	-0.2379	-0.2737	-0.002	0.001	0.013	7
IF	NOT	[0.1918158567774936, 0.568, 0.22122762148337596, 0.583]	[0.29923273657289, 0.571, 0.3414322250639386, 0.581]	no-link	question-question	-0.078	-0.1074	-0.1496	-0.003	0.002	0.012	7
IF	PLEASE	[0.1918158567774936, 0.568, 0.22122762148337596, 0.583]	[0.1918158567774936, 0.585, 0.2659846547314578, 0.598]	no-link	question-question	0.0294	0.0	-0.0742	-0.017	-0.015	-0.002	7
YOU	DO	[0.23145780051150894, 0.568, 0.26342710997442453, 0.583]	[0.2672634271099744, 0.57, 0.29539641943734013, 0.585]	word-word	question-question	0.0639	0.002	0.0358	0.002	0.0038	0.017	7
YOU	THE	[0.23145780051150894, 0.568, 0.26342710997442453, 0.583]	[0.5038363171355499, 0.568, 0.5447570332480819, 0.58]	no-link	question-question	-0.2404	-0.2724	-0.3133	0.0	0.003	0.015	7
YOU	ANY	[0.23145780051150894, 0.568, 0.26342710997442453, 0.583]	[0.4296675191815857, 0.57, 0.46547314578005117, 0.582]	no-link	question-question	-0.1662	-0.1982	-0.234	-0.002	0.001	0.013	7
YOU	NOT	[0.23145780051150894, 0.568, 0.26342710997442453, 0.583]	[0.29923273657289, 0.571, 0.3414322250639386, 0.581]	no-link	question-question	-0.0358	-0.0678	-0.11	-0.003	0.002	0.012	7
YOU	PLEASE	[0.23145780051150894, 0.568, 0.26342710997442453, 0.583]	[0.1918158567774936, 0.585, 0.2659846547314578, 0.598]	no-link	question-question	0.0716	0.0396	-0.0345	-0.017	-0.015	-0.002	7
OF	THE	[0.4718670076726343, 0.568, 0.49744245524296676, 0.583]	[0.5038363171355499, 0.568, 0.5447570332480819, 0.58]	word-word	question-question	0.0729	0.0	0.032	-0.003	0.0064	0.012	7
THE	PAGES,	[0.5038363171355499, 0.568, 0.5447570332480819, 0.58]	[0.5485933503836317, 0.566, 0.612531969309463, 0.579]	word-word	question-question	0.1087	-0.002	0.0448	-0.001	0.0038	0.011	7
THE	ANY	[0.5038363171355499, 0.568, 0.5447570332480819, 0.58]	[0.4296675191815857, 0.57, 0.46547314578005117, 0.582]	no-link	question-question	0.1151	0.0742	0.0384	-0.002	-0.002	0.01	7
THE	NOT	[0.5038363171355499, 0.568, 0.5447570332480819, 0.58]	[0.29923273657289, 0.571, 0.3414322250639386, 0.581]	no-link	question-question	0.2455	0.2046	0.1624	-0.003	-0.001	0.009	7
THE	PLEASE	[0.5038363171355499, 0.568, 0.5447570332480819, 0.58]	[0.1918158567774936, 0.585, 0.2659846547314578, 0.598]	no-link	question-question	0.3529	0.312	0.2379	-0.017	-0.018	-0.005	7
DO	NOT	[0.2672634271099744, 0.57, 0.29539641943734013, 0.585]	[0.29923273657289, 0.571, 0.3414322250639386, 0.581]	word-word	question-question	0.0742	0.001	0.032	-0.004	0.0038	0.011	7
DO	PLEASE	[0.2672634271099744, 0.57, 0.29539641943734013, 0.585]	[0.1918158567774936, 0.585, 0.2659846547314578, 0.598]	no-link	question-question	0.1036	0.0754	0.0013	-0.015	-0.013	0.0	7
ANY	OF	[0.4296675191815857, 0.57, 0.46547314578005117, 0.582]	[0.4718670076726343, 0.568, 0.49744245524296676, 0.583]	word-word	question-question	0.0678	-0.002	0.0422	0.001	0.0064	0.013	7
ANY	PLEASE	[0.4296675191815857, 0.57, 0.46547314578005117, 0.582]	[0.1918158567774936, 0.585, 0.2659846547314578, 0.598]	no-link	question-question	0.2737	0.2379	0.1637	-0.015	-0.016	-0.003	7
NOT	RECEIVE	[0.29923273657289, 0.571, 0.3414322250639386, 0.581]	[0.34654731457800514, 0.566, 0.42327365728900257, 0.581]	word-word	question-question	0.124	-0.005	0.0473	0.0	0.0051	0.01	7
PLEASE	CALL	[0.1918158567774936, 0.585, 0.2659846547314578, 0.598]	[0.2659846547314578, 0.585, 0.319693094629156, 0.598]	word-word	question-question	0.1279	0.0	0.0742	0.0	0.0	0.013	7
