Newport	SPECIAL	[0.10610079575596817, 0.08, 0.473474801061008, 0.171]	[0.17771883289124668, 0.239, 0.3116710875331565, 0.264]	line-line	header-header	0.2056	0.159	0.0716	0.093	-0.2958	0.184	0
Newport	EVENT	[0.10610079575596817, 0.08, 0.473474801061008, 0.171]	[0.32360742705570295, 0.242, 0.4442970822281167, 0.267]	no-link	header-header	0.1499	-0.2175	-0.3382	-0.162	-0.096	-0.071	0
Newport	INFORMATION	[0.10610079575596817, 0.08, 0.473474801061008, 0.171]	[0.4496021220159151, 0.242, 0.7002652519893899, 0.264]	no-link	header-header	0.0239	-0.3435	-0.5942	-0.162	-0.093	-0.071	0
Newport	GENERAL	[0.10610079575596817, 0.08, 0.473474801061008, 0.171]	[0.17374005305039789, 0.339, 0.2891246684350133, 0.357]	no-link	header-question	0.2997	-0.0676	-0.183	-0.259	-0.186	-0.168	0
Newport	Upper	[0.10610079575596817, 0.08, 0.473474801061008, 0.171]	[0.3421750663129973, 0.373, 0.39389920424403185, 0.387]	no-link	header-answer	0.1313	-0.2361	-0.2878	-0.293	-0.216	-0.202	0
Newport	Madisor	[0.10610079575596817, 0.08, 0.473474801061008, 0.171]	[0.3978779840848806, 0.373, 0.46021220159151194, 0.388]	no-link	header-answer	0.0756	-0.2918	-0.3541	-0.293	-0.217	-0.202	0
Newport	Avenue	[0.10610079575596817, 0.08, 0.473474801061008, 0.171]	[0.47214854111405835, 0.373, 0.5265251989389921, 0.387]	no-link	header-answer	0.0013	-0.366	-0.4204	-0.293	-0.216	-0.202	0
Newport	pleasure!	[0.10610079575596817, 0.08, 0.473474801061008, 0.171]	[0.47745358090185674, 0.088, 0.889920424403183, 0.165]	word-word	header-header	0.7838	0.008	0.3714	-0.006	0.004	0.085	0
SPECIAL	GENERAL	[0.17771883289124668, 0.239, 0.3116710875331565, 0.264]	[0.17374005305039789, 0.339, 0.2891246684350133, 0.357]	line-line	header-header	0.1114	0.1	-0.004	0.093	-0.1379	0.118	1
SPECIAL	EVENT	[0.17771883289124668, 0.239, 0.3116710875331565, 0.264]	[0.32360742705570295, 0.242, 0.4442970822281167, 0.267]	no-link	header-header	-0.0119	-0.1459	-0.2666	-0.003	-0.003	0.022	1
SPECIAL	INFORMATION	[0.17771883289124668, 0.239, 0.3116710875331565, 0.264]	[0.4496021220159151, 0.242, 0.7002652519893899, 0.264]	no-link	header-header	-0.1379	-0.2719	-0.5225	-0.003	0.0	0.022	1
SPECIAL	Upper	[0.17771883289124668, 0.239, 0.3116710875331565, 0.264]	[0.3421750663129973, 0.373, 0.39389920424403185, 0.387]	no-link	header-answer	-0.0305	-0.1645	-0.2162	-0.134	-0.123	-0.109	1
SPECIAL	Madisor	[0.17771883289124668, 0.239, 0.3116710875331565, 0.264]	[0.3978779840848806, 0.373, 0.46021220159151194, 0.388]	no-link	header-answer	-0.0862	-0.2202	-0.2825	-0.134	-0.124	-0.109	1
SPECIAL	Avenue	[0.17771883289124668, 0.239, 0.3116710875331565, 0.264]	[0.47214854111405835, 0.373, 0.5265251989389921, 0.387]	no-link	header-answer	-0.1605	-0.2944	-0.3488	-0.134	-0.123	-0.109	1
SPECIAL	EVENT	[0.17771883289124668, 0.239, 0.3116710875331565, 0.264]	[0.32360742705570295, 0.242, 0.4442970822281167, 0.267]	word-word	header-header	0.2666	0.003	0.1459	0.003	0.0119	0.028	1
EVENT	INFORMATION	[0.32360742705570295, 0.242, 0.4442970822281167, 0.267]	[0.4496021220159151, 0.242, 0.7002652519893899, 0.264]	word-word	header-header	0.3767	0.0	0.126	-0.003	0.0053	0.022	1
EVENT	GENERAL	[0.32360742705570295, 0.242, 0.4442970822281167, 0.267]	[0.17374005305039789, 0.339, 0.2891246684350133, 0.357]	no-link	header-question	0.2706	0.1499	0.0345	-0.097	-0.09	-0.072	1
EVENT	Upper	[0.32360742705570295, 0.242, 0.4442970822281167, 0.267]	[0.3421750663129973, 0.373, 0.39389920424403185, 0.387]	no-link	header-answer	0.1021	-0.0186	-0.0703	-0.131	-0.12	-0.106	1
EVENT	Madisor	[0.32360742705570295, 0.242, 0.4442970822281167, 0.267]	[0.3978779840848806, 0.373, 0.46021220159151194, 0.388]	no-link	header-answer	0.0464	-0.0743	-0.1366	-0.131	-0.121	-0.106	1
EVENT	Avenue	[0.32360742705570295, 0.242, 0.4442970822281167, 0.267]	[0.47214854111405835, 0.373, 0.5265251989389921, 0.387]	no-link	header-answer	-0.0279	-0.1485	-0.2029	-0.131	-0.12	-0.106	1
INFORMATION	SHEET	[0.4496021220159151, 0.242, 0.7002652519893899, 0.264]	[0.7095490716180372, 0.242, 0.8249336870026526, 0.267]	word-word	header-header	0.3753	0.0	0.2599	0.003	0.0093	0.025	1
INFORMATION	GENERAL	[0.4496021220159151, 0.242, 0.7002652519893899, 0.264]	[0.17374005305039789, 0.339, 0.2891246684350133, 0.357]	no-link	header-header	0.5265	0.2759	0.1605	-0.097	-0.093	-0.075	1
INFORMATION	Upper	[0.4496021220159151, 0.242, 0.7002652519893899, 0.264]	[0.3421750663129973, 0.373, 0.39389920424403185, 0.387]	no-link	header-answer	0.3581	0.1074	0.0557	-0.131	-0.123	-0.109	1
INFORMATION	Madisor	[0.4496021220159151, 0.242, 0.7002652519893899, 0.264]	[0.3978779840848806, 0.373, 0.46021220159151194, 0.388]	no-link	header-answer	0.3024	0.0517	-0.0106	-0.131	-0.124	-0.109	1
INFORMATION	Avenue	[0.4496021220159151, 0.242, 0.7002652519893899, 0.264]	[0.47214854111405835, 0.373, 0.5265251989389921, 0.387]	no-link	header-answer	0.2281	-0.0225	-0.0769	-0.131	-0.123	-0.109	1
INFORMATION	EVENT	[0.4496021220159151, 0.242, 0.7002652519893899, 0.264]	[0.17374005305039789, 0.374, 0.22546419098143236, 0.389]	no-link	header-question	0.5265	0.2759	0.2241	-0.132	-0.125	-0.11	1
GENERAL	EVENT	[0.17374005305039789, 0.339, 0.2891246684350133, 0.357]	[0.17374005305039789, 0.374, 0.22546419098143236, 0.389]	line-line	header-question	0.0517	0.035	0.0	0.032	-0.1154	0.05	2
GENERAL	Upper	[0.17374005305039789, 0.339, 0.2891246684350133, 0.357]	[0.3421750663129973, 0.373, 0.39389920424403185, 0.387]	no-link	header-answer	-0.0531	-0.1684	-0.2202	-0.034	-0.03	-0.016	2
GENERAL	Madisor	[0.17374005305039789, 0.339, 0.2891246684350133, 0.357]	[0.3978779840848806, 0.373, 0.46021220159151194, 0.388]	no-link	header-answer	-0.1088	-0.2241	-0.2865	-0.034	-0.031	-0.016	2
GENERAL	Avenue	[0.17374005305039789, 0.339, 0.2891246684350133, 0.357]	[0.47214854111405835, 0.373, 0.5265251989389921, 0.387]	no-link	header-answer	-0.183	-0.2984	-0.3528	-0.034	-0.03	-0.016	2
GENERAL	-86th	[0.17374005305039789, 0.339, 0.2891246684350133, 0.357]	[0.3912466843501326, 0.404, 0.4376657824933687, 0.419]	no-link	header-answer	-0.1021	-0.2175	-0.2639	-0.065	-0.062	-0.047	2
GENERAL	INFORMATION:	[0.17374005305039789, 0.339, 0.2891246684350133, 0.357]	[0.29973474801061006, 0.338, 0.4827586206896552, 0.355]	word-word	header-header	0.309	-0.001	0.126	-0.002	0.0106	0.016	2
GENERAL	New	[0.17374005305039789, 0.339, 0.2891246684350133, 0.357]	[0.5172413793103449, 0.404, 0.5464190981432361, 0.418]	no-link	header-answer	-0.2281	-0.3435	-0.3727	-0.065	-0.061	-0.047	2
GENERAL	EVENT	[0.17374005305039789, 0.339, 0.2891246684350133, 0.357]	[0.17374005305039789, 0.374, 0.22546419098143236, 0.389]	header-question	header-question	0.0517	0.035	0.0	0.032	-0.1154	0.05	2
GENERAL	York,	[0.17374005305039789, 0.339, 0.2891246684350133, 0.357]	[0.5517241379310345, 0.404, 0.5941644562334217, 0.419]	no-link	header-answer	-0.2626	-0.378	-0.4204	-0.065	-0.062	-0.047	2
GENERAL	EVENT	[0.17374005305039789, 0.339, 0.2891246684350133, 0.357]	[0.17639257294429708, 0.404, 0.23076923076923078, 0.421]	header-question	header-question	0.057	0.065	0.0027	0.064	-0.1127	0.082	2
GENERAL	68th	[0.17374005305039789, 0.339, 0.2891246684350133, 0.357]	[0.3421750663129973, 0.405, 0.383289124668435, 0.418]	no-link	header-answer	-0.0531	-0.1684	-0.2095	-0.066	-0.061	-0.048	2
GENERAL	EVENT	[0.17374005305039789, 0.339, 0.2891246684350133, 0.357]	[0.17374005305039789, 0.432, 0.22811671087533156, 0.449]	header-question	header-question	0.0544	0.093	0.0	0.092	-0.1154	0.11	2
GENERAL	Street	[0.17374005305039789, 0.339, 0.2891246684350133, 0.357]	[0.4442970822281167, 0.405, 0.5053050397877984, 0.418]	no-link	header-answer	-0.1552	-0.2706	-0.3316	-0.066	-0.061	-0.048	2
GENERAL	INFORMATION:	[0.17374005305039789, 0.339, 0.2891246684350133, 0.357]	[0.29973474801061006, 0.338, 0.4827586206896552, 0.355]	word-word	header-header	0.309	-0.001	0.126	-0.002	0.0106	0.016	3
GENERAL	INFORMATION:	[0.17374005305039789, 0.339, 0.2891246684350133, 0.357]	[0.29973474801061006, 0.338, 0.4827586206896552, 0.355]	word-word	header-header	0.309	-0.001	0.126	-0.002	0.0106	0.016	4
GENERAL	INFORMATION:	[0.17374005305039789, 0.339, 0.2891246684350133, 0.357]	[0.29973474801061006, 0.338, 0.4827586206896552, 0.355]	word-word	header-header	0.309	-0.001	0.126	-0.002	0.0106	0.016	5
Upper	Madisor	[0.3421750663129973, 0.373, 0.39389920424403185, 0.387]	[0.3978779840848806, 0.373, 0.46021220159151194, 0.388]	word-word	answer-answer	0.118	0.0	0.0557	0.001	0.004	0.015	3
Upper	Avenue	[0.3421750663129973, 0.373, 0.39389920424403185, 0.387]	[0.47214854111405835, 0.373, 0.5265251989389921, 0.387]	no-link	answer-answer	-0.0782	-0.13	-0.1844	0.0	0.0	0.014	3
Upper	EVENT	[0.3421750663129973, 0.373, 0.39389920424403185, 0.387]	[0.17374005305039789, 0.374, 0.22546419098143236, 0.389]	no-link	answer-question	0.2202	0.1684	0.1167	-0.001	-0.002	0.013	3
Upper	-86th	[0.3421750663129973, 0.373, 0.39389920424403185, 0.387]	[0.3912466843501326, 0.404, 0.4376657824933687, 0.419]	no-link	answer-answer	0.0027	-0.0491	-0.0955	-0.031	-0.032	-0.017	3
Upper	New	[0.3421750663129973, 0.373, 0.39389920424403185, 0.387]	[0.5172413793103449, 0.404, 0.5464190981432361, 0.418]	no-link	answer-answer	-0.1233	-0.1751	-0.2042	-0.031	-0.031	-0.017	3
Upper	York,	[0.3421750663129973, 0.373, 0.39389920424403185, 0.387]	[0.5517241379310345, 0.404, 0.5941644562334217, 0.419]	no-link	answer-answer	-0.1578	-0.2095	-0.252	-0.031	-0.032	-0.017	3
Upper	68th	[0.3421750663129973, 0.373, 0.39389920424403185, 0.387]	[0.3421750663129973, 0.405, 0.383289124668435, 0.418]	no-link	answer-answer	0.0517	0.0	-0.0411	-0.032	-0.031	-0.018	3
Upper	Street	[0.3421750663129973, 0.373, 0.39389920424403185, 0.387]	[0.4442970822281167, 0.405, 0.5053050397877984, 0.418]	no-link	answer-answer	-0.0504	-0.1021	-0.1631	-0.032	-0.031	-0.018	3
Madisor	Avenue	[0.3978779840848806, 0.373, 0.46021220159151194, 0.388]	[0.47214854111405835, 0.373, 0.5265251989389921, 0.387]	word-word	answer-answer	0.1286	0.0	0.0743	-0.001	0.0119	0.014	3
Madisor	EVENT	[0.3978779840848806, 0.373, 0.46021220159151194, 0.388]	[0.17374005305039789, 0.374, 0.22546419098143236, 0.389]	no-link	answer-question	0.2865	0.2241	0.1724	-0.001	-0.001	0.014	3
Madisor	-86th	[0.3978779840848806, 0.373, 0.46021220159151194, 0.388]	[0.3912466843501326, 0.404, 0.4376657824933687, 0.419]	no-link	answer-answer	0.069	0.0066	-0.0398	-0.031	-0.031	-0.016	3
Madisor	New	[0.3978779840848806, 0.373, 0.46021220159151194, 0.388]	[0.5172413793103449, 0.404, 0.5464190981432361, 0.418]	no-link	answer-answer	-0.057	-0.1194	-0.1485	-0.031	-0.03	-0.016	3
Madisor	York,	[0.3978779840848806, 0.373, 0.46021220159151194, 0.388]	[0.5517241379310345, 0.404, 0.5941644562334217, 0.419]	no-link	answer-answer	-0.0915	-0.1538	-0.1963	-0.031	-0.031	-0.016	3
Madisor	68th	[0.3978779840848806, 0.373, 0.46021220159151194, 0.388]	[0.3421750663129973, 0.405, 0.383289124668435, 0.418]	no-link	answer-answer	0.118	0.0557	0.0146	-0.032	-0.03	-0.017	3
Madisor	Street	[0.3978779840848806, 0.373, 0.46021220159151194, 0.388]	[0.4442970822281167, 0.405, 0.5053050397877984, 0.418]	no-link	answer-answer	0.0159	-0.0464	-0.1074	-0.032	-0.03	-0.017	3
Avenue	Festival	[0.47214854111405835, 0.373, 0.5265251989389921, 0.387]	[0.53315649867374, 0.372, 0.6087533156498673, 0.389]	word-word	answer-answer	0.1366	-0.001	0.061	0.002	0.0066	0.016	3
Avenue	EVENT	[0.47214854111405835, 0.373, 0.5265251989389921, 0.387]	[0.17374005305039789, 0.374, 0.22546419098143236, 0.389]	no-link	answer-question	0.3528	0.2984	0.2467	-0.001	-0.002	0.013	3
Avenue	-86th	[0.47214854111405835, 0.373, 0.5265251989389921, 0.387]	[0.3912466843501326, 0.404, 0.4376657824933687, 0.419]	no-link	answer-answer	0.1353	0.0809	0.0345	-0.031	-0.032	-0.017	3
Avenue	New	[0.47214854111405835, 0.373, 0.5265251989389921, 0.387]	[0.5172413793103449, 0.404, 0.5464190981432361, 0.418]	no-link	answer-answer	0.0093	-0.0451	-0.0743	-0.031	-0.031	-0.017	3
Avenue	York,	[0.47214854111405835, 0.373, 0.5265251989389921, 0.387]	[0.5517241379310345, 0.404, 0.5941644562334217, 0.419]	no-link	answer-answer	-0.0252	-0.0796	-0.122	-0.031	-0.032	-0.017	3
Avenue	68th	[0.47214854111405835, 0.373, 0.5265251989389921, 0.387]	[0.3421750663129973, 0.405, 0.383289124668435, 0.418]	no-link	answer-answer	0.1844	0.13	0.0889	-0.032	-0.031	-0.018	3
Avenue	Street	[0.47214854111405835, 0.373, 0.5265251989389921, 0.387]	[0.4442970822281167, 0.405, 0.5053050397877984, 0.418]	no-link	answer-answer	0.0822	0.0279	-0.0332	-0.032	-0.031	-0.018	3
Avenue	June	[0.47214854111405835, 0.373, 0.5265251989389921, 0.387]	[0.3448275862068966, 0.434, 0.3859416445623342, 0.447]	no-link	answer-answer	0.1817	0.1273	0.0862	-0.061	-0.06	-0.047	3
EVENT	NAME:	[0.17374005305039789, 0.374, 0.22546419098143236, 0.389]	[0.23209549071618038, 0.373, 0.2864721485411141, 0.391]	word-word	question-question	0.1127	-0.001	0.0584	0.002	0.0066	0.017	2
EVENT	-86th	[0.17374005305039789, 0.374, 0.22546419098143236, 0.389]	[0.3912466843501326, 0.404, 0.4376657824933687, 0.419]	no-link	question-answer	-0.1658	-0.2175	-0.2639	-0.03	-0.03	-0.015	2
EVENT	New	[0.17374005305039789, 0.374, 0.22546419098143236, 0.389]	[0.5172413793103449, 0.404, 0.5464190981432361, 0.418]	no-link	question-answer	-0.2918	-0.3435	-0.3727	-0.03	-0.029	-0.015	2
EVENT	York,	[0.17374005305039789, 0.374, 0.22546419098143236, 0.389]	[0.5517241379310345, 0.404, 0.5941644562334217, 0.419]	no-link	question-answer	-0.3263	-0.378	-0.4204	-0.03	-0.03	-0.015	2
EVENT	68th	[0.17374005305039789, 0.374, 0.22546419098143236, 0.389]	[0.3421750663129973, 0.405, 0.383289124668435, 0.418]	no-link	question-answer	-0.1167	-0.1684	-0.2095	-0.031	-0.029	-0.016	2
EVENT	Street	[0.17374005305039789, 0.374, 0.22546419098143236, 0.389]	[0.4442970822281167, 0.405, 0.5053050397877984, 0.418]	no-link	question-answer	-0.2188	-0.2706	-0.3316	-0.031	-0.029	-0.016	2
EVENT	June	[0.17374005305039789, 0.374, 0.22546419098143236, 0.389]	[0.3448275862068966, 0.434, 0.3859416445623342, 0.447]	no-link	question-answer	-0.1194	-0.1711	-0.2122	-0.06	-0.058	-0.045	2
EVENT	4,	[0.17374005305039789, 0.374, 0.22546419098143236, 0.389]	[0.3912466843501326, 0.434, 0.40981432360742703, 0.447]	no-link	question-answer	-0.1658	-0.2175	-0.2361	-0.06	-0.058	-0.045	2
EVENT	EVENT	[0.17374005305039789, 0.374, 0.22546419098143236, 0.389]	[0.17639257294429708, 0.404, 0.23076923076923078, 0.421]	line-line	question-question	0.057	0.03	0.0027	0.032	-0.0491	0.047	3
EVENT	HOURS:	[0.17374005305039789, 0.374, 0.22546419098143236, 0.389]	[0.17374005305039789, 0.499, 0.27055702917771884, 0.523]	no-link	question-question	0.0517	0.0	-0.0968	-0.125	-0.134	-0.11	3
EVENT	NAME:	[0.17374005305039789, 0.374, 0.22546419098143236, 0.389]	[0.23209549071618038, 0.373, 0.2864721485411141, 0.391]	word-word	question-question	0.1127	-0.001	0.0584	0.002	0.0066	0.017	3
EVENT	GENERAL	[0.17374005305039789, 0.374, 0.22546419098143236, 0.389]	[0.17374005305039789, 0.339, 0.2891246684350133, 0.357]	question-header	question-header	0.1154	-0.035	0.0	-0.032	-0.0517	-0.017	3
EVENT	Upper	[0.17374005305039789, 0.374, 0.22546419098143236, 0.389]	[0.3421750663129973, 0.373, 0.39389920424403185, 0.387]	question-answer	question-answer	0.2202	-0.001	0.1684	-0.002	0.1167	0.013	3
EVENT	MONDAY-	[0.17374005305039789, 0.374, 0.22546419098143236, 0.389]	[0.17639257294429708, 0.535, 0.2572944297082228, 0.555]	no-link	question-question	0.0491	-0.0027	-0.0836	-0.161	-0.166	-0.146	3
EVENT	LOCATION:	[0.17639257294429708, 0.404, 0.23076923076923078, 0.421]	[0.23209549071618038, 0.404, 0.3249336870026525, 0.421]	word-word	question-question	0.1485	0.0	0.0557	0.0	0.0013	0.017	2
EVENT	EVENT	[0.17639257294429708, 0.404, 0.23076923076923078, 0.421]	[0.17374005305039789, 0.432, 0.22811671087533156, 0.449]	line-line	question-question	0.0517	0.028	-0.0027	0.028	-0.057	0.045	4
EVENT	LOCATION:	[0.17639257294429708, 0.404, 0.23076923076923078, 0.421]	[0.23209549071618038, 0.404, 0.3249336870026525, 0.421]	word-word	question-question	0.1485	0.0	0.0557	0.0	0.0013	0.017	4
EVENT	GENERAL	[0.17639257294429708, 0.404, 0.23076923076923078, 0.421]	[0.17374005305039789, 0.339, 0.2891246684350133, 0.357]	question-header	question-header	0.1127	-0.065	-0.0027	-0.064	-0.057	-0.047	4
EVENT	SATURDAY-	[0.17639257294429708, 0.404, 0.23076923076923078, 0.421]	[0.17374005305039789, 0.564, 0.26657824933687, 0.579]	no-link	question-question	0.057	0.0027	-0.0902	-0.16	-0.158	-0.143	4
EVENT	68th	[0.17639257294429708, 0.404, 0.23076923076923078, 0.421]	[0.3421750663129973, 0.405, 0.383289124668435, 0.418]	question-answer	question-answer	0.2069	0.001	0.1658	-0.003	0.1114	0.014	4
-86th	Street	[0.3912466843501326, 0.404, 0.4376657824933687, 0.419]	[0.4442970822281167, 0.405, 0.5053050397877984, 0.418]	word-word	answer-answer	0.1141	0.001	0.0531	-0.001	0.0066	0.014	4
-86th	York,	[0.3912466843501326, 0.404, 0.4376657824933687, 0.419]	[0.5517241379310345, 0.404, 0.5941644562334217, 0.419]	no-link	answer-answer	-0.1141	-0.1605	-0.2029	0.0	0.0	0.015	4
-86th	68th	[0.3912466843501326, 0.404, 0.4376657824933687, 0.419]	[0.3421750663129973, 0.405, 0.383289124668435, 0.418]	no-link	answer-answer	0.0955	0.0491	0.008	-0.001	0.001	0.014	4
-86th	EVENT	[0.3912466843501326, 0.404, 0.4376657824933687, 0.419]	[0.17374005305039789, 0.432, 0.22811671087533156, 0.449]	no-link	answer-question	0.2639	0.2175	0.1631	-0.028	-0.03	-0.013	4
-86th	June	[0.3912466843501326, 0.404, 0.4376657824933687, 0.419]	[0.3448275862068966, 0.434, 0.3859416445623342, 0.447]	no-link	answer-answer	0.0928	0.0464	0.0053	-0.03	-0.028	-0.015	4
-86th	4,	[0.3912466843501326, 0.404, 0.4376657824933687, 0.419]	[0.3912466843501326, 0.434, 0.40981432360742703, 0.447]	no-link	answer-answer	0.0464	0.0	-0.0186	-0.03	-0.028	-0.015	4
-86th	HOURS:	[0.3912466843501326, 0.404, 0.4376657824933687, 0.419]	[0.17374005305039789, 0.499, 0.27055702917771884, 0.523]	no-link	answer-question	0.2639	0.2175	0.1207	-0.095	-0.104	-0.08	4
-86th	MONDAY-	[0.3912466843501326, 0.404, 0.4376657824933687, 0.419]	[0.17639257294429708, 0.535, 0.2572944297082228, 0.555]	no-link	answer-question	0.2613	0.2149	0.134	-0.131	-0.136	-0.116	4
-86th	SATURDAY-	[0.3912466843501326, 0.404, 0.4376657824933687, 0.419]	[0.17374005305039789, 0.564, 0.26657824933687, 0.579]	no-link	answer-question	0.2639	0.2175	0.1247	-0.16	-0.16	-0.145	4
New	York,	[0.5172413793103449, 0.404, 0.5464190981432361, 0.418]	[0.5517241379310345, 0.404, 0.5941644562334217, 0.419]	word-word	answer-answer	0.0769	0.0	0.0345	0.001	0.0053	0.015	4
New	68th	[0.5172413793103449, 0.404, 0.5464190981432361, 0.418]	[0.3421750663129973, 0.405, 0.383289124668435, 0.418]	no-link	answer-answer	0.2042	0.1751	0.134	-0.001	0.0	0.013	4
New	Street	[0.5172413793103449, 0.404, 0.5464190981432361, 0.418]	[0.4442970822281167, 0.405, 0.5053050397877984, 0.418]	no-link	answer-answer	0.1021	0.0729	0.0119	-0.001	0.0	0.013	4
New	EVENT	[0.5172413793103449, 0.404, 0.5464190981432361, 0.418]	[0.17374005305039789, 0.432, 0.22811671087533156, 0.449]	no-link	answer-question	0.3727	0.3435	0.2891	-0.028	-0.031	-0.014	4
New	June	[0.5172413793103449, 0.404, 0.5464190981432361, 0.418]	[0.3448275862068966, 0.434, 0.3859416445623342, 0.447]	no-link	answer-answer	0.2016	0.1724	0.1313	-0.03	-0.029	-0.016	4
New	4,	[0.5172413793103449, 0.404, 0.5464190981432361, 0.418]	[0.3912466843501326, 0.434, 0.40981432360742703, 0.447]	no-link	answer-answer	0.1552	0.126	0.1074	-0.03	-0.029	-0.016	4
New	HOURS:	[0.5172413793103449, 0.404, 0.5464190981432361, 0.418]	[0.17374005305039789, 0.499, 0.27055702917771884, 0.523]	no-link	answer-question	0.3727	0.3435	0.2467	-0.095	-0.105	-0.081	4
New	MONDAY-	[0.5172413793103449, 0.404, 0.5464190981432361, 0.418]	[0.17639257294429708, 0.535, 0.2572944297082228, 0.555]	no-link	answer-question	0.37	0.3408	0.2599	-0.131	-0.137	-0.117	4
New	SATURDAY-	[0.5172413793103449, 0.404, 0.5464190981432361, 0.418]	[0.17374005305039789, 0.564, 0.26657824933687, 0.579]	no-link	answer-question	0.3727	0.3435	0.2507	-0.16	-0.161	-0.146	4
York,	NY	[0.5517241379310345, 0.404, 0.5941644562334217, 0.419]	[0.603448275862069, 0.402, 0.6273209549071618, 0.416]	word-word	answer-answer	0.0756	-0.002	0.0517	-0.003	0.0093	0.012	4
York,	Street	[0.5517241379310345, 0.404, 0.5941644562334217, 0.419]	[0.4442970822281167, 0.405, 0.5053050397877984, 0.418]	no-link	answer-answer	0.1499	0.1074	0.0464	-0.001	0.001	0.014	4
York,	EVENT	[0.5517241379310345, 0.404, 0.5941644562334217, 0.419]	[0.17374005305039789, 0.432, 0.22811671087533156, 0.449]	no-link	answer-question	0.4204	0.378	0.3236	-0.028	-0.03	-0.013	4
York,	June	[0.5517241379310345, 0.404, 0.5941644562334217, 0.419]	[0.3448275862068966, 0.434, 0.3859416445623342, 0.447]	no-link	answer-answer	0.2493	0.2069	0.1658	-0.03	-0.028	-0.015	4
York,	4,	[0.5517241379310345, 0.404, 0.5941644562334217, 0.419]	[0.3912466843501326, 0.434, 0.40981432360742703, 0.447]	no-link	answer-answer	0.2029	0.1605	0.1419	-0.03	-0.028	-0.015	4
York,	HOURS:	[0.5517241379310345, 0.404, 0.5941644562334217, 0.419]	[0.17374005305039789, 0.499, 0.27055702917771884, 0.523]	no-link	answer-question	0.4204	0.378	0.2812	-0.095	-0.104	-0.08	4
York,	MONDAY-	[0.5517241379310345, 0.404, 0.5941644562334217, 0.419]	[0.17639257294429708, 0.535, 0.2572944297082228, 0.555]	no-link	answer-question	0.4178	0.3753	0.2944	-0.131	-0.136	-0.116	4
York,	SATURDAY-	[0.5517241379310345, 0.404, 0.5941644562334217, 0.419]	[0.17374005305039789, 0.564, 0.26657824933687, 0.579]	no-link	answer-question	0.4204	0.378	0.2851	-0.16	-0.16	-0.145	4
68th	-86th	[0.3421750663129973, 0.405, 0.383289124668435, 0.418]	[0.3912466843501326, 0.404, 0.4376657824933687, 0.419]	word-word	answer-answer	0.0955	-0.001	0.0491	0.001	0.008	0.014	4
68th	EVENT	[0.3421750663129973, 0.405, 0.383289124668435, 0.418]	[0.17374005305039789, 0.432, 0.22811671087533156, 0.449]	no-link	answer-question	0.2095	0.1684	0.1141	-0.027	-0.031	-0.014	4
68th	June	[0.3421750663129973, 0.405, 0.383289124668435, 0.418]	[0.3448275862068966, 0.434, 0.3859416445623342, 0.447]	no-link	answer-answer	0.0385	-0.0027	-0.0438	-0.029	-0.029	-0.016	4
68th	4,	[0.3421750663129973, 0.405, 0.383289124668435, 0.418]	[0.3912466843501326, 0.434, 0.40981432360742703, 0.447]	no-link	answer-answer	-0.008	-0.0491	-0.0676	-0.029	-0.029	-0.016	4
68th	HOURS:	[0.3421750663129973, 0.405, 0.383289124668435, 0.418]	[0.17374005305039789, 0.499, 0.27055702917771884, 0.523]	no-link	answer-question	0.2095	0.1684	0.0716	-0.094	-0.105	-0.081	4
68th	MONDAY-	[0.3421750663129973, 0.405, 0.383289124668435, 0.418]	[0.17639257294429708, 0.535, 0.2572944297082228, 0.555]	no-link	answer-question	0.2069	0.1658	0.0849	-0.13	-0.137	-0.117	4
68th	SATURDAY-	[0.3421750663129973, 0.405, 0.383289124668435, 0.418]	[0.17374005305039789, 0.564, 0.26657824933687, 0.579]	no-link	answer-question	0.2095	0.1684	0.0756	-0.159	-0.161	-0.146	4
68th	11	[0.3421750663129973, 0.405, 0.383289124668435, 0.418]	[0.36074270557029176, 0.566, 0.3779840848806366, 0.58]	no-link	answer-answer	0.0225	-0.0186	-0.0358	-0.161	-0.162	-0.148	4
Street	New	[0.4442970822281167, 0.405, 0.5053050397877984, 0.418]	[0.5172413793103449, 0.404, 0.5464190981432361, 0.418]	word-word	answer-answer	0.1021	-0.001	0.0729	0.0	0.0119	0.013	4
Street	EVENT	[0.4442970822281167, 0.405, 0.5053050397877984, 0.418]	[0.17374005305039789, 0.432, 0.22811671087533156, 0.449]	no-link	answer-header	0.3316	0.2706	0.2162	-0.027	-0.031	-0.014	4
Street	June	[0.4442970822281167, 0.405, 0.5053050397877984, 0.418]	[0.3448275862068966, 0.434, 0.3859416445623342, 0.447]	no-link	answer-answer	0.1605	0.0995	0.0584	-0.029	-0.029	-0.016	4
Street	4,	[0.4442970822281167, 0.405, 0.5053050397877984, 0.418]	[0.3912466843501326, 0.434, 0.40981432360742703, 0.447]	no-link	answer-answer	0.1141	0.0531	0.0345	-0.029	-0.029	-0.016	4
Street	HOURS:	[0.4442970822281167, 0.405, 0.5053050397877984, 0.418]	[0.17374005305039789, 0.499, 0.27055702917771884, 0.523]	no-link	answer-question	0.3316	0.2706	0.1737	-0.094	-0.105	-0.081	4
Street	MONDAY-	[0.4442970822281167, 0.405, 0.5053050397877984, 0.418]	[0.17639257294429708, 0.535, 0.2572944297082228, 0.555]	no-link	answer-question	0.3289	0.2679	0.187	-0.13	-0.137	-0.117	4
Street	SATURDAY-	[0.4442970822281167, 0.405, 0.5053050397877984, 0.418]	[0.17374005305039789, 0.564, 0.26657824933687, 0.579]	no-link	answer-question	0.3316	0.2706	0.1777	-0.159	-0.161	-0.146	4
Street	11	[0.4442970822281167, 0.405, 0.5053050397877984, 0.418]	[0.36074270557029176, 0.566, 0.3779840848806366, 0.58]	no-link	answer-answer	0.1446	0.0836	0.0663	-0.161	-0.162	-0.148	4
Street	6	[0.4442970822281167, 0.405, 0.5053050397877984, 0.418]	[0.42572944297082227, 0.567, 0.4350132625994695, 0.581]	no-link	answer-answer	0.0796	0.0186	0.0093	-0.162	-0.163	-0.149	4
EVENT	DATES:	[0.17374005305039789, 0.432, 0.22811671087533156, 0.449]	[0.23209549071618038, 0.433, 0.28779840848806365, 0.448]	word-word	question-question	0.1141	0.001	0.0584	-0.001	0.004	0.016	2
EVENT	11	[0.17374005305039789, 0.432, 0.22811671087533156, 0.449]	[0.36074270557029176, 0.566, 0.3779840848806366, 0.58]	no-link	question-answer	-0.1326	-0.187	-0.2042	-0.134	-0.131	-0.117	2
EVENT	6	[0.17374005305039789, 0.432, 0.22811671087533156, 0.449]	[0.42572944297082227, 0.567, 0.4350132625994695, 0.581]	no-link	question-answer	-0.1976	-0.252	-0.2613	-0.135	-0.132	-0.118	2
EVENT	am	[0.17374005305039789, 0.432, 0.22811671087533156, 0.449]	[0.3859416445623342, 0.57, 0.39920424403183025, 0.578]	no-link	question-answer	-0.1578	-0.2122	-0.2255	-0.138	-0.129	-0.121	2
EVENT	HOURS:	[0.17374005305039789, 0.432, 0.22811671087533156, 0.449]	[0.17374005305039789, 0.499, 0.27055702917771884, 0.523]	line-line	question-header	0.0968	0.067	0.0	0.074	-0.0544	0.091	5
EVENT	-	[0.17374005305039789, 0.432, 0.22811671087533156, 0.449]	[0.40716180371352784, 0.571, 0.4204244031830239, 0.579]	no-link	question-answer	-0.179	-0.2334	-0.2467	-0.139	-0.13	-0.122	5
EVENT	DATES:	[0.17374005305039789, 0.432, 0.22811671087533156, 0.449]	[0.23209549071618038, 0.433, 0.28779840848806365, 0.448]	word-word	question-question	0.1141	0.001	0.0584	-0.001	0.004	0.016	5
EVENT	SPECIFICS:	[0.17374005305039789, 0.432, 0.22811671087533156, 0.449]	[0.17639257294429708, 0.634, 0.2984084880636605, 0.655]	no-link	question-question	0.0517	-0.0027	-0.1247	-0.202	-0.206	-0.185	5
EVENT	GENERAL	[0.17374005305039789, 0.432, 0.22811671087533156, 0.449]	[0.17374005305039789, 0.339, 0.2891246684350133, 0.357]	question-header	question-header	0.1154	-0.093	0.0	-0.092	-0.0544	-0.075	5
EVENT	June	[0.17374005305039789, 0.432, 0.22811671087533156, 0.449]	[0.3448275862068966, 0.434, 0.3859416445623342, 0.447]	question-answer	question-answer	0.2122	0.002	0.1711	-0.002	0.1167	0.015	5
June	4,	[0.3448275862068966, 0.434, 0.3859416445623342, 0.447]	[0.3912466843501326, 0.434, 0.40981432360742703, 0.447]	word-word	answer-answer	0.065	0.0	0.0464	0.0	0.0053	0.013	5
June	HOURS:	[0.3448275862068966, 0.434, 0.3859416445623342, 0.447]	[0.17374005305039789, 0.499, 0.27055702917771884, 0.523]	no-link	answer-question	0.2122	0.1711	0.0743	-0.065	-0.076	-0.052	5
June	MONDAY-	[0.3448275862068966, 0.434, 0.3859416445623342, 0.447]	[0.17639257294429708, 0.535, 0.2572944297082228, 0.555]	no-link	answer-question	0.2095	0.1684	0.0875	-0.101	-0.108	-0.088	5
June	SATURDAY-	[0.3448275862068966, 0.434, 0.3859416445623342, 0.447]	[0.17374005305039789, 0.564, 0.26657824933687, 0.579]	no-link	answer-question	0.2122	0.1711	0.0782	-0.13	-0.132	-0.117	5
June	11	[0.3448275862068966, 0.434, 0.3859416445623342, 0.447]	[0.36074270557029176, 0.566, 0.3779840848806366, 0.58]	no-link	answer-answer	0.0252	-0.0159	-0.0332	-0.132	-0.133	-0.119	5
June	6	[0.3448275862068966, 0.434, 0.3859416445623342, 0.447]	[0.42572944297082227, 0.567, 0.4350132625994695, 0.581]	no-link	answer-answer	-0.0398	-0.0809	-0.0902	-0.133	-0.134	-0.12	5
June	am	[0.3448275862068966, 0.434, 0.3859416445623342, 0.447]	[0.3859416445623342, 0.57, 0.39920424403183025, 0.578]	no-link	answer-answer	0.0	-0.0411	-0.0544	-0.136	-0.131	-0.123	5
June	-	[0.3448275862068966, 0.434, 0.3859416445623342, 0.447]	[0.40716180371352784, 0.571, 0.4204244031830239, 0.579]	no-link	answer-answer	-0.0212	-0.0623	-0.0756	-0.137	-0.132	-0.124	5
June	SPECIFICS:	[0.3448275862068966, 0.434, 0.3859416445623342, 0.447]	[0.17639257294429708, 0.634, 0.2984084880636605, 0.655]	no-link	answer-question	0.2095	0.1684	0.0464	-0.2	-0.208	-0.187	5
4,	1995	[0.3912466843501326, 0.434, 0.40981432360742703, 0.447]	[0.41644562334217505, 0.432, 0.45490716180371354, 0.449]	word-word	answer-answer	0.0637	-0.002	0.0252	0.002	0.0066	0.015	5
4,	HOURS:	[0.3912466843501326, 0.434, 0.40981432360742703, 0.447]	[0.17374005305039789, 0.499, 0.27055702917771884, 0.523]	no-link	answer-question	0.2361	0.2175	0.1207	-0.065	-0.076	-0.052	5
4,	MONDAY-	[0.3912466843501326, 0.434, 0.40981432360742703, 0.447]	[0.17639257294429708, 0.535, 0.2572944297082228, 0.555]	no-link	answer-question	0.2334	0.2149	0.134	-0.101	-0.108	-0.088	5
4,	SATURDAY-	[0.3912466843501326, 0.434, 0.40981432360742703, 0.447]	[0.17374005305039789, 0.564, 0.26657824933687, 0.579]	no-link	answer-question	0.2361	0.2175	0.1247	-0.13	-0.132	-0.117	5
4,	11	[0.3912466843501326, 0.434, 0.40981432360742703, 0.447]	[0.36074270557029176, 0.566, 0.3779840848806366, 0.58]	no-link	answer-answer	0.0491	0.0305	0.0133	-0.132	-0.133	-0.119	5
4,	6	[0.3912466843501326, 0.434, 0.40981432360742703, 0.447]	[0.42572944297082227, 0.567, 0.4350132625994695, 0.581]	no-link	answer-answer	-0.0159	-0.0345	-0.0438	-0.133	-0.134	-0.12	5
4,	am	[0.3912466843501326, 0.434, 0.40981432360742703, 0.447]	[0.3859416445623342, 0.57, 0.39920424403183025, 0.578]	no-link	answer-answer	0.0239	0.0053	-0.008	-0.136	-0.131	-0.123	5
4,	-	[0.3912466843501326, 0.434, 0.40981432360742703, 0.447]	[0.40716180371352784, 0.571, 0.4204244031830239, 0.579]	no-link	answer-answer	0.0027	-0.0159	-0.0292	-0.137	-0.132	-0.124	5
4,	SPECIFICS:	[0.3912466843501326, 0.434, 0.40981432360742703, 0.447]	[0.17639257294429708, 0.634, 0.2984084880636605, 0.655]	no-link	answer-question	0.2334	0.2149	0.0928	-0.2	-0.208	-0.187	5
HOURS:	MONDAY-	[0.17374005305039789, 0.499, 0.27055702917771884, 0.523]	[0.17639257294429708, 0.535, 0.2572944297082228, 0.555]	line-line	header-question	0.0836	0.036	0.0027	0.032	-0.0942	0.056	6
HOURS:	SATURDAY-	[0.17374005305039789, 0.499, 0.27055702917771884, 0.523]	[0.17374005305039789, 0.564, 0.26657824933687, 0.579]	no-link	header-question	0.0968	0.0	-0.0928	-0.065	-0.056	-0.041	6
HOURS:	11	[0.17374005305039789, 0.499, 0.27055702917771884, 0.523]	[0.36074270557029176, 0.566, 0.3779840848806366, 0.58]	no-link	header-answer	-0.0902	-0.187	-0.2042	-0.067	-0.057	-0.043	6
HOURS:	6	[0.17374005305039789, 0.499, 0.27055702917771884, 0.523]	[0.42572944297082227, 0.567, 0.4350132625994695, 0.581]	no-link	header-answer	-0.1552	-0.252	-0.2613	-0.068	-0.058	-0.044	6
HOURS:	am	[0.17374005305039789, 0.499, 0.27055702917771884, 0.523]	[0.3859416445623342, 0.57, 0.39920424403183025, 0.578]	no-link	header-answer	-0.1154	-0.2122	-0.2255	-0.071	-0.055	-0.047	6
HOURS:	-	[0.17374005305039789, 0.499, 0.27055702917771884, 0.523]	[0.40716180371352784, 0.571, 0.4204244031830239, 0.579]	no-link	header-answer	-0.1366	-0.2334	-0.2467	-0.072	-0.056	-0.048	6
HOURS:	SPECIFICS:	[0.17374005305039789, 0.499, 0.27055702917771884, 0.523]	[0.17639257294429708, 0.634, 0.2984084880636605, 0.655]	no-link	header-question	0.0942	-0.0027	-0.1247	-0.135	-0.132	-0.111	6
HOURS:	MONDAY-	[0.17374005305039789, 0.499, 0.27055702917771884, 0.523]	[0.17639257294429708, 0.535, 0.2572944297082228, 0.555]	header-question	header-question	0.0836	0.036	0.0027	0.032	-0.0942	0.056	6
HOURS:	SATURDAY-	[0.17374005305039789, 0.499, 0.27055702917771884, 0.523]	[0.17374005305039789, 0.564, 0.26657824933687, 0.579]	header-question	header-question	0.0928	0.065	0.0	0.056	-0.0968	0.08	6
HOURS:	applicable	[0.17374005305039789, 0.499, 0.27055702917771884, 0.523]	[0.21618037135278514, 0.656, 0.28514588859416445, 0.673]	no-link	header-question	0.0544	-0.0424	-0.1114	-0.157	-0.15	-0.133	6
MONDAY-	FRIDAY	[0.17639257294429708, 0.535, 0.2572944297082228, 0.555]	[0.259946949602122, 0.535, 0.3209549071618037, 0.552]	word-word	question-question	0.1446	0.0	0.0836	-0.003	0.0027	0.017	6
MONDAY-	SATURDAY-	[0.17639257294429708, 0.535, 0.2572944297082228, 0.555]	[0.17374005305039789, 0.564, 0.26657824933687, 0.579]	no-link	question-question	0.0836	0.0027	-0.0902	-0.029	-0.024	-0.009	6
MONDAY-	11	[0.17639257294429708, 0.535, 0.2572944297082228, 0.555]	[0.36074270557029176, 0.566, 0.3779840848806366, 0.58]	no-link	question-answer	-0.1034	-0.1844	-0.2016	-0.031	-0.025	-0.011	6
MONDAY-	6	[0.17639257294429708, 0.535, 0.2572944297082228, 0.555]	[0.42572944297082227, 0.567, 0.4350132625994695, 0.581]	no-link	question-answer	-0.1684	-0.2493	-0.2586	-0.032	-0.026	-0.012	6
MONDAY-	am	[0.17639257294429708, 0.535, 0.2572944297082228, 0.555]	[0.3859416445623342, 0.57, 0.39920424403183025, 0.578]	no-link	question-answer	-0.1286	-0.2095	-0.2228	-0.035	-0.023	-0.015	6
MONDAY-	-	[0.17639257294429708, 0.535, 0.2572944297082228, 0.555]	[0.40716180371352784, 0.571, 0.4204244031830239, 0.579]	no-link	question-answer	-0.1499	-0.2308	-0.244	-0.036	-0.024	-0.016	6
MONDAY-	SPECIFICS:	[0.17639257294429708, 0.535, 0.2572944297082228, 0.555]	[0.17639257294429708, 0.634, 0.2984084880636605, 0.655]	no-link	question-question	0.0809	0.0	-0.122	-0.099	-0.1	-0.079	6
MONDAY-	applicable	[0.17639257294429708, 0.535, 0.2572944297082228, 0.555]	[0.21618037135278514, 0.656, 0.28514588859416445, 0.673]	no-link	question-question	0.0411	-0.0398	-0.1088	-0.121	-0.118	-0.101	6
MONDAY-	check	[0.17639257294429708, 0.535, 0.2572944297082228, 0.555]	[0.17639257294429708, 0.658, 0.21485411140583555, 0.672]	no-link	question-question	0.0809	0.0	-0.0385	-0.123	-0.117	-0.103	6
MONDAY-	SATURDAY-	[0.17639257294429708, 0.535, 0.2572944297082228, 0.555]	[0.17374005305039789, 0.564, 0.26657824933687, 0.579]	line-line	question-question	0.0902	0.029	-0.0027	0.024	-0.0836	0.044	7
MONDAY-	FRIDAY	[0.17639257294429708, 0.535, 0.2572944297082228, 0.555]	[0.259946949602122, 0.535, 0.3209549071618037, 0.552]	word-word	question-question	0.1446	0.0	0.0836	-0.003	0.0027	0.017	7
MONDAY-	#	[0.17639257294429708, 0.535, 0.2572944297082228, 0.555]	[0.2984084880636605, 0.684, 0.3076923076923077, 0.699]	no-link	question-question	-0.0411	-0.122	-0.1313	-0.149	-0.144	-0.129	7
MONDAY-	HOURS:	[0.17639257294429708, 0.535, 0.2572944297082228, 0.555]	[0.17374005305039789, 0.499, 0.27055702917771884, 0.523]	question-header	question-header	0.0942	-0.036	-0.0027	-0.032	-0.0836	-0.012	7
MONDAY-	OF	[0.17639257294429708, 0.535, 0.2572944297082228, 0.555]	[0.31432360742705573, 0.684, 0.33421750663129973, 0.701]	no-link	question-question	-0.057	-0.1379	-0.1578	-0.149	-0.146	-0.129	7
SATURDAY-	SUNDAY	[0.17374005305039789, 0.564, 0.26657824933687, 0.579]	[0.26525198938992045, 0.564, 0.33156498673740054, 0.581]	word-word	question-question	0.1578	0.0	0.0915	0.002	-0.0013	0.017	6
SATURDAY-	11	[0.17374005305039789, 0.564, 0.26657824933687, 0.579]	[0.36074270557029176, 0.566, 0.3779840848806366, 0.58]	no-link	question-answer	-0.0942	-0.187	-0.2042	-0.002	-0.001	0.013	6
SATURDAY-	6	[0.17374005305039789, 0.564, 0.26657824933687, 0.579]	[0.42572944297082227, 0.567, 0.4350132625994695, 0.581]	no-link	question-answer	-0.1592	-0.252	-0.2613	-0.003	-0.002	0.012	6
SATURDAY-	am	[0.17374005305039789, 0.564, 0.26657824933687, 0.579]	[0.3859416445623342, 0.57, 0.39920424403183025, 0.578]	no-link	question-answer	-0.1194	-0.2122	-0.2255	-0.006	0.001	0.009	6
SATURDAY-	-	[0.17374005305039789, 0.564, 0.26657824933687, 0.579]	[0.40716180371352784, 0.571, 0.4204244031830239, 0.579]	no-link	question-answer	-0.1406	-0.2334	-0.2467	-0.007	0.0	0.008	6
SATURDAY-	SPECIFICS:	[0.17374005305039789, 0.564, 0.26657824933687, 0.579]	[0.17639257294429708, 0.634, 0.2984084880636605, 0.655]	no-link	question-question	0.0902	-0.0027	-0.1247	-0.07	-0.076	-0.055	6
SATURDAY-	applicable	[0.17374005305039789, 0.564, 0.26657824933687, 0.579]	[0.21618037135278514, 0.656, 0.28514588859416445, 0.673]	no-link	question-question	0.0504	-0.0424	-0.1114	-0.092	-0.094	-0.077	6
SATURDAY-	check	[0.17374005305039789, 0.564, 0.26657824933687, 0.579]	[0.17639257294429708, 0.658, 0.21485411140583555, 0.672]	no-link	question-question	0.0902	-0.0027	-0.0411	-0.094	-0.093	-0.079	6
SATURDAY-	#	[0.17374005305039789, 0.564, 0.26657824933687, 0.579]	[0.2984084880636605, 0.684, 0.3076923076923077, 0.699]	no-link	question-question	-0.0318	-0.1247	-0.134	-0.12	-0.12	-0.105	6
SATURDAY-	OF	[0.17374005305039789, 0.564, 0.26657824933687, 0.579]	[0.31432360742705573, 0.684, 0.33421750663129973, 0.701]	no-link	question-question	-0.0477	-0.1406	-0.1605	-0.12	-0.122	-0.105	6
SATURDAY-	SPECIFICS:	[0.17374005305039789, 0.564, 0.26657824933687, 0.579]	[0.17639257294429708, 0.634, 0.2984084880636605, 0.655]	line-line	question-header	0.1247	0.07	0.0027	0.076	-0.0902	0.091	8
SATURDAY-	SUNDAY	[0.17374005305039789, 0.564, 0.26657824933687, 0.579]	[0.26525198938992045, 0.564, 0.33156498673740054, 0.581]	word-word	question-question	0.1578	0.0	0.0915	0.002	-0.0013	0.017	8
SATURDAY-	HOURS:	[0.17374005305039789, 0.564, 0.26657824933687, 0.579]	[0.17374005305039789, 0.499, 0.27055702917771884, 0.523]	question-header	question-header	0.0968	-0.065	0.0	-0.056	-0.0928	-0.041	8
SATURDAY-	11	[0.17374005305039789, 0.564, 0.26657824933687, 0.579]	[0.36074270557029176, 0.566, 0.3779840848806366, 0.58]	question-answer	question-answer	0.2042	0.002	0.187	0.001	0.0942	0.016	8
11	am	[0.36074270557029176, 0.566, 0.3779840848806366, 0.58]	[0.3859416445623342, 0.57, 0.39920424403183025, 0.578]	word-word	answer-answer	0.0385	0.004	0.0252	-0.002	0.008	0.012	8
11	-	[0.36074270557029176, 0.566, 0.3779840848806366, 0.58]	[0.40716180371352784, 0.571, 0.4204244031830239, 0.579]	no-link	answer-answer	-0.0292	-0.0464	-0.0597	-0.005	0.001	0.009	8
11	SPECIFICS:	[0.36074270557029176, 0.566, 0.3779840848806366, 0.58]	[0.17639257294429708, 0.634, 0.2984084880636605, 0.655]	no-link	answer-question	0.2016	0.1844	0.0623	-0.068	-0.075	-0.054	8
11	applicable	[0.36074270557029176, 0.566, 0.3779840848806366, 0.58]	[0.21618037135278514, 0.656, 0.28514588859416445, 0.673]	no-link	answer-question	0.1618	0.1446	0.0756	-0.09	-0.093	-0.076	8
11	check	[0.36074270557029176, 0.566, 0.3779840848806366, 0.58]	[0.17639257294429708, 0.658, 0.21485411140583555, 0.672]	no-link	answer-question	0.2016	0.1844	0.1459	-0.092	-0.092	-0.078	8
11	#	[0.36074270557029176, 0.566, 0.3779840848806366, 0.58]	[0.2984084880636605, 0.684, 0.3076923076923077, 0.699]	no-link	answer-question	0.0796	0.0623	0.0531	-0.118	-0.119	-0.104	8
11	OF	[0.36074270557029176, 0.566, 0.3779840848806366, 0.58]	[0.31432360742705573, 0.684, 0.33421750663129973, 0.701]	no-link	answer-question	0.0637	0.0464	0.0265	-0.118	-0.121	-0.104	8
6	pm	[0.42572944297082227, 0.567, 0.4350132625994695, 0.581]	[0.4376657824933687, 0.571, 0.4562334217506631, 0.581]	word-word	answer-answer	0.0305	0.004	0.0119	0.0	0.0027	0.014	8
6	-	[0.42572944297082227, 0.567, 0.4350132625994695, 0.581]	[0.40716180371352784, 0.571, 0.4204244031830239, 0.579]	no-link	answer-answer	0.0279	0.0186	0.0053	-0.004	0.002	0.01	8
6	SPECIFICS:	[0.42572944297082227, 0.567, 0.4350132625994695, 0.581]	[0.17639257294429708, 0.634, 0.2984084880636605, 0.655]	no-link	answer-question	0.2586	0.2493	0.1273	-0.067	-0.074	-0.053	8
6	applicable	[0.42572944297082227, 0.567, 0.4350132625994695, 0.581]	[0.21618037135278514, 0.656, 0.28514588859416445, 0.673]	no-link	answer-question	0.2188	0.2095	0.1406	-0.089	-0.092	-0.075	8
6	check	[0.42572944297082227, 0.567, 0.4350132625994695, 0.581]	[0.17639257294429708, 0.658, 0.21485411140583555, 0.672]	no-link	answer-question	0.2586	0.2493	0.2109	-0.091	-0.091	-0.077	8
6	#	[0.42572944297082227, 0.567, 0.4350132625994695, 0.581]	[0.2984084880636605, 0.684, 0.3076923076923077, 0.699]	no-link	answer-question	0.1366	0.1273	0.118	-0.117	-0.118	-0.103	8
6	OF	[0.42572944297082227, 0.567, 0.4350132625994695, 0.581]	[0.31432360742705573, 0.684, 0.33421750663129973, 0.701]	no-link	answer-question	0.1207	0.1114	0.0915	-0.117	-0.12	-0.103	8
6	(S)	[0.42572944297082227, 0.567, 0.4350132625994695, 0.581]	[0.40716180371352784, 0.684, 0.4217506631299735, 0.702]	no-link	answer-question	0.0279	0.0186	0.004	-0.117	-0.121	-0.103	8
am	-	[0.3859416445623342, 0.57, 0.39920424403183025, 0.578]	[0.40716180371352784, 0.571, 0.4204244031830239, 0.579]	word-word	answer-answer	0.0345	0.001	0.0212	0.001	0.008	0.009	8
am	SPECIFICS:	[0.3859416445623342, 0.57, 0.39920424403183025, 0.578]	[0.17639257294429708, 0.634, 0.2984084880636605, 0.655]	no-link	answer-question	0.2228	0.2095	0.0875	-0.064	-0.077	-0.056	8
am	applicable	[0.3859416445623342, 0.57, 0.39920424403183025, 0.578]	[0.21618037135278514, 0.656, 0.28514588859416445, 0.673]	no-link	answer-question	0.183	0.1698	0.1008	-0.086	-0.095	-0.078	8
am	check	[0.3859416445623342, 0.57, 0.39920424403183025, 0.578]	[0.17639257294429708, 0.658, 0.21485411140583555, 0.672]	no-link	answer-question	0.2228	0.2095	0.1711	-0.088	-0.094	-0.08	8
am	#	[0.3859416445623342, 0.57, 0.39920424403183025, 0.578]	[0.2984084880636605, 0.684, 0.3076923076923077, 0.699]	no-link	answer-question	0.1008	0.0875	0.0782	-0.114	-0.121	-0.106	8
am	OF	[0.3859416445623342, 0.57, 0.39920424403183025, 0.578]	[0.31432360742705573, 0.684, 0.33421750663129973, 0.701]	no-link	answer-question	0.0849	0.0716	0.0517	-0.114	-0.123	-0.106	8
am	(S)	[0.3859416445623342, 0.57, 0.39920424403183025, 0.578]	[0.40716180371352784, 0.684, 0.4217506631299735, 0.702]	no-link	answer-question	-0.008	-0.0212	-0.0358	-0.114	-0.124	-0.106	8
am	☐	[0.3859416445623342, 0.57, 0.39920424403183025, 0.578]	[0.5981432360742706, 0.686, 0.6153846153846154, 0.699]	no-link	answer-question	-0.1989	-0.2122	-0.2294	-0.116	-0.121	-0.108	8
-	6	[0.40716180371352784, 0.571, 0.4204244031830239, 0.579]	[0.42572944297082227, 0.567, 0.4350132625994695, 0.581]	word-word	answer-answer	0.0279	-0.004	0.0186	0.002	0.0053	0.01	8
-	SPECIFICS:	[0.40716180371352784, 0.571, 0.4204244031830239, 0.579]	[0.17639257294429708, 0.634, 0.2984084880636605, 0.655]	no-link	answer-question	0.244	0.2308	0.1088	-0.063	-0.076	-0.055	8
-	applicable	[0.40716180371352784, 0.571, 0.4204244031830239, 0.579]	[0.21618037135278514, 0.656, 0.28514588859416445, 0.673]	no-link	answer-question	0.2042	0.191	0.122	-0.085	-0.094	-0.077	8
-	check	[0.40716180371352784, 0.571, 0.4204244031830239, 0.579]	[0.17639257294429708, 0.658, 0.21485411140583555, 0.672]	no-link	answer-question	0.244	0.2308	0.1923	-0.087	-0.093	-0.079	8
-	#	[0.40716180371352784, 0.571, 0.4204244031830239, 0.579]	[0.2984084880636605, 0.684, 0.3076923076923077, 0.699]	no-link	answer-question	0.122	0.1088	0.0995	-0.113	-0.12	-0.105	8
-	OF	[0.40716180371352784, 0.571, 0.4204244031830239, 0.579]	[0.31432360742705573, 0.684, 0.33421750663129973, 0.701]	no-link	answer-question	0.1061	0.0928	0.0729	-0.113	-0.122	-0.105	8
-	(S)	[0.40716180371352784, 0.571, 0.4204244031830239, 0.579]	[0.40716180371352784, 0.684, 0.4217506631299735, 0.702]	no-link	answer-question	0.0133	0.0	-0.0146	-0.113	-0.123	-0.105	8
-	☐	[0.40716180371352784, 0.571, 0.4204244031830239, 0.579]	[0.5981432360742706, 0.686, 0.6153846153846154, 0.699]	no-link	answer-question	-0.1777	-0.191	-0.2082	-0.115	-0.12	-0.107	8
SPECIFICS:	check	[0.17639257294429708, 0.634, 0.2984084880636605, 0.655]	[0.17639257294429708, 0.658, 0.21485411140583555, 0.672]	line-line	header-question	0.0385	0.024	0.0	0.017	-0.122	0.038	9
SPECIFICS:	applicable	[0.17639257294429708, 0.634, 0.2984084880636605, 0.655]	[0.21618037135278514, 0.656, 0.28514588859416445, 0.673]	no-link	header-question	0.0822	-0.0398	-0.1088	-0.022	-0.018	-0.001	9
SPECIFICS:	#	[0.17639257294429708, 0.634, 0.2984084880636605, 0.655]	[0.2984084880636605, 0.684, 0.3076923076923077, 0.699]	no-link	header-question	0.0	-0.122	-0.1313	-0.05	-0.044	-0.029	9
SPECIFICS:	OF	[0.17639257294429708, 0.634, 0.2984084880636605, 0.655]	[0.31432360742705573, 0.684, 0.33421750663129973, 0.701]	no-link	header-question	-0.0159	-0.1379	-0.1578	-0.05	-0.046	-0.029	9
SPECIFICS:	(S)	[0.17639257294429708, 0.634, 0.2984084880636605, 0.655]	[0.40716180371352784, 0.684, 0.4217506631299735, 0.702]	no-link	header-question	-0.1088	-0.2308	-0.2454	-0.05	-0.047	-0.029	9
SPECIFICS:	☐	[0.17639257294429708, 0.634, 0.2984084880636605, 0.655]	[0.5981432360742706, 0.686, 0.6153846153846154, 0.699]	no-link	header-question	-0.2997	-0.4218	-0.439	-0.052	-0.044	-0.031	9
SPECIFICS:	#	[0.17639257294429708, 0.634, 0.2984084880636605, 0.655]	[0.2984084880636605, 0.684, 0.3076923076923077, 0.699]	header-question	header-question	0.1313	0.05	0.122	0.044	0.0	0.065	9
SPECIFICS:	☐	[0.17639257294429708, 0.634, 0.2984084880636605, 0.655]	[0.27586206896551724, 0.715, 0.29310344827586204, 0.729]	header-question	header-question	0.1167	0.081	0.0995	0.074	-0.0225	0.095	9
SPECIFICS:	PREMIUMS	[0.17639257294429708, 0.634, 0.2984084880636605, 0.655]	[0.29973474801061006, 0.744, 0.3806366047745358, 0.761]	header-question	header-question	0.2042	0.11	0.1233	0.106	0.0013	0.127	9
SPECIFICS:	MUSIC	[0.17639257294429708, 0.634, 0.2984084880636605, 0.655]	[0.6206896551724138, 0.715, 0.6724137931034483, 0.729]	no-link	header-question	-0.3223	-0.4443	-0.496	-0.081	-0.074	-0.06	9
SPECIFICS:	☐	[0.17639257294429708, 0.634, 0.2984084880636605, 0.655]	[0.5981432360742706, 0.686, 0.6153846153846154, 0.699]	header-question	header-question	0.439	0.052	0.4218	0.044	0.2997	0.065	9
SPECIFICS:	☐	[0.17639257294429708, 0.634, 0.2984084880636605, 0.655]	[0.6007957559681698, 0.715, 0.6153846153846154, 0.729]	header-question	header-question	0.439	0.081	0.4244	0.074	0.3024	0.095	9
SPECIFICS:	☐	[0.17639257294429708, 0.634, 0.2984084880636605, 0.655]	[0.6007957559681698, 0.746, 0.6153846153846154, 0.757]	header-question	header-question	0.439	0.112	0.4244	0.102	0.3024	0.123	9
applicable	box(es)	[0.21618037135278514, 0.656, 0.28514588859416445, 0.673]	[0.2864721485411141, 0.656, 0.33421750663129973, 0.671]	word-word	question-question	0.118	0.0	0.0703	-0.002	0.0013	0.015	10
applicable	check	[0.21618037135278514, 0.656, 0.28514588859416445, 0.673]	[0.17639257294429708, 0.658, 0.21485411140583555, 0.672]	no-link	question-question	0.1088	0.0398	0.0013	-0.002	0.001	0.015	10
applicable	#	[0.21618037135278514, 0.656, 0.28514588859416445, 0.673]	[0.2984084880636605, 0.684, 0.3076923076923077, 0.699]	no-link	question-question	-0.0133	-0.0822	-0.0915	-0.028	-0.026	-0.011	10
applicable	OF	[0.21618037135278514, 0.656, 0.28514588859416445, 0.673]	[0.31432360742705573, 0.684, 0.33421750663129973, 0.701]	no-link	question-question	-0.0292	-0.0981	-0.118	-0.028	-0.028	-0.011	10
applicable	(S)	[0.21618037135278514, 0.656, 0.28514588859416445, 0.673]	[0.40716180371352784, 0.684, 0.4217506631299735, 0.702]	no-link	question-question	-0.122	-0.191	-0.2056	-0.028	-0.029	-0.011	10
applicable	☐	[0.21618037135278514, 0.656, 0.28514588859416445, 0.673]	[0.5981432360742706, 0.686, 0.6153846153846154, 0.699]	no-link	question-question	-0.313	-0.382	-0.3992	-0.03	-0.026	-0.013	10
applicable	MUSIC	[0.21618037135278514, 0.656, 0.28514588859416445, 0.673]	[0.6206896551724138, 0.715, 0.6724137931034483, 0.729]	no-link	question-question	-0.3355	-0.4045	-0.4562	-0.059	-0.056	-0.042	10
check	#	[0.17639257294429708, 0.658, 0.21485411140583555, 0.672]	[0.2984084880636605, 0.684, 0.3076923076923077, 0.699]	line-line	question-question	0.1313	0.026	0.122	0.027	0.0836	0.041	10
check	OF	[0.17639257294429708, 0.658, 0.21485411140583555, 0.672]	[0.31432360742705573, 0.684, 0.33421750663129973, 0.701]	no-link	question-question	-0.0995	-0.1379	-0.1578	-0.026	-0.029	-0.012	10
check	(S)	[0.17639257294429708, 0.658, 0.21485411140583555, 0.672]	[0.40716180371352784, 0.684, 0.4217506631299735, 0.702]	no-link	question-question	-0.1923	-0.2308	-0.2454	-0.026	-0.03	-0.012	10
check	☐	[0.17639257294429708, 0.658, 0.21485411140583555, 0.672]	[0.5981432360742706, 0.686, 0.6153846153846154, 0.699]	no-link	question-question	-0.3833	-0.4218	-0.439	-0.028	-0.027	-0.014	10
check	MUSIC	[0.17639257294429708, 0.658, 0.21485411140583555, 0.672]	[0.6206896551724138, 0.715, 0.6724137931034483, 0.729]	no-link	question-question	-0.4058	-0.4443	-0.496	-0.057	-0.057	-0.043	10
check	applicable	[0.17639257294429708, 0.658, 0.21485411140583555, 0.672]	[0.21618037135278514, 0.656, 0.28514588859416445, 0.673]	word-word	question-question	0.1088	-0.002	0.0398	0.001	0.0013	0.015	10
#	OF	[0.2984084880636605, 0.684, 0.3076923076923077, 0.699]	[0.31432360742705573, 0.684, 0.33421750663129973, 0.701]	word-word	question-question	0.0358	0.0	0.0159	0.002	0.0066	0.017	9
#	(S)	[0.2984084880636605, 0.684, 0.3076923076923077, 0.699]	[0.40716180371352784, 0.684, 0.4217506631299735, 0.702]	no-link	question-question	-0.0995	-0.1088	-0.1233	0.0	-0.003	0.015	9
#	☐	[0.2984084880636605, 0.684, 0.3076923076923077, 0.699]	[0.5981432360742706, 0.686, 0.6153846153846154, 0.699]	no-link	question-question	-0.2905	-0.2997	-0.317	-0.002	0.0	0.013	9
#	MUSIC	[0.2984084880636605, 0.684, 0.3076923076923077, 0.699]	[0.6206896551724138, 0.715, 0.6724137931034483, 0.729]	no-link	question-question	-0.313	-0.3223	-0.374	-0.031	-0.03	-0.016	9
OF	BOOTH	[0.31432360742705573, 0.684, 0.33421750663129973, 0.701]	[0.3421750663129973, 0.684, 0.40450928381962864, 0.702]	word-word	question-question	0.0902	0.0	0.0279	0.001	0.008	0.018	9
OF	#	[0.31432360742705573, 0.684, 0.33421750663129973, 0.701]	[0.2984084880636605, 0.684, 0.3076923076923077, 0.699]	no-link	question-question	0.0358	0.0159	0.0066	0.0	0.002	0.017	9
OF	(S)	[0.31432360742705573, 0.684, 0.33421750663129973, 0.701]	[0.40716180371352784, 0.684, 0.4217506631299735, 0.702]	no-link	question-question	-0.0729	-0.0928	-0.1074	0.0	-0.001	0.017	9
OF	☐	[0.31432360742705573, 0.684, 0.33421750663129973, 0.701]	[0.5981432360742706, 0.686, 0.6153846153846154, 0.699]	no-link	question-question	-0.2639	-0.2838	-0.3011	-0.002	0.002	0.015	9
OF	MUSIC	[0.31432360742705573, 0.684, 0.33421750663129973, 0.701]	[0.6206896551724138, 0.715, 0.6724137931034483, 0.729]	no-link	question-question	-0.2865	-0.3064	-0.3581	-0.031	-0.028	-0.014	9
OF	SAMPLING	[0.31432360742705573, 0.684, 0.33421750663129973, 0.701]	[0.2984084880636605, 0.716, 0.383289124668435, 0.731]	no-link	question-question	0.0358	0.0159	-0.069	-0.032	-0.03	-0.015	9
#	(S)	[0.2984084880636605, 0.684, 0.3076923076923077, 0.699]	[0.40716180371352784, 0.684, 0.4217506631299735, 0.702]	question-question	question-question	0.1233	0.0	0.1088	0.003	0.0995	0.018	11
#	SAMPLING	[0.2984084880636605, 0.684, 0.3076923076923077, 0.699]	[0.2984084880636605, 0.716, 0.383289124668435, 0.731]	no-link	question-question	0.0093	0.0	-0.0849	-0.032	-0.032	-0.017	11
#	&	[0.2984084880636605, 0.684, 0.3076923076923077, 0.699]	[0.3859416445623342, 0.716, 0.4005305039787798, 0.729]	no-link	question-question	-0.0782	-0.0875	-0.1021	-0.032	-0.03	-0.017	11
#	☐	[0.2984084880636605, 0.684, 0.3076923076923077, 0.699]	[0.27586206896551724, 0.715, 0.29310344827586204, 0.729]	line-line	question-question	-0.0053	0.031	-0.0225	0.03	-0.0318	0.045	11
#	OF	[0.2984084880636605, 0.684, 0.3076923076923077, 0.699]	[0.31432360742705573, 0.684, 0.33421750663129973, 0.701]	word-word	question-question	0.0358	0.0	0.0159	0.002	0.0066	0.017	11
OF	BOOTH	[0.31432360742705573, 0.684, 0.33421750663129973, 0.701]	[0.3421750663129973, 0.684, 0.40450928381962864, 0.702]	word-word	question-question	0.0902	0.0	0.0279	0.001	0.008	0.018	11
OF	&	[0.31432360742705573, 0.684, 0.33421750663129973, 0.701]	[0.3859416445623342, 0.716, 0.4005305039787798, 0.729]	no-link	question-question	-0.0517	-0.0716	-0.0862	-0.032	-0.028	-0.015	11
OF	PREMIUMS	[0.31432360742705573, 0.684, 0.33421750663129973, 0.701]	[0.29973474801061006, 0.744, 0.3806366047745358, 0.761]	no-link	question-question	0.0345	0.0146	-0.0663	-0.06	-0.06	-0.043	11
#	SPECIFICS:	[0.2984084880636605, 0.684, 0.3076923076923077, 0.699]	[0.17639257294429708, 0.634, 0.2984084880636605, 0.655]	question-header	question-header	0.0	-0.05	-0.122	-0.044	-0.1313	-0.029	11
#	PREMIUMS	[0.2984084880636605, 0.684, 0.3076923076923077, 0.699]	[0.29973474801061006, 0.744, 0.3806366047745358, 0.761]	no-link	question-question	0.008	-0.0013	-0.0822	-0.06	-0.062	-0.045	11
#	☑	[0.2984084880636605, 0.684, 0.3076923076923077, 0.699]	[0.27586206896551724, 0.686, 0.29310344827586204, 0.7]	question-answer	question-answer	-0.0053	0.002	-0.0225	0.001	-0.0318	0.016	11
(S)	☐	[0.40716180371352784, 0.684, 0.4217506631299735, 0.702]	[0.5981432360742706, 0.686, 0.6153846153846154, 0.699]	question-question	question-question	0.2082	0.002	0.191	-0.003	0.1764	0.015	11
(S)	MUSIC	[0.40716180371352784, 0.684, 0.4217506631299735, 0.702]	[0.6206896551724138, 0.715, 0.6724137931034483, 0.729]	no-link	question-question	-0.1989	-0.2135	-0.2653	-0.031	-0.027	-0.013	11
(S)	SAMPLING	[0.40716180371352784, 0.684, 0.4217506631299735, 0.702]	[0.2984084880636605, 0.716, 0.383289124668435, 0.731]	no-link	question-question	0.1233	0.1088	0.0239	-0.032	-0.029	-0.014	11
(S)	&	[0.40716180371352784, 0.684, 0.4217506631299735, 0.702]	[0.3859416445623342, 0.716, 0.4005305039787798, 0.729]	no-link	question-question	0.0358	0.0212	0.0066	-0.032	-0.027	-0.014	11
(S)	PREMIUMS	[0.40716180371352784, 0.684, 0.4217506631299735, 0.702]	[0.29973474801061006, 0.744, 0.3806366047745358, 0.761]	no-link	question-question	0.122	0.1074	0.0265	-0.06	-0.059	-0.042	11
☐	SIGNAGE	[0.5981432360742706, 0.686, 0.6153846153846154, 0.699]	[0.6180371352785146, 0.684, 0.6883289124668435, 0.701]	word-word	question-question	0.0902	-0.002	0.0199	0.002	0.0027	0.015	9
☐	MUSIC	[0.5981432360742706, 0.686, 0.6153846153846154, 0.699]	[0.6206896551724138, 0.715, 0.6724137931034483, 0.729]	no-link	question-question	-0.0053	-0.0225	-0.0743	-0.029	-0.03	-0.016	9
☐	SAMPLING	[0.5981432360742706, 0.686, 0.6153846153846154, 0.699]	[0.2984084880636605, 0.716, 0.383289124668435, 0.731]	no-link	question-question	0.317	0.2997	0.2149	-0.03	-0.032	-0.017	9
☐	&	[0.5981432360742706, 0.686, 0.6153846153846154, 0.699]	[0.3859416445623342, 0.716, 0.4005305039787798, 0.729]	no-link	question-question	0.2294	0.2122	0.1976	-0.03	-0.03	-0.017	9
☐	PREMIUMS	[0.5981432360742706, 0.686, 0.6153846153846154, 0.699]	[0.29973474801061006, 0.744, 0.3806366047745358, 0.761]	no-link	question-question	0.3156	0.2984	0.2175	-0.058	-0.062	-0.045	9
☐	SIGNAGE	[0.5981432360742706, 0.686, 0.6153846153846154, 0.699]	[0.6180371352785146, 0.684, 0.6883289124668435, 0.701]	word-word	question-question	0.0902	-0.002	0.0199	0.002	0.0027	0.015	11
☐	SPECIFICS:	[0.5981432360742706, 0.686, 0.6153846153846154, 0.699]	[0.17639257294429708, 0.634, 0.2984084880636605, 0.655]	question-header	question-header	-0.2997	-0.052	-0.4218	-0.044	-0.439	-0.031	11
☐	SAMPLING	[0.27586206896551724, 0.715, 0.29310344827586204, 0.729]	[0.2984084880636605, 0.716, 0.383289124668435, 0.731]	word-word	question-question	0.1074	0.001	0.0225	0.002	0.0053	0.016	9
☐	RACING	[0.27586206896551724, 0.715, 0.29310344827586204, 0.729]	[0.616710875331565, 0.746, 0.6830238726790451, 0.76]	no-link	question-question	-0.3236	-0.3408	-0.4072	-0.031	-0.031	-0.017	9
☐	MUSIC	[0.6007957559681698, 0.715, 0.6153846153846154, 0.729]	[0.6206896551724138, 0.715, 0.6724137931034483, 0.729]	word-word	question-question	0.0716	0.0	0.0199	0.0	0.0053	0.014	9
MUSIC	VAN	[0.6206896551724138, 0.715, 0.6724137931034483, 0.729]	[0.6737400530503979, 0.714, 0.7122015915119363, 0.729]	word-word	question-question	0.0915	-0.001	0.0531	0.0	0.0013	0.014	9
MUSIC	☐	[0.6206896551724138, 0.715, 0.6724137931034483, 0.729]	[0.27586206896551724, 0.715, 0.29310344827586204, 0.729]	no-link	question-question	0.3966	0.3448	0.3276	0.0	0.0	0.014	9
MUSIC	SAMPLING	[0.6206896551724138, 0.715, 0.6724137931034483, 0.729]	[0.2984084880636605, 0.716, 0.383289124668435, 0.731]	no-link	question-question	0.374	0.3223	0.2374	-0.001	-0.002	0.013	9
MUSIC	&	[0.6206896551724138, 0.715, 0.6724137931034483, 0.729]	[0.3859416445623342, 0.716, 0.4005305039787798, 0.729]	no-link	question-question	0.2865	0.2347	0.2202	-0.001	0.0	0.013	9
MUSIC	PREMIUMS	[0.6206896551724138, 0.715, 0.6724137931034483, 0.729]	[0.29973474801061006, 0.744, 0.3806366047745358, 0.761]	no-link	question-question	0.3727	0.321	0.2401	-0.029	-0.032	-0.015	9
MUSIC	RACING	[0.6206896551724138, 0.715, 0.6724137931034483, 0.729]	[0.616710875331565, 0.746, 0.6830238726790451, 0.76]	no-link	question-question	0.0557	0.004	-0.0623	-0.031	-0.031	-0.017	9
☐	☐	[0.27586206896551724, 0.715, 0.29310344827586204, 0.729]	[0.6007957559681698, 0.715, 0.6153846153846154, 0.729]	question-question	question-question	0.3395	0.0	0.3249	0.0	0.3077	0.014	12
☐	PREMIUMS	[0.27586206896551724, 0.715, 0.29310344827586204, 0.729]	[0.29973474801061006, 0.744, 0.3806366047745358, 0.761]	line-line	question-question	0.1048	0.029	0.0239	0.032	0.0066	0.046	12
☐	SUPERVISOR	[0.27586206896551724, 0.715, 0.29310344827586204, 0.729]	[0.17904509283819628, 0.813, 0.3275862068965517, 0.83]	no-link	question-question	0.1141	0.0968	-0.0517	-0.098	-0.101	-0.084	12
☐	SAMPLING	[0.27586206896551724, 0.715, 0.29310344827586204, 0.729]	[0.2984084880636605, 0.716, 0.383289124668435, 0.731]	word-word	question-question	0.1074	0.001	0.0225	0.002	0.0053	0.016	12
☐	SPECIFICS:	[0.27586206896551724, 0.715, 0.29310344827586204, 0.729]	[0.17639257294429708, 0.634, 0.2984084880636605, 0.655]	question-header	question-header	0.0225	-0.081	-0.0995	-0.074	-0.1167	-0.06	12
☐	MUSIC	[0.6007957559681698, 0.715, 0.6153846153846154, 0.729]	[0.6206896551724138, 0.715, 0.6724137931034483, 0.729]	word-word	question-question	0.0716	0.0	0.0199	0.0	0.0053	0.014	12
MUSIC	VAN	[0.6206896551724138, 0.715, 0.6724137931034483, 0.729]	[0.6737400530503979, 0.714, 0.7122015915119363, 0.729]	word-word	question-question	0.0915	-0.001	0.0531	0.0	0.0013	0.014	12
MUSIC	SUPERVISOR	[0.6206896551724138, 0.715, 0.6724137931034483, 0.729]	[0.17904509283819628, 0.813, 0.3275862068965517, 0.83]	no-link	question-question	0.4934	0.4416	0.2931	-0.098	-0.101	-0.084	12
☐	SPECIFICS:	[0.6007957559681698, 0.715, 0.6153846153846154, 0.729]	[0.17639257294429708, 0.634, 0.2984084880636605, 0.655]	question-header	question-header	-0.3024	-0.081	-0.4244	-0.074	-0.439	-0.06	12
SAMPLING	&	[0.2984084880636605, 0.716, 0.383289124668435, 0.731]	[0.3859416445623342, 0.716, 0.4005305039787798, 0.729]	word-word	question-question	0.1021	0.0	0.0875	-0.002	0.0027	0.013	9
SAMPLING	PREMIUMS	[0.2984084880636605, 0.716, 0.383289124668435, 0.731]	[0.29973474801061006, 0.744, 0.3806366047745358, 0.761]	no-link	question-question	0.0836	-0.0013	-0.0822	-0.028	-0.03	-0.013	9
SAMPLING	☐	[0.2984084880636605, 0.716, 0.383289124668435, 0.731]	[0.6007957559681698, 0.746, 0.6153846153846154, 0.757]	no-link	question-question	-0.2175	-0.3024	-0.317	-0.03	-0.026	-0.015	9
SAMPLING	RACING	[0.2984084880636605, 0.716, 0.383289124668435, 0.731]	[0.616710875331565, 0.746, 0.6830238726790451, 0.76]	no-link	question-question	-0.2334	-0.3183	-0.3846	-0.03	-0.029	-0.015	9
SAMPLING	SUPERVISOR	[0.2984084880636605, 0.716, 0.383289124668435, 0.731]	[0.17904509283819628, 0.813, 0.3275862068965517, 0.83]	no-link	question-question	0.2042	0.1194	-0.0292	-0.097	-0.099	-0.082	9
SAMPLING	OF	[0.2984084880636605, 0.716, 0.383289124668435, 0.731]	[0.22944297082228116, 0.849, 0.253315649867374, 0.863]	no-link	question-question	0.1538	0.069	0.0451	-0.133	-0.132	-0.118	9
&	PREMIUMS	[0.3859416445623342, 0.716, 0.4005305039787798, 0.729]	[0.4005305039787798, 0.715, 0.4854111405835544, 0.729]	word-word	question-question	0.0995	-0.001	0.0146	0.0	0.0	0.013	9
&	☐	[0.3859416445623342, 0.716, 0.4005305039787798, 0.729]	[0.6007957559681698, 0.746, 0.6153846153846154, 0.757]	no-link	question-question	-0.2003	-0.2149	-0.2294	-0.03	-0.028	-0.017	9
&	RACING	[0.3859416445623342, 0.716, 0.4005305039787798, 0.729]	[0.616710875331565, 0.746, 0.6830238726790451, 0.76]	no-link	question-question	-0.2162	-0.2308	-0.2971	-0.03	-0.031	-0.017	9
&	SUPERVISOR	[0.3859416445623342, 0.716, 0.4005305039787798, 0.729]	[0.17904509283819628, 0.813, 0.3275862068965517, 0.83]	no-link	question-question	0.2215	0.2069	0.0584	-0.097	-0.101	-0.084	9
&	OF	[0.3859416445623342, 0.716, 0.4005305039787798, 0.729]	[0.22944297082228116, 0.849, 0.253315649867374, 0.863]	no-link	question-question	0.1711	0.1565	0.1326	-0.133	-0.134	-0.12	9
&	ALLWAYS	[0.3859416445623342, 0.716, 0.4005305039787798, 0.729]	[0.259946949602122, 0.849, 0.32891246684350134, 0.864]	no-link	question-question	0.1406	0.126	0.057	-0.133	-0.135	-0.12	9
SAMPLING	&	[0.2984084880636605, 0.716, 0.383289124668435, 0.731]	[0.3859416445623342, 0.716, 0.4005305039787798, 0.729]	word-word	question-question	0.1021	0.0	0.0875	-0.002	0.0027	0.013	12
SAMPLING	ALLWAYS	[0.2984084880636605, 0.716, 0.383289124668435, 0.731]	[0.259946949602122, 0.849, 0.32891246684350134, 0.864]	no-link	question-question	0.1233	0.0385	-0.0305	-0.133	-0.133	-0.118	12
&	PREMIUMS	[0.3859416445623342, 0.716, 0.4005305039787798, 0.729]	[0.4005305039787798, 0.715, 0.4854111405835544, 0.729]	word-word	question-question	0.0995	-0.001	0.0146	0.0	0.0	0.013	12
PREMIUMS	ONLY	[0.29973474801061006, 0.744, 0.3806366047745358, 0.761]	[0.38726790450928383, 0.743, 0.4323607427055703, 0.76]	word-word	question-question	0.1326	-0.001	0.0875	-0.001	0.0066	0.016	9
PREMIUMS	☐	[0.29973474801061006, 0.744, 0.3806366047745358, 0.761]	[0.6007957559681698, 0.746, 0.6153846153846154, 0.757]	no-link	question-question	-0.2202	-0.3011	-0.3156	-0.002	0.004	0.015	9
PREMIUMS	RACING	[0.29973474801061006, 0.744, 0.3806366047745358, 0.761]	[0.616710875331565, 0.746, 0.6830238726790451, 0.76]	no-link	question-question	-0.2361	-0.317	-0.3833	-0.002	0.001	0.015	9
PREMIUMS	SUPERVISOR	[0.29973474801061006, 0.744, 0.3806366047745358, 0.761]	[0.17904509283819628, 0.813, 0.3275862068965517, 0.83]	no-link	question-question	0.2016	0.1207	-0.0279	-0.069	-0.069	-0.052	9
PREMIUMS	OF	[0.29973474801061006, 0.744, 0.3806366047745358, 0.761]	[0.22944297082228116, 0.849, 0.253315649867374, 0.863]	no-link	question-question	0.1512	0.0703	0.0464	-0.105	-0.102	-0.088	9
PREMIUMS	ALLWAYS	[0.29973474801061006, 0.744, 0.3806366047745358, 0.761]	[0.259946949602122, 0.849, 0.32891246684350134, 0.864]	no-link	question-question	0.1207	0.0398	-0.0292	-0.105	-0.103	-0.088	9
PREMIUMS	NAME	[0.29973474801061006, 0.744, 0.3806366047745358, 0.761]	[0.17771883289124668, 0.851, 0.22546419098143236, 0.866]	no-link	question-question	0.2029	0.122	0.0743	-0.107	-0.105	-0.09	9
PREMIUMS	☐	[0.29973474801061006, 0.744, 0.3806366047745358, 0.761]	[0.6007957559681698, 0.746, 0.6153846153846154, 0.757]	question-question	question-question	0.3156	0.002	0.3011	-0.004	0.2202	0.013	13
PREMIUMS	SUPERVISOR	[0.29973474801061006, 0.744, 0.3806366047745358, 0.761]	[0.17904509283819628, 0.813, 0.3275862068965517, 0.83]	line-line	question-header	0.0279	0.069	-0.1207	0.069	-0.2016	0.086	13
PREMIUMS	ONLY	[0.29973474801061006, 0.744, 0.3806366047745358, 0.761]	[0.38726790450928383, 0.743, 0.4323607427055703, 0.76]	word-word	question-question	0.1326	-0.001	0.0875	-0.001	0.0066	0.016	13
PREMIUMS	SPECIFICS:	[0.29973474801061006, 0.744, 0.3806366047745358, 0.761]	[0.17639257294429708, 0.634, 0.2984084880636605, 0.655]	question-header	question-header	-0.0013	-0.11	-0.1233	-0.106	-0.2042	-0.089	13
PREMIUMS	Jerome	[0.29973474801061006, 0.744, 0.3806366047745358, 0.761]	[0.4761273209549072, 0.851, 0.5278514588859416, 0.865]	no-link	question-answer	-0.0955	-0.1764	-0.2281	-0.107	-0.104	-0.09	13
PREMIUMS	☑	[0.29973474801061006, 0.744, 0.3806366047745358, 0.761]	[0.27718832891246686, 0.746, 0.2957559681697613, 0.759]	question-answer	question-answer	-0.004	0.002	-0.0225	-0.002	-0.1034	0.015	13
PREMIUMS	PHONE	[0.29973474801061006, 0.744, 0.3806366047745358, 0.761]	[0.17771883289124668, 0.878, 0.23740053050397877, 0.892]	no-link	question-question	0.2029	0.122	0.0623	-0.134	-0.131	-0.117	13
☐	RACING	[0.6007957559681698, 0.746, 0.6153846153846154, 0.757]	[0.616710875331565, 0.746, 0.6830238726790451, 0.76]	word-word	question-question	0.0822	0.0	0.0159	0.003	0.0013	0.014	9
☐	OF	[0.6007957559681698, 0.746, 0.6153846153846154, 0.757]	[0.22944297082228116, 0.849, 0.253315649867374, 0.863]	no-link	question-question	0.3859	0.3714	0.3475	-0.103	-0.106	-0.092	9
☐	ALLWAYS	[0.6007957559681698, 0.746, 0.6153846153846154, 0.757]	[0.259946949602122, 0.849, 0.32891246684350134, 0.864]	no-link	question-question	0.3554	0.3408	0.2719	-0.103	-0.107	-0.092	9
☐	NAME	[0.6007957559681698, 0.746, 0.6153846153846154, 0.757]	[0.17771883289124668, 0.851, 0.22546419098143236, 0.866]	no-link	question-question	0.4377	0.4231	0.3753	-0.105	-0.109	-0.094	9
☐	Jerome	[0.6007957559681698, 0.746, 0.6153846153846154, 0.757]	[0.4761273209549072, 0.851, 0.5278514588859416, 0.865]	no-link	question-answer	0.1393	0.1247	0.0729	-0.105	-0.108	-0.094	9
☐	PHONE	[0.6007957559681698, 0.746, 0.6153846153846154, 0.757]	[0.17771883289124668, 0.878, 0.23740053050397877, 0.892]	no-link	question-question	0.4377	0.4231	0.3634	-0.132	-0.135	-0.121	9
☐	BEEPER	[0.6007957559681698, 0.746, 0.6153846153846154, 0.757]	[0.493368700265252, 0.88, 0.553050397877984, 0.894]	no-link	question-question	0.122	0.1074	0.0477	-0.134	-0.137	-0.123	9
RACING	CAR	[0.616710875331565, 0.746, 0.6830238726790451, 0.76]	[0.6856763925729443, 0.746, 0.7214854111405835, 0.76]	word-word	question-question	0.1048	0.0	0.069	0.0	0.0027	0.014	9
RACING	☐	[0.616710875331565, 0.746, 0.6830238726790451, 0.76]	[0.6007957559681698, 0.746, 0.6153846153846154, 0.757]	no-link	question-header	0.0822	0.0159	0.0013	0.0	0.003	0.014	9
RACING	SUPERVISOR	[0.616710875331565, 0.746, 0.6830238726790451, 0.76]	[0.17904509283819628, 0.813, 0.3275862068965517, 0.83]	no-link	question-question	0.504	0.4377	0.2891	-0.067	-0.07	-0.053	9
RACING	OF	[0.616710875331565, 0.746, 0.6830238726790451, 0.76]	[0.22944297082228116, 0.849, 0.253315649867374, 0.863]	no-link	question-question	0.4536	0.3873	0.3634	-0.103	-0.103	-0.089	9
RACING	ALLWAYS	[0.616710875331565, 0.746, 0.6830238726790451, 0.76]	[0.259946949602122, 0.849, 0.32891246684350134, 0.864]	no-link	question-question	0.4231	0.3568	0.2878	-0.103	-0.104	-0.089	9
RACING	NAME	[0.616710875331565, 0.746, 0.6830238726790451, 0.76]	[0.17771883289124668, 0.851, 0.22546419098143236, 0.866]	no-link	question-question	0.5053	0.439	0.3912	-0.105	-0.106	-0.091	9
RACING	Jerome	[0.616710875331565, 0.746, 0.6830238726790451, 0.76]	[0.4761273209549072, 0.851, 0.5278514588859416, 0.865]	no-link	question-answer	0.2069	0.1406	0.0889	-0.105	-0.105	-0.091	9
RACING	PHONE	[0.616710875331565, 0.746, 0.6830238726790451, 0.76]	[0.17771883289124668, 0.878, 0.23740053050397877, 0.892]	no-link	question-question	0.5053	0.439	0.3793	-0.132	-0.132	-0.118	9
RACING	BEEPER	[0.616710875331565, 0.746, 0.6830238726790451, 0.76]	[0.493368700265252, 0.88, 0.553050397877984, 0.894]	no-link	question-question	0.1897	0.1233	0.0637	-0.134	-0.134	-0.12	9
☐	RACING	[0.6007957559681698, 0.746, 0.6153846153846154, 0.757]	[0.616710875331565, 0.746, 0.6830238726790451, 0.76]	word-word	question-question	0.0822	0.0	0.0159	0.003	0.0013	0.014	13
RACING	CAR	[0.616710875331565, 0.746, 0.6830238726790451, 0.76]	[0.6856763925729443, 0.746, 0.7214854111405835, 0.76]	word-word	question-question	0.1048	0.0	0.069	0.0	0.0027	0.014	13
☐	SPECIFICS:	[0.6007957559681698, 0.746, 0.6153846153846154, 0.757]	[0.17639257294429708, 0.634, 0.2984084880636605, 0.655]	question-header	question-header	-0.3024	-0.112	-0.4244	-0.102	-0.439	-0.091	13
SUPERVISOR	NAME	[0.17904509283819628, 0.813, 0.3275862068965517, 0.83]	[0.17771883289124668, 0.851, 0.22546419098143236, 0.866]	line-line	header-question	0.0464	0.038	-0.0013	0.036	-0.1499	0.053	14
SUPERVISOR	OF	[0.17904509283819628, 0.813, 0.3275862068965517, 0.83]	[0.22944297082228116, 0.849, 0.253315649867374, 0.863]	no-link	header-question	0.0981	-0.0504	-0.0743	-0.036	-0.033	-0.019	14
SUPERVISOR	ALLWAYS	[0.17904509283819628, 0.813, 0.3275862068965517, 0.83]	[0.259946949602122, 0.849, 0.32891246684350134, 0.864]	no-link	header-question	0.0676	-0.0809	-0.1499	-0.036	-0.034	-0.019	14
SUPERVISOR	Jerome	[0.17904509283819628, 0.813, 0.3275862068965517, 0.83]	[0.4761273209549072, 0.851, 0.5278514588859416, 0.865]	no-link	header-answer	-0.1485	-0.2971	-0.3488	-0.038	-0.035	-0.021	14
SUPERVISOR	PHONE	[0.17904509283819628, 0.813, 0.3275862068965517, 0.83]	[0.17771883289124668, 0.878, 0.23740053050397877, 0.892]	no-link	header-question	0.1499	0.0013	-0.0584	-0.065	-0.062	-0.048	14
SUPERVISOR	BEEPER	[0.17904509283819628, 0.813, 0.3275862068965517, 0.83]	[0.493368700265252, 0.88, 0.553050397877984, 0.894]	no-link	header-question	-0.1658	-0.3143	-0.374	-0.067	-0.064	-0.05	14
SUPERVISOR	INFORMATION:	[0.17904509283819628, 0.813, 0.3275862068965517, 0.83]	[0.3328912466843501, 0.813, 0.5185676392572944, 0.831]	word-word	header-header	0.3395	0.0	0.1538	0.001	0.0053	0.018	14
SUPERVISOR	NAME	[0.17904509283819628, 0.813, 0.3275862068965517, 0.83]	[0.17771883289124668, 0.851, 0.22546419098143236, 0.866]	header-question	header-question	0.0464	0.038	-0.0013	0.036	-0.1499	0.053	14
SUPERVISOR	PHONE	[0.17904509283819628, 0.813, 0.3275862068965517, 0.83]	[0.17771883289124668, 0.878, 0.23740053050397877, 0.892]	header-question	header-question	0.0584	0.065	-0.0013	0.062	-0.1499	0.079	14
SUPERVISOR	BEEPER	[0.17904509283819628, 0.813, 0.3275862068965517, 0.83]	[0.493368700265252, 0.88, 0.553050397877984, 0.894]	header-question	header-question	0.374	0.067	0.3143	0.064	0.1658	0.081	14
SUPERVISOR	INFORMATION:	[0.17904509283819628, 0.813, 0.3275862068965517, 0.83]	[0.3328912466843501, 0.813, 0.5185676392572944, 0.831]	word-word	header-header	0.3395	0.0	0.1538	0.001	0.0053	0.018	15
OF	ALLWAYS	[0.22944297082228116, 0.849, 0.253315649867374, 0.863]	[0.259946949602122, 0.849, 0.32891246684350134, 0.864]	word-word	question-question	0.0995	0.0	0.0305	0.001	0.0066	0.015	14
OF	NAME	[0.22944297082228116, 0.849, 0.253315649867374, 0.863]	[0.17771883289124668, 0.851, 0.22546419098143236, 0.866]	no-link	question-question	0.0756	0.0517	0.004	-0.002	-0.003	0.012	14
OF	Jerome	[0.22944297082228116, 0.849, 0.253315649867374, 0.863]	[0.4761273209549072, 0.851, 0.5278514588859416, 0.865]	no-link	question-answer	-0.2228	-0.2467	-0.2984	-0.002	-0.002	0.012	14
OF	PHONE	[0.22944297082228116, 0.849, 0.253315649867374, 0.863]	[0.17771883289124668, 0.878, 0.23740053050397877, 0.892]	no-link	question-question	0.0756	0.0517	-0.008	-0.029	-0.029	-0.015	14
OF	BEEPER	[0.22944297082228116, 0.849, 0.253315649867374, 0.863]	[0.493368700265252, 0.88, 0.553050397877984, 0.894]	no-link	question-question	-0.2401	-0.2639	-0.3236	-0.031	-0.031	-0.017	14
ALLWAYS	SUPERVISOR	[0.259946949602122, 0.849, 0.32891246684350134, 0.864]	[0.33156498673740054, 0.848, 0.43103448275862066, 0.865]	word-word	question-question	0.1711	-0.001	0.0716	0.001	0.0027	0.016	14
ALLWAYS	NAME	[0.259946949602122, 0.849, 0.32891246684350134, 0.864]	[0.17771883289124668, 0.851, 0.22546419098143236, 0.866]	no-link	question-question	0.1512	0.0822	0.0345	-0.002	-0.002	0.013	14
ALLWAYS	Jerome	[0.259946949602122, 0.849, 0.32891246684350134, 0.864]	[0.4761273209549072, 0.851, 0.5278514588859416, 0.865]	no-link	question-answer	-0.1472	-0.2162	-0.2679	-0.002	-0.001	0.013	14
ALLWAYS	PHONE	[0.259946949602122, 0.849, 0.32891246684350134, 0.864]	[0.17771883289124668, 0.878, 0.23740053050397877, 0.892]	no-link	question-question	0.1512	0.0822	0.0225	-0.029	-0.028	-0.014	14
ALLWAYS	BEEPER	[0.259946949602122, 0.849, 0.32891246684350134, 0.864]	[0.493368700265252, 0.88, 0.553050397877984, 0.894]	no-link	question-question	-0.1645	-0.2334	-0.2931	-0.031	-0.03	-0.016	14
OF	ALLWAYS	[0.22944297082228116, 0.849, 0.253315649867374, 0.863]	[0.259946949602122, 0.849, 0.32891246684350134, 0.864]	word-word	question-question	0.0995	0.0	0.0305	0.001	0.0066	0.015	15
ALLWAYS	SUPERVISOR	[0.259946949602122, 0.849, 0.32891246684350134, 0.864]	[0.33156498673740054, 0.848, 0.43103448275862066, 0.865]	word-word	question-question	0.1711	-0.001	0.0716	0.001	0.0027	0.016	15
NAME	OF	[0.17771883289124668, 0.851, 0.22546419098143236, 0.866]	[0.22944297082228116, 0.849, 0.253315649867374, 0.863]	word-word	question-question	0.0756	-0.002	0.0517	-0.003	0.004	0.012	14
NAME	Jerome	[0.17771883289124668, 0.851, 0.22546419098143236, 0.866]	[0.4761273209549072, 0.851, 0.5278514588859416, 0.865]	no-link	question-answer	-0.2507	-0.2984	-0.3501	0.0	0.001	0.015	14
NAME	PHONE	[0.17771883289124668, 0.851, 0.22546419098143236, 0.866]	[0.17771883289124668, 0.878, 0.23740053050397877, 0.892]	no-link	question-question	0.0477	0.0	-0.0597	-0.027	-0.026	-0.012	14
NAME	BEEPER	[0.17771883289124668, 0.851, 0.22546419098143236, 0.866]	[0.493368700265252, 0.88, 0.553050397877984, 0.894]	no-link	question-question	-0.2679	-0.3156	-0.3753	-0.029	-0.028	-0.014	14
NAME	OF	[0.17771883289124668, 0.851, 0.22546419098143236, 0.866]	[0.22944297082228116, 0.849, 0.253315649867374, 0.863]	word-word	question-question	0.0756	-0.002	0.0517	-0.003	0.004	0.012	15
NAME	SUPERVISOR	[0.17771883289124668, 0.851, 0.22546419098143236, 0.866]	[0.17904509283819628, 0.813, 0.3275862068965517, 0.83]	question-header	question-header	0.1499	-0.038	0.0013	-0.036	-0.0464	-0.021	15
NAME	Jerome	[0.17771883289124668, 0.851, 0.22546419098143236, 0.866]	[0.4761273209549072, 0.851, 0.5278514588859416, 0.865]	question-answer	question-answer	0.3501	0.0	0.2984	-0.001	0.2507	0.014	15
Jerome	Curry	[0.4761273209549072, 0.851, 0.5278514588859416, 0.865]	[0.5371352785145889, 0.851, 0.5848806366047745, 0.864]	word-word	answer-answer	0.1088	0.0	0.061	-0.001	0.0093	0.013	15
Jerome	BEEPER	[0.4761273209549072, 0.851, 0.5278514588859416, 0.865]	[0.493368700265252, 0.88, 0.553050397877984, 0.894]	no-link	answer-question	0.0345	-0.0172	-0.0769	-0.029	-0.029	-0.015	15
PHONE	NUMBER	[0.17771883289124668, 0.878, 0.23740053050397877, 0.892]	[0.2413793103448276, 0.878, 0.3156498673740053, 0.892]	word-word	question-question	0.1379	0.0	0.0637	0.0	0.004	0.014	14
BEEPER	NUMBER:	[0.493368700265252, 0.88, 0.553050397877984, 0.894]	[0.5570291777188329, 0.878, 0.6326259946949602, 0.892]	word-word	question-question	0.1393	-0.002	0.0637	-0.002	0.004	0.012	14
