COMPETITIVE	PRODUCTS	[0.44801026957637996, 0.087, 0.5661103979460848, 0.107]	[0.5725288831835686, 0.088, 0.6726572528883183, 0.105]	word-word	header-header	0.2246	0.001	0.1245	-0.002	0.0064	0.018	0
COMPETITIVE	NEW	[0.44801026957637996, 0.087, 0.5661103979460848, 0.107]	[0.3992297817715019, 0.088, 0.4428754813863928, 0.106]	no-link	header-header	0.1669	0.0488	0.0051	-0.001	0.001	0.019	0
COMPETITIVE	FRANCISCO,	[0.44801026957637996, 0.087, 0.5661103979460848, 0.107]	[0.6251604621309371, 0.147, 0.7163029525032092, 0.162]	no-link	header-answer	-0.0591	-0.1772	-0.2683	-0.06	-0.055	-0.04	0
COMPETITIVE	MANAGER,	[0.44801026957637996, 0.087, 0.5661103979460848, 0.107]	[0.5006418485237484, 0.148, 0.576379974326059, 0.163]	no-link	header-answer	0.0655	-0.0526	-0.1284	-0.061	-0.056	-0.041	0
COMPETITIVE	SAN	[0.44801026957637996, 0.087, 0.5661103979460848, 0.107]	[0.5866495507060334, 0.148, 0.6187419768934531, 0.163]	no-link	header-answer	-0.0205	-0.1386	-0.1707	-0.061	-0.056	-0.041	0
COMPETITIVE	REID,	[0.44801026957637996, 0.087, 0.5661103979460848, 0.107]	[0.3581514762516046, 0.149, 0.4069319640564827, 0.166]	no-link	header-answer	0.208	0.0899	0.0411	-0.062	-0.059	-0.042	0
COMPETITIVE	DIVISION	[0.44801026957637996, 0.087, 0.5661103979460848, 0.107]	[0.4146341463414634, 0.149, 0.49293966623876767, 0.163]	no-link	header-answer	0.1515	0.0334	-0.0449	-0.062	-0.056	-0.042	0
COMPETITIVE	REPORTED	[0.44801026957637996, 0.087, 0.5661103979460848, 0.107]	[0.10269576379974327, 0.151, 0.196405648267009, 0.168]	no-link	header-question	0.4634	0.3453	0.2516	-0.064	-0.061	-0.044	0
COMPETITIVE	A.	[0.44801026957637996, 0.087, 0.5661103979460848, 0.107]	[0.33119383825417203, 0.152, 0.3491655969191271, 0.166]	no-link	header-answer	0.2349	0.1168	0.0988	-0.065	-0.059	-0.045	0
COMPETITIVE	13/	[0.44801026957637996, 0.087, 0.5661103979460848, 0.107]	[0.24518613607188702, 0.201, 0.2631578947368421, 0.214]	no-link	header-answer	0.3209	0.2028	0.1849	-0.114	-0.107	-0.094	0
COMPETITIVE	8/	[0.44801026957637996, 0.087, 0.5661103979460848, 0.107]	[0.22721437740693196, 0.203, 0.2374839537869063, 0.216]	no-link	header-answer	0.3389	0.2208	0.2105	-0.116	-0.109	-0.096	0
COMPETITIVE	DATE:	[0.44801026957637996, 0.087, 0.5661103979460848, 0.107]	[0.17073170731707318, 0.204, 0.2233632862644416, 0.219]	no-link	header-question	0.3954	0.2773	0.2246	-0.117	-0.112	-0.097	0
COMPETITIVE	MANUFACTURER:	[0.44801026957637996, 0.087, 0.5661103979460848, 0.107]	[0.10012836970474968, 0.254, 0.2503209242618742, 0.274]	no-link	header-question	0.466	0.3479	0.1977	-0.167	-0.167	-0.147	0
COMPETITIVE	TOBACCO	[0.44801026957637996, 0.087, 0.5661103979460848, 0.107]	[0.4159178433889602, 0.257, 0.4839537869062901, 0.272]	no-link	header-answer	0.1502	0.0321	-0.0359	-0.17	-0.165	-0.15	0
COMPETITIVE	AMERICAN	[0.44801026957637996, 0.087, 0.5661103979460848, 0.107]	[0.3286264441591784, 0.258, 0.41078305519897307, 0.272]	no-link	header-answer	0.2375	0.1194	0.0372	-0.171	-0.165	-0.151	0
COMPETITIVE	10'	[0.44801026957637996, 0.087, 0.5661103979460848, 0.107]	[0.4069319640564827, 0.304, 0.4326059050064185, 0.318]	no-link	header-answer	0.1592	0.0411	0.0154	-0.217	-0.211	-0.197	0
NEW	REPORTED	[0.3992297817715019, 0.088, 0.4428754813863928, 0.106]	[0.10269576379974327, 0.151, 0.196405648267009, 0.168]	line-line	header-question	-0.2028	0.063	-0.2965	0.062	-0.3402	0.08	0
NEW	FRANCISCO,	[0.3992297817715019, 0.088, 0.4428754813863928, 0.106]	[0.6251604621309371, 0.147, 0.7163029525032092, 0.162]	no-link	header-answer	-0.1823	-0.2259	-0.3171	-0.059	-0.056	-0.041	0
NEW	MANAGER,	[0.3992297817715019, 0.088, 0.4428754813863928, 0.106]	[0.5006418485237484, 0.148, 0.576379974326059, 0.163]	no-link	header-answer	-0.0578	-0.1014	-0.1772	-0.06	-0.057	-0.042	0
NEW	SAN	[0.3992297817715019, 0.088, 0.4428754813863928, 0.106]	[0.5866495507060334, 0.148, 0.6187419768934531, 0.163]	no-link	header-answer	-0.1438	-0.1874	-0.2195	-0.06	-0.057	-0.042	0
NEW	REID,	[0.3992297817715019, 0.088, 0.4428754813863928, 0.106]	[0.3581514762516046, 0.149, 0.4069319640564827, 0.166]	no-link	header-answer	0.0847	0.0411	-0.0077	-0.061	-0.06	-0.043	0
NEW	DIVISION	[0.3992297817715019, 0.088, 0.4428754813863928, 0.106]	[0.4146341463414634, 0.149, 0.49293966623876767, 0.163]	no-link	header-answer	0.0282	-0.0154	-0.0937	-0.061	-0.057	-0.043	0
NEW	A.	[0.3992297817715019, 0.088, 0.4428754813863928, 0.106]	[0.33119383825417203, 0.152, 0.3491655969191271, 0.166]	no-link	header-answer	0.1117	0.068	0.0501	-0.064	-0.06	-0.046	0
NEW	13/	[0.3992297817715019, 0.088, 0.4428754813863928, 0.106]	[0.24518613607188702, 0.201, 0.2631578947368421, 0.214]	no-link	header-answer	0.1977	0.154	0.1361	-0.113	-0.108	-0.095	0
NEW	8/	[0.3992297817715019, 0.088, 0.4428754813863928, 0.106]	[0.22721437740693196, 0.203, 0.2374839537869063, 0.216]	no-link	header-answer	0.2157	0.172	0.1617	-0.115	-0.11	-0.097	0
NEW	DATE:	[0.3992297817715019, 0.088, 0.4428754813863928, 0.106]	[0.17073170731707318, 0.204, 0.2233632862644416, 0.219]	no-link	header-question	0.2721	0.2285	0.1759	-0.116	-0.113	-0.098	0
NEW	MANUFACTURER:	[0.3992297817715019, 0.088, 0.4428754813863928, 0.106]	[0.10012836970474968, 0.254, 0.2503209242618742, 0.274]	no-link	header-question	0.3427	0.2991	0.1489	-0.166	-0.168	-0.148	0
NEW	TOBACCO	[0.3992297817715019, 0.088, 0.4428754813863928, 0.106]	[0.4159178433889602, 0.257, 0.4839537869062901, 0.272]	no-link	header-answer	0.027	-0.0167	-0.0847	-0.169	-0.166	-0.151	0
NEW	AMERICAN	[0.3992297817715019, 0.088, 0.4428754813863928, 0.106]	[0.3286264441591784, 0.258, 0.41078305519897307, 0.272]	no-link	header-answer	0.1142	0.0706	-0.0116	-0.17	-0.166	-0.152	0
NEW	10'	[0.3992297817715019, 0.088, 0.4428754813863928, 0.106]	[0.4069319640564827, 0.304, 0.4326059050064185, 0.318]	no-link	header-answer	0.0359	-0.0077	-0.0334	-0.216	-0.212	-0.198	0
NEW	SPECIAL	[0.3992297817715019, 0.088, 0.4428754813863928, 0.106]	[0.3337612323491656, 0.309, 0.3979460847240051, 0.323]	no-link	header-answer	0.1091	0.0655	0.0013	-0.221	-0.217	-0.203	0
NEW	COMPETITIVE	[0.3992297817715019, 0.088, 0.4428754813863928, 0.106]	[0.44801026957637996, 0.087, 0.5661103979460848, 0.107]	word-word	header-header	0.1669	-0.001	0.0488	0.001	0.0051	0.019	0
NEW	BRAND	[0.3992297817715019, 0.088, 0.4428754813863928, 0.106]	[0.10269576379974327, 0.31, 0.16302952503209242, 0.325]	no-link	header-question	0.3402	0.2965	0.2362	-0.222	-0.219	-0.204	0
FRANCISCO,	CA	[0.6251604621309371, 0.147, 0.7163029525032092, 0.162]	[0.7278562259306803, 0.147, 0.7496790757381258, 0.161]	word-word	answer-answer	0.1245	0.0	0.1027	-0.001	0.0116	0.014	1
FRANCISCO,	SAN	[0.6251604621309371, 0.147, 0.7163029525032092, 0.162]	[0.5866495507060334, 0.148, 0.6187419768934531, 0.163]	no-link	answer-answer	0.1297	0.0385	0.0064	-0.001	-0.001	0.014	1
FRANCISCO,	REID,	[0.6251604621309371, 0.147, 0.7163029525032092, 0.162]	[0.3581514762516046, 0.149, 0.4069319640564827, 0.166]	no-link	answer-answer	0.3582	0.267	0.2182	-0.002	-0.004	0.013	1
FRANCISCO,	DIVISION	[0.6251604621309371, 0.147, 0.7163029525032092, 0.162]	[0.4146341463414634, 0.149, 0.49293966623876767, 0.163]	no-link	answer-answer	0.3017	0.2105	0.1322	-0.002	-0.001	0.013	1
FRANCISCO,	REPORTED	[0.6251604621309371, 0.147, 0.7163029525032092, 0.162]	[0.10269576379974327, 0.151, 0.196405648267009, 0.168]	no-link	answer-question	0.6136	0.5225	0.4288	-0.004	-0.006	0.011	1
FRANCISCO,	A.	[0.6251604621309371, 0.147, 0.7163029525032092, 0.162]	[0.33119383825417203, 0.152, 0.3491655969191271, 0.166]	no-link	answer-answer	0.3851	0.294	0.276	-0.005	-0.004	0.01	1
FRANCISCO,	13/	[0.6251604621309371, 0.147, 0.7163029525032092, 0.162]	[0.24518613607188702, 0.201, 0.2631578947368421, 0.214]	no-link	answer-answer	0.4711	0.38	0.362	-0.054	-0.052	-0.039	1
FRANCISCO,	8/	[0.6251604621309371, 0.147, 0.7163029525032092, 0.162]	[0.22721437740693196, 0.203, 0.2374839537869063, 0.216]	no-link	answer-answer	0.4891	0.3979	0.3877	-0.056	-0.054	-0.041	1
FRANCISCO,	DATE:	[0.6251604621309371, 0.147, 0.7163029525032092, 0.162]	[0.17073170731707318, 0.204, 0.2233632862644416, 0.219]	no-link	answer-question	0.5456	0.4544	0.4018	-0.057	-0.057	-0.042	1
FRANCISCO,	MANUFACTURER:	[0.6251604621309371, 0.147, 0.7163029525032092, 0.162]	[0.10012836970474968, 0.254, 0.2503209242618742, 0.274]	no-link	answer-question	0.6162	0.525	0.3748	-0.107	-0.112	-0.092	1
FRANCISCO,	TOBACCO	[0.6251604621309371, 0.147, 0.7163029525032092, 0.162]	[0.4159178433889602, 0.257, 0.4839537869062901, 0.272]	no-link	answer-answer	0.3004	0.2092	0.1412	-0.11	-0.11	-0.095	1
FRANCISCO,	AMERICAN	[0.6251604621309371, 0.147, 0.7163029525032092, 0.162]	[0.3286264441591784, 0.258, 0.41078305519897307, 0.272]	no-link	answer-answer	0.3877	0.2965	0.2144	-0.111	-0.11	-0.096	1
FRANCISCO,	10'	[0.6251604621309371, 0.147, 0.7163029525032092, 0.162]	[0.4069319640564827, 0.304, 0.4326059050064185, 0.318]	no-link	answer-answer	0.3094	0.2182	0.1926	-0.157	-0.156	-0.142	1
FRANCISCO,	SPECIAL	[0.6251604621309371, 0.147, 0.7163029525032092, 0.162]	[0.3337612323491656, 0.309, 0.3979460847240051, 0.323]	no-link	answer-answer	0.3825	0.2914	0.2272	-0.162	-0.161	-0.147	1
FRANCISCO,	BRAND	[0.6251604621309371, 0.147, 0.7163029525032092, 0.162]	[0.10269576379974327, 0.31, 0.16302952503209242, 0.325]	no-link	answer-question	0.6136	0.5225	0.4621	-0.163	-0.163	-0.148	1
MANAGER,	SAN	[0.5006418485237484, 0.148, 0.576379974326059, 0.163]	[0.5866495507060334, 0.148, 0.6187419768934531, 0.163]	word-word	answer-answer	0.1181	0.0	0.086	0.0	0.0103	0.015	1
MANAGER,	REID,	[0.5006418485237484, 0.148, 0.576379974326059, 0.163]	[0.3581514762516046, 0.149, 0.4069319640564827, 0.166]	no-link	answer-answer	0.2182	0.1425	0.0937	-0.001	-0.003	0.014	1
MANAGER,	DIVISION	[0.5006418485237484, 0.148, 0.576379974326059, 0.163]	[0.4146341463414634, 0.149, 0.49293966623876767, 0.163]	no-link	answer-answer	0.1617	0.086	0.0077	-0.001	0.0	0.014	1
MANAGER,	REPORTED	[0.5006418485237484, 0.148, 0.576379974326059, 0.163]	[0.10269576379974327, 0.151, 0.196405648267009, 0.168]	no-link	answer-question	0.4737	0.3979	0.3042	-0.003	-0.005	0.012	1
MANAGER,	A.	[0.5006418485237484, 0.148, 0.576379974326059, 0.163]	[0.33119383825417203, 0.152, 0.3491655969191271, 0.166]	no-link	answer-answer	0.2452	0.1694	0.1515	-0.004	-0.003	0.011	1
MANAGER,	13/	[0.5006418485237484, 0.148, 0.576379974326059, 0.163]	[0.24518613607188702, 0.201, 0.2631578947368421, 0.214]	no-link	answer-answer	0.3312	0.2555	0.2375	-0.053	-0.051	-0.038	1
MANAGER,	8/	[0.5006418485237484, 0.148, 0.576379974326059, 0.163]	[0.22721437740693196, 0.203, 0.2374839537869063, 0.216]	no-link	answer-answer	0.3492	0.2734	0.2632	-0.055	-0.053	-0.04	1
MANAGER,	DATE:	[0.5006418485237484, 0.148, 0.576379974326059, 0.163]	[0.17073170731707318, 0.204, 0.2233632862644416, 0.219]	no-link	answer-question	0.4056	0.3299	0.2773	-0.056	-0.056	-0.041	1
MANAGER,	MANUFACTURER:	[0.5006418485237484, 0.148, 0.576379974326059, 0.163]	[0.10012836970474968, 0.254, 0.2503209242618742, 0.274]	no-link	answer-question	0.4763	0.4005	0.2503	-0.106	-0.111	-0.091	1
MANAGER,	TOBACCO	[0.5006418485237484, 0.148, 0.576379974326059, 0.163]	[0.4159178433889602, 0.257, 0.4839537869062901, 0.272]	no-link	answer-answer	0.1605	0.0847	0.0167	-0.109	-0.109	-0.094	1
MANAGER,	AMERICAN	[0.5006418485237484, 0.148, 0.576379974326059, 0.163]	[0.3286264441591784, 0.258, 0.41078305519897307, 0.272]	no-link	answer-answer	0.2478	0.172	0.0899	-0.11	-0.109	-0.095	1
MANAGER,	10'	[0.5006418485237484, 0.148, 0.576379974326059, 0.163]	[0.4069319640564827, 0.304, 0.4326059050064185, 0.318]	no-link	answer-answer	0.1694	0.0937	0.068	-0.156	-0.155	-0.141	1
MANAGER,	SPECIAL	[0.5006418485237484, 0.148, 0.576379974326059, 0.163]	[0.3337612323491656, 0.309, 0.3979460847240051, 0.323]	no-link	answer-answer	0.2426	0.1669	0.1027	-0.161	-0.16	-0.146	1
MANAGER,	BRAND	[0.5006418485237484, 0.148, 0.576379974326059, 0.163]	[0.10269576379974327, 0.31, 0.16302952503209242, 0.325]	no-link	answer-question	0.4737	0.3979	0.3376	-0.162	-0.162	-0.147	1
SAN	FRANCISCO,	[0.5866495507060334, 0.148, 0.6187419768934531, 0.163]	[0.6251604621309371, 0.147, 0.7163029525032092, 0.162]	word-word	answer-answer	0.1297	-0.001	0.0385	-0.001	0.0064	0.014	1
SAN	DIVISION	[0.5866495507060334, 0.148, 0.6187419768934531, 0.163]	[0.4146341463414634, 0.149, 0.49293966623876767, 0.163]	no-link	answer-answer	0.2041	0.172	0.0937	-0.001	0.0	0.014	1
SAN	REPORTED	[0.5866495507060334, 0.148, 0.6187419768934531, 0.163]	[0.10269576379974327, 0.151, 0.196405648267009, 0.168]	no-link	answer-question	0.516	0.484	0.3902	-0.003	-0.005	0.012	1
SAN	A.	[0.5866495507060334, 0.148, 0.6187419768934531, 0.163]	[0.33119383825417203, 0.152, 0.3491655969191271, 0.166]	no-link	answer-answer	0.2875	0.2555	0.2375	-0.004	-0.003	0.011	1
SAN	13/	[0.5866495507060334, 0.148, 0.6187419768934531, 0.163]	[0.24518613607188702, 0.201, 0.2631578947368421, 0.214]	no-link	answer-answer	0.3736	0.3415	0.3235	-0.053	-0.051	-0.038	1
SAN	8/	[0.5866495507060334, 0.148, 0.6187419768934531, 0.163]	[0.22721437740693196, 0.203, 0.2374839537869063, 0.216]	no-link	answer-answer	0.3915	0.3594	0.3492	-0.055	-0.053	-0.04	1
SAN	DATE:	[0.5866495507060334, 0.148, 0.6187419768934531, 0.163]	[0.17073170731707318, 0.204, 0.2233632862644416, 0.219]	no-link	answer-question	0.448	0.4159	0.3633	-0.056	-0.056	-0.041	1
SAN	MANUFACTURER:	[0.5866495507060334, 0.148, 0.6187419768934531, 0.163]	[0.10012836970474968, 0.254, 0.2503209242618742, 0.274]	no-link	answer-question	0.5186	0.4865	0.3363	-0.106	-0.111	-0.091	1
SAN	TOBACCO	[0.5866495507060334, 0.148, 0.6187419768934531, 0.163]	[0.4159178433889602, 0.257, 0.4839537869062901, 0.272]	no-link	answer-answer	0.2028	0.1707	0.1027	-0.109	-0.109	-0.094	1
SAN	AMERICAN	[0.5866495507060334, 0.148, 0.6187419768934531, 0.163]	[0.3286264441591784, 0.258, 0.41078305519897307, 0.272]	no-link	answer-answer	0.2901	0.258	0.1759	-0.11	-0.109	-0.095	1
SAN	10'	[0.5866495507060334, 0.148, 0.6187419768934531, 0.163]	[0.4069319640564827, 0.304, 0.4326059050064185, 0.318]	no-link	answer-answer	0.2118	0.1797	0.154	-0.156	-0.155	-0.141	1
SAN	SPECIAL	[0.5866495507060334, 0.148, 0.6187419768934531, 0.163]	[0.3337612323491656, 0.309, 0.3979460847240051, 0.323]	no-link	answer-answer	0.285	0.2529	0.1887	-0.161	-0.16	-0.146	1
SAN	BRAND	[0.5866495507060334, 0.148, 0.6187419768934531, 0.163]	[0.10269576379974327, 0.31, 0.16302952503209242, 0.325]	no-link	answer-question	0.516	0.484	0.4236	-0.162	-0.162	-0.147	1
SAN	OF	[0.5866495507060334, 0.148, 0.6187419768934531, 0.163]	[0.1527599486521181, 0.362, 0.1797175866495507, 0.377]	no-link	answer-question	0.466	0.4339	0.4069	-0.214	-0.214	-0.199	1
REID,	DIVISION	[0.3581514762516046, 0.149, 0.4069319640564827, 0.166]	[0.4146341463414634, 0.149, 0.49293966623876767, 0.163]	word-word	answer-answer	0.1348	0.0	0.0565	-0.003	0.0077	0.014	1
REID,	REPORTED	[0.3581514762516046, 0.149, 0.4069319640564827, 0.166]	[0.10269576379974327, 0.151, 0.196405648267009, 0.168]	no-link	answer-question	0.3042	0.2555	0.1617	-0.002	-0.002	0.015	1
REID,	A.	[0.3581514762516046, 0.149, 0.4069319640564827, 0.166]	[0.33119383825417203, 0.152, 0.3491655969191271, 0.166]	no-link	answer-answer	0.0757	0.027	0.009	-0.003	0.0	0.014	1
REID,	13/	[0.3581514762516046, 0.149, 0.4069319640564827, 0.166]	[0.24518613607188702, 0.201, 0.2631578947368421, 0.214]	no-link	answer-answer	0.1617	0.113	0.095	-0.052	-0.048	-0.035	1
REID,	8/	[0.3581514762516046, 0.149, 0.4069319640564827, 0.166]	[0.22721437740693196, 0.203, 0.2374839537869063, 0.216]	no-link	answer-answer	0.1797	0.1309	0.1207	-0.054	-0.05	-0.037	1
REID,	DATE:	[0.3581514762516046, 0.149, 0.4069319640564827, 0.166]	[0.17073170731707318, 0.204, 0.2233632862644416, 0.219]	no-link	answer-question	0.2362	0.1874	0.1348	-0.055	-0.053	-0.038	1
REID,	MANUFACTURER:	[0.3581514762516046, 0.149, 0.4069319640564827, 0.166]	[0.10012836970474968, 0.254, 0.2503209242618742, 0.274]	no-link	answer-question	0.3068	0.258	0.1078	-0.105	-0.108	-0.088	1
REID,	TOBACCO	[0.3581514762516046, 0.149, 0.4069319640564827, 0.166]	[0.4159178433889602, 0.257, 0.4839537869062901, 0.272]	no-link	answer-answer	-0.009	-0.0578	-0.1258	-0.108	-0.106	-0.091	1
REID,	AMERICAN	[0.3581514762516046, 0.149, 0.4069319640564827, 0.166]	[0.3286264441591784, 0.258, 0.41078305519897307, 0.272]	no-link	answer-answer	0.0783	0.0295	-0.0526	-0.109	-0.106	-0.092	1
REID,	10'	[0.3581514762516046, 0.149, 0.4069319640564827, 0.166]	[0.4069319640564827, 0.304, 0.4326059050064185, 0.318]	no-link	answer-answer	0.0	-0.0488	-0.0745	-0.155	-0.152	-0.138	1
REID,	SPECIAL	[0.3581514762516046, 0.149, 0.4069319640564827, 0.166]	[0.3337612323491656, 0.309, 0.3979460847240051, 0.323]	no-link	answer-answer	0.0732	0.0244	-0.0398	-0.16	-0.157	-0.143	1
REID,	BRAND	[0.3581514762516046, 0.149, 0.4069319640564827, 0.166]	[0.10269576379974327, 0.31, 0.16302952503209242, 0.325]	no-link	answer-question	0.3042	0.2555	0.1951	-0.161	-0.159	-0.144	1
REID,	OF	[0.3581514762516046, 0.149, 0.4069319640564827, 0.166]	[0.1527599486521181, 0.362, 0.1797175866495507, 0.377]	no-link	answer-question	0.2542	0.2054	0.1784	-0.213	-0.211	-0.196	1
REID,	TYPE	[0.3581514762516046, 0.149, 0.4069319640564827, 0.166]	[0.10397946084724005, 0.363, 0.14890885750962773, 0.378]	no-link	answer-question	0.303	0.2542	0.2092	-0.214	-0.212	-0.197	1
DIVISION	MANAGER,	[0.4146341463414634, 0.149, 0.49293966623876767, 0.163]	[0.5006418485237484, 0.148, 0.576379974326059, 0.163]	word-word	answer-answer	0.1617	-0.001	0.086	0.0	0.0077	0.014	1
DIVISION	REPORTED	[0.4146341463414634, 0.149, 0.49293966623876767, 0.163]	[0.10269576379974327, 0.151, 0.196405648267009, 0.168]	no-link	answer-question	0.3902	0.3119	0.2182	-0.002	-0.005	0.012	1
DIVISION	A.	[0.4146341463414634, 0.149, 0.49293966623876767, 0.163]	[0.33119383825417203, 0.152, 0.3491655969191271, 0.166]	no-link	answer-answer	0.1617	0.0834	0.0655	-0.003	-0.003	0.011	1
DIVISION	13/	[0.4146341463414634, 0.149, 0.49293966623876767, 0.163]	[0.24518613607188702, 0.201, 0.2631578947368421, 0.214]	no-link	answer-answer	0.2478	0.1694	0.1515	-0.052	-0.051	-0.038	1
DIVISION	8/	[0.4146341463414634, 0.149, 0.49293966623876767, 0.163]	[0.22721437740693196, 0.203, 0.2374839537869063, 0.216]	no-link	answer-answer	0.2657	0.1874	0.1772	-0.054	-0.053	-0.04	1
DIVISION	DATE:	[0.4146341463414634, 0.149, 0.49293966623876767, 0.163]	[0.17073170731707318, 0.204, 0.2233632862644416, 0.219]	no-link	answer-question	0.3222	0.2439	0.1913	-0.055	-0.056	-0.041	1
DIVISION	MANUFACTURER:	[0.4146341463414634, 0.149, 0.49293966623876767, 0.163]	[0.10012836970474968, 0.254, 0.2503209242618742, 0.274]	no-link	answer-question	0.3928	0.3145	0.1643	-0.105	-0.111	-0.091	1
DIVISION	TOBACCO	[0.4146341463414634, 0.149, 0.49293966623876767, 0.163]	[0.4159178433889602, 0.257, 0.4839537869062901, 0.272]	no-link	answer-answer	0.077	-0.0013	-0.0693	-0.108	-0.109	-0.094	1
DIVISION	AMERICAN	[0.4146341463414634, 0.149, 0.49293966623876767, 0.163]	[0.3286264441591784, 0.258, 0.41078305519897307, 0.272]	no-link	answer-answer	0.1643	0.086	0.0039	-0.109	-0.109	-0.095	1
DIVISION	10'	[0.4146341463414634, 0.149, 0.49293966623876767, 0.163]	[0.4069319640564827, 0.304, 0.4326059050064185, 0.318]	no-link	answer-answer	0.086	0.0077	-0.018	-0.155	-0.155	-0.141	1
DIVISION	SPECIAL	[0.4146341463414634, 0.149, 0.49293966623876767, 0.163]	[0.3337612323491656, 0.309, 0.3979460847240051, 0.323]	no-link	answer-answer	0.1592	0.0809	0.0167	-0.16	-0.16	-0.146	1
DIVISION	BRAND	[0.4146341463414634, 0.149, 0.49293966623876767, 0.163]	[0.10269576379974327, 0.31, 0.16302952503209242, 0.325]	no-link	answer-question	0.3902	0.3119	0.2516	-0.161	-0.162	-0.147	1
DIVISION	OF	[0.4146341463414634, 0.149, 0.49293966623876767, 0.163]	[0.1527599486521181, 0.362, 0.1797175866495507, 0.377]	no-link	answer-question	0.3402	0.2619	0.2349	-0.213	-0.214	-0.199	1
DIVISION	TYPE	[0.4146341463414634, 0.149, 0.49293966623876767, 0.163]	[0.10397946084724005, 0.363, 0.14890885750962773, 0.378]	no-link	answer-question	0.389	0.3107	0.2657	-0.214	-0.215	-0.2	1
REPORTED	DATE:	[0.10269576379974327, 0.151, 0.196405648267009, 0.168]	[0.17073170731707318, 0.204, 0.2233632862644416, 0.219]	line-line	question-question	0.1207	0.053	0.068	0.051	-0.0257	0.068	1
REPORTED	A.	[0.10269576379974327, 0.151, 0.196405648267009, 0.168]	[0.33119383825417203, 0.152, 0.3491655969191271, 0.166]	no-link	question-answer	-0.1348	-0.2285	-0.2465	-0.001	0.002	0.016	1
REPORTED	13/	[0.10269576379974327, 0.151, 0.196405648267009, 0.168]	[0.24518613607188702, 0.201, 0.2631578947368421, 0.214]	no-link	question-answer	-0.0488	-0.1425	-0.1605	-0.05	-0.046	-0.033	1
REPORTED	8/	[0.10269576379974327, 0.151, 0.196405648267009, 0.168]	[0.22721437740693196, 0.203, 0.2374839537869063, 0.216]	no-link	question-answer	-0.0308	-0.1245	-0.1348	-0.052	-0.048	-0.035	1
REPORTED	MANUFACTURER:	[0.10269576379974327, 0.151, 0.196405648267009, 0.168]	[0.10012836970474968, 0.254, 0.2503209242618742, 0.274]	no-link	question-question	0.0963	0.0026	-0.1476	-0.103	-0.106	-0.086	1
REPORTED	TOBACCO	[0.10269576379974327, 0.151, 0.196405648267009, 0.168]	[0.4159178433889602, 0.257, 0.4839537869062901, 0.272]	no-link	question-answer	-0.2195	-0.3132	-0.3813	-0.106	-0.104	-0.089	1
REPORTED	AMERICAN	[0.10269576379974327, 0.151, 0.196405648267009, 0.168]	[0.3286264441591784, 0.258, 0.41078305519897307, 0.272]	no-link	question-answer	-0.1322	-0.2259	-0.3081	-0.107	-0.104	-0.09	1
REPORTED	10'	[0.10269576379974327, 0.151, 0.196405648267009, 0.168]	[0.4069319640564827, 0.304, 0.4326059050064185, 0.318]	no-link	question-answer	-0.2105	-0.3042	-0.3299	-0.153	-0.15	-0.136	1
REPORTED	SPECIAL	[0.10269576379974327, 0.151, 0.196405648267009, 0.168]	[0.3337612323491656, 0.309, 0.3979460847240051, 0.323]	no-link	question-answer	-0.1374	-0.2311	-0.2953	-0.158	-0.155	-0.141	1
REPORTED	BRAND	[0.10269576379974327, 0.151, 0.196405648267009, 0.168]	[0.10269576379974327, 0.31, 0.16302952503209242, 0.325]	no-link	question-question	0.0937	0.0	-0.0603	-0.159	-0.157	-0.142	1
REPORTED	OF	[0.10269576379974327, 0.151, 0.196405648267009, 0.168]	[0.1527599486521181, 0.362, 0.1797175866495507, 0.377]	no-link	question-question	0.0436	-0.0501	-0.077	-0.211	-0.209	-0.194	1
REPORTED	TYPE	[0.10269576379974327, 0.151, 0.196405648267009, 0.168]	[0.10397946084724005, 0.363, 0.14890885750962773, 0.378]	no-link	question-question	0.0924	-0.0013	-0.0462	-0.212	-0.21	-0.195	1
REPORTED	SIZE	[0.10269576379974327, 0.151, 0.196405648267009, 0.168]	[0.10526315789473684, 0.432, 0.14505776636713735, 0.449]	no-link	question-question	0.0911	-0.0026	-0.0424	-0.281	-0.281	-0.264	1
REPORTED	BY:	[0.10269576379974327, 0.151, 0.196405648267009, 0.168]	[0.20282413350449294, 0.151, 0.23106546854942234, 0.168]	word-word	question-question	0.1284	0.0	0.1001	0.0	0.0064	0.017	1
REPORTED	A.	[0.10269576379974327, 0.151, 0.196405648267009, 0.168]	[0.33119383825417203, 0.152, 0.3491655969191271, 0.166]	question-answer	question-answer	0.2465	0.001	0.2285	-0.002	0.1348	0.015	1
REPORTED	OR	[0.10269576379974327, 0.151, 0.196405648267009, 0.168]	[0.14890885750962773, 0.432, 0.17715019255455713, 0.446]	no-link	question-question	0.0475	-0.0462	-0.0745	-0.281	-0.278	-0.264	1
A.	REID,	[0.33119383825417203, 0.152, 0.3491655969191271, 0.166]	[0.3581514762516046, 0.149, 0.4069319640564827, 0.166]	word-word	answer-answer	0.0757	-0.003	0.027	0.0	0.009	0.014	1
A.	8/	[0.33119383825417203, 0.152, 0.3491655969191271, 0.166]	[0.22721437740693196, 0.203, 0.2374839537869063, 0.216]	no-link	answer-answer	0.122	0.104	0.0937	-0.051	-0.05	-0.037	1
A.	DATE:	[0.33119383825417203, 0.152, 0.3491655969191271, 0.166]	[0.17073170731707318, 0.204, 0.2233632862644416, 0.219]	no-link	answer-question	0.1784	0.1605	0.1078	-0.052	-0.053	-0.038	1
A.	MANUFACTURER:	[0.33119383825417203, 0.152, 0.3491655969191271, 0.166]	[0.10012836970474968, 0.254, 0.2503209242618742, 0.274]	no-link	answer-question	0.249	0.2311	0.0809	-0.102	-0.108	-0.088	1
A.	TOBACCO	[0.33119383825417203, 0.152, 0.3491655969191271, 0.166]	[0.4159178433889602, 0.257, 0.4839537869062901, 0.272]	no-link	answer-answer	-0.0668	-0.0847	-0.1528	-0.105	-0.106	-0.091	1
A.	AMERICAN	[0.33119383825417203, 0.152, 0.3491655969191271, 0.166]	[0.3286264441591784, 0.258, 0.41078305519897307, 0.272]	no-link	answer-answer	0.0205	0.0026	-0.0796	-0.106	-0.106	-0.092	1
A.	10'	[0.33119383825417203, 0.152, 0.3491655969191271, 0.166]	[0.4069319640564827, 0.304, 0.4326059050064185, 0.318]	no-link	answer-answer	-0.0578	-0.0757	-0.1014	-0.152	-0.152	-0.138	1
A.	SPECIAL	[0.33119383825417203, 0.152, 0.3491655969191271, 0.166]	[0.3337612323491656, 0.309, 0.3979460847240051, 0.323]	no-link	answer-answer	0.0154	-0.0026	-0.0668	-0.157	-0.157	-0.143	1
A.	BRAND	[0.33119383825417203, 0.152, 0.3491655969191271, 0.166]	[0.10269576379974327, 0.31, 0.16302952503209242, 0.325]	no-link	answer-question	0.2465	0.2285	0.1682	-0.158	-0.159	-0.144	1
A.	OF	[0.33119383825417203, 0.152, 0.3491655969191271, 0.166]	[0.1527599486521181, 0.362, 0.1797175866495507, 0.377]	no-link	answer-question	0.1964	0.1784	0.1515	-0.21	-0.211	-0.196	1
A.	TYPE	[0.33119383825417203, 0.152, 0.3491655969191271, 0.166]	[0.10397946084724005, 0.363, 0.14890885750962773, 0.378]	no-link	answer-question	0.2452	0.2272	0.1823	-0.211	-0.212	-0.197	1
A.	SIZE	[0.33119383825417203, 0.152, 0.3491655969191271, 0.166]	[0.10526315789473684, 0.432, 0.14505776636713735, 0.449]	no-link	answer-question	0.2439	0.2259	0.1861	-0.28	-0.283	-0.266	1
A.	OR	[0.33119383825417203, 0.152, 0.3491655969191271, 0.166]	[0.14890885750962773, 0.432, 0.17715019255455713, 0.446]	no-link	answer-question	0.2003	0.1823	0.154	-0.28	-0.28	-0.266	1
A.	LIST	[0.33119383825417203, 0.152, 0.3491655969191271, 0.166]	[0.10397946084724005, 0.486, 0.14377406931964057, 0.501]	no-link	answer-question	0.2452	0.2272	0.1874	-0.334	-0.335	-0.32	1
13/	93	[0.24518613607188702, 0.201, 0.2631578947368421, 0.214]	[0.27214377406931967, 0.201, 0.2939666238767651, 0.215]	word-word	answer-answer	0.0488	0.0	0.027	0.001	0.009	0.014	2
13/	DATE:	[0.24518613607188702, 0.201, 0.2631578947368421, 0.214]	[0.17073170731707318, 0.204, 0.2233632862644416, 0.219]	no-link	answer-question	0.0924	0.0745	0.0218	-0.003	-0.005	0.01	2
13/	MANUFACTURER:	[0.24518613607188702, 0.201, 0.2631578947368421, 0.214]	[0.10012836970474968, 0.254, 0.2503209242618742, 0.274]	no-link	answer-question	0.163	0.1451	-0.0051	-0.053	-0.06	-0.04	2
13/	TOBACCO	[0.24518613607188702, 0.201, 0.2631578947368421, 0.214]	[0.4159178433889602, 0.257, 0.4839537869062901, 0.272]	no-link	answer-answer	-0.1528	-0.1707	-0.2388	-0.056	-0.058	-0.043	2
13/	AMERICAN	[0.24518613607188702, 0.201, 0.2631578947368421, 0.214]	[0.3286264441591784, 0.258, 0.41078305519897307, 0.272]	no-link	answer-answer	-0.0655	-0.0834	-0.1656	-0.057	-0.058	-0.044	2
13/	10'	[0.24518613607188702, 0.201, 0.2631578947368421, 0.214]	[0.4069319640564827, 0.304, 0.4326059050064185, 0.318]	no-link	answer-answer	-0.1438	-0.1617	-0.1874	-0.103	-0.104	-0.09	2
13/	SPECIAL	[0.24518613607188702, 0.201, 0.2631578947368421, 0.214]	[0.3337612323491656, 0.309, 0.3979460847240051, 0.323]	no-link	answer-answer	-0.0706	-0.0886	-0.1528	-0.108	-0.109	-0.095	2
13/	BRAND	[0.24518613607188702, 0.201, 0.2631578947368421, 0.214]	[0.10269576379974327, 0.31, 0.16302952503209242, 0.325]	no-link	answer-question	0.1605	0.1425	0.0822	-0.109	-0.111	-0.096	2
13/	OF	[0.24518613607188702, 0.201, 0.2631578947368421, 0.214]	[0.1527599486521181, 0.362, 0.1797175866495507, 0.377]	no-link	answer-question	0.1104	0.0924	0.0655	-0.161	-0.163	-0.148	2
13/	TYPE	[0.24518613607188702, 0.201, 0.2631578947368421, 0.214]	[0.10397946084724005, 0.363, 0.14890885750962773, 0.378]	no-link	answer-question	0.1592	0.1412	0.0963	-0.162	-0.164	-0.149	2
13/	SIZE	[0.24518613607188702, 0.201, 0.2631578947368421, 0.214]	[0.10526315789473684, 0.432, 0.14505776636713735, 0.449]	no-link	answer-question	0.1579	0.1399	0.1001	-0.231	-0.235	-0.218	2
13/	OR	[0.24518613607188702, 0.201, 0.2631578947368421, 0.214]	[0.14890885750962773, 0.432, 0.17715019255455713, 0.446]	no-link	answer-question	0.1142	0.0963	0.068	-0.231	-0.232	-0.218	2
13/	LIST	[0.24518613607188702, 0.201, 0.2631578947368421, 0.214]	[0.10397946084724005, 0.486, 0.14377406931964057, 0.501]	no-link	answer-question	0.1592	0.1412	0.1014	-0.285	-0.287	-0.272	2
8/	13/	[0.22721437740693196, 0.203, 0.2374839537869063, 0.216]	[0.24518613607188702, 0.201, 0.2631578947368421, 0.214]	word-word	answer-answer	0.0359	-0.002	0.018	-0.002	0.0077	0.011	2
8/	DATE:	[0.22721437740693196, 0.203, 0.2374839537869063, 0.216]	[0.17073170731707318, 0.204, 0.2233632862644416, 0.219]	no-link	answer-question	0.0668	0.0565	0.0039	-0.001	-0.003	0.012	2
8/	MANUFACTURER:	[0.22721437740693196, 0.203, 0.2374839537869063, 0.216]	[0.10012836970474968, 0.254, 0.2503209242618742, 0.274]	no-link	answer-question	0.1374	0.1271	-0.0231	-0.051	-0.058	-0.038	2
8/	TOBACCO	[0.22721437740693196, 0.203, 0.2374839537869063, 0.216]	[0.4159178433889602, 0.257, 0.4839537869062901, 0.272]	no-link	answer-answer	-0.1784	-0.1887	-0.2567	-0.054	-0.056	-0.041	2
8/	AMERICAN	[0.22721437740693196, 0.203, 0.2374839537869063, 0.216]	[0.3286264441591784, 0.258, 0.41078305519897307, 0.272]	no-link	answer-answer	-0.0911	-0.1014	-0.1836	-0.055	-0.056	-0.042	2
8/	10'	[0.22721437740693196, 0.203, 0.2374839537869063, 0.216]	[0.4069319640564827, 0.304, 0.4326059050064185, 0.318]	no-link	answer-answer	-0.1694	-0.1797	-0.2054	-0.101	-0.102	-0.088	2
8/	SPECIAL	[0.22721437740693196, 0.203, 0.2374839537869063, 0.216]	[0.3337612323491656, 0.309, 0.3979460847240051, 0.323]	no-link	answer-answer	-0.0963	-0.1065	-0.1707	-0.106	-0.107	-0.093	2
8/	BRAND	[0.22721437740693196, 0.203, 0.2374839537869063, 0.216]	[0.10269576379974327, 0.31, 0.16302952503209242, 0.325]	no-link	answer-question	0.1348	0.1245	0.0642	-0.107	-0.109	-0.094	2
8/	OF	[0.22721437740693196, 0.203, 0.2374839537869063, 0.216]	[0.1527599486521181, 0.362, 0.1797175866495507, 0.377]	no-link	answer-question	0.0847	0.0745	0.0475	-0.159	-0.161	-0.146	2
8/	TYPE	[0.22721437740693196, 0.203, 0.2374839537869063, 0.216]	[0.10397946084724005, 0.363, 0.14890885750962773, 0.378]	no-link	answer-question	0.1335	0.1232	0.0783	-0.16	-0.162	-0.147	2
8/	SIZE	[0.22721437740693196, 0.203, 0.2374839537869063, 0.216]	[0.10526315789473684, 0.432, 0.14505776636713735, 0.449]	no-link	answer-question	0.1322	0.122	0.0822	-0.229	-0.233	-0.216	2
8/	OR	[0.22721437740693196, 0.203, 0.2374839537869063, 0.216]	[0.14890885750962773, 0.432, 0.17715019255455713, 0.446]	no-link	answer-question	0.0886	0.0783	0.0501	-0.229	-0.23	-0.216	2
8/	LIST	[0.22721437740693196, 0.203, 0.2374839537869063, 0.216]	[0.10397946084724005, 0.486, 0.14377406931964057, 0.501]	no-link	answer-question	0.1335	0.1232	0.0834	-0.283	-0.285	-0.27	2
DATE:	TIME:	[0.17073170731707318, 0.204, 0.2233632862644416, 0.219]	[0.3337612323491656, 0.203, 0.37869062901155326, 0.217]	question-question	question-question	0.208	-0.001	0.163	-0.002	0.1104	0.013	2
DATE:	MANUFACTURER:	[0.17073170731707318, 0.204, 0.2233632862644416, 0.219]	[0.10012836970474968, 0.254, 0.2503209242618742, 0.274]	no-link	question-question	0.1232	0.0706	-0.0796	-0.05	-0.055	-0.035	2
DATE:	TOBACCO	[0.17073170731707318, 0.204, 0.2233632862644416, 0.219]	[0.4159178433889602, 0.257, 0.4839537869062901, 0.272]	no-link	question-answer	-0.1926	-0.2452	-0.3132	-0.053	-0.053	-0.038	2
DATE:	AMERICAN	[0.17073170731707318, 0.204, 0.2233632862644416, 0.219]	[0.3286264441591784, 0.258, 0.41078305519897307, 0.272]	no-link	question-answer	-0.1053	-0.1579	-0.2401	-0.054	-0.053	-0.039	2
DATE:	10'	[0.17073170731707318, 0.204, 0.2233632862644416, 0.219]	[0.4069319640564827, 0.304, 0.4326059050064185, 0.318]	no-link	question-answer	-0.1836	-0.2362	-0.2619	-0.1	-0.099	-0.085	2
DATE:	SPECIAL	[0.17073170731707318, 0.204, 0.2233632862644416, 0.219]	[0.3337612323491656, 0.309, 0.3979460847240051, 0.323]	no-link	question-answer	-0.1104	-0.163	-0.2272	-0.105	-0.104	-0.09	2
DATE:	BRAND	[0.17073170731707318, 0.204, 0.2233632862644416, 0.219]	[0.10269576379974327, 0.31, 0.16302952503209242, 0.325]	no-link	question-question	0.1207	0.068	0.0077	-0.106	-0.106	-0.091	2
DATE:	OF	[0.17073170731707318, 0.204, 0.2233632862644416, 0.219]	[0.1527599486521181, 0.362, 0.1797175866495507, 0.377]	no-link	question-question	0.0706	0.018	-0.009	-0.158	-0.158	-0.143	2
DATE:	TYPE	[0.17073170731707318, 0.204, 0.2233632862644416, 0.219]	[0.10397946084724005, 0.363, 0.14890885750962773, 0.378]	no-link	question-question	0.1194	0.0668	0.0218	-0.159	-0.159	-0.144	2
DATE:	SIZE	[0.17073170731707318, 0.204, 0.2233632862644416, 0.219]	[0.10526315789473684, 0.432, 0.14505776636713735, 0.449]	no-link	question-question	0.1181	0.0655	0.0257	-0.228	-0.23	-0.213	2
DATE:	OR	[0.17073170731707318, 0.204, 0.2233632862644416, 0.219]	[0.14890885750962773, 0.432, 0.17715019255455713, 0.446]	no-link	question-question	0.0745	0.0218	-0.0064	-0.228	-0.227	-0.213	2
DATE:	LIST	[0.17073170731707318, 0.204, 0.2233632862644416, 0.219]	[0.10397946084724005, 0.486, 0.14377406931964057, 0.501]	no-link	question-question	0.1194	0.0668	0.027	-0.282	-0.282	-0.267	2
DATE:	EXTENT	[0.17073170731707318, 0.204, 0.2233632862644416, 0.219]	[0.10397946084724005, 0.538, 0.17329910141206675, 0.552]	no-link	question-question	0.1194	0.0668	-0.0026	-0.334	-0.333	-0.319	2
DATE:	MANUFACTURER:	[0.17073170731707318, 0.204, 0.2233632862644416, 0.219]	[0.10012836970474968, 0.254, 0.2503209242618742, 0.274]	line-line	question-question	0.0796	0.05	-0.0706	0.055	-0.1232	0.07	2
DATE:	8/	[0.17073170731707318, 0.204, 0.2233632862644416, 0.219]	[0.22721437740693196, 0.203, 0.2374839537869063, 0.216]	question-answer	question-answer	0.0668	-0.001	0.0565	-0.003	0.0039	0.012	2
DATE:	OTHER	[0.17073170731707318, 0.204, 0.2233632862644416, 0.219]	[0.10783055198973042, 0.642, 0.1681643132220796, 0.657]	no-link	question-question	0.1155	0.0629	0.0026	-0.438	-0.438	-0.423	2
MANUFACTURER:	BRAND	[0.10012836970474968, 0.254, 0.2503209242618742, 0.274]	[0.10269576379974327, 0.31, 0.16302952503209242, 0.325]	line-line	question-question	0.0629	0.056	0.0026	0.051	-0.1476	0.071	3
MANUFACTURER:	TOBACCO	[0.10012836970474968, 0.254, 0.2503209242618742, 0.274]	[0.4159178433889602, 0.257, 0.4839537869062901, 0.272]	no-link	question-answer	-0.1656	-0.3158	-0.3838	-0.003	0.002	0.017	3
MANUFACTURER:	AMERICAN	[0.10012836970474968, 0.254, 0.2503209242618742, 0.274]	[0.3286264441591784, 0.258, 0.41078305519897307, 0.272]	no-link	question-answer	-0.0783	-0.2285	-0.3107	-0.004	0.002	0.016	3
MANUFACTURER:	10'	[0.10012836970474968, 0.254, 0.2503209242618742, 0.274]	[0.4069319640564827, 0.304, 0.4326059050064185, 0.318]	no-link	question-answer	-0.1566	-0.3068	-0.3325	-0.05	-0.044	-0.03	3
MANUFACTURER:	SPECIAL	[0.10012836970474968, 0.254, 0.2503209242618742, 0.274]	[0.3337612323491656, 0.309, 0.3979460847240051, 0.323]	no-link	question-answer	-0.0834	-0.2336	-0.2978	-0.055	-0.049	-0.035	3
MANUFACTURER:	OF	[0.10012836970474968, 0.254, 0.2503209242618742, 0.274]	[0.1527599486521181, 0.362, 0.1797175866495507, 0.377]	no-link	question-question	0.0976	-0.0526	-0.0796	-0.108	-0.103	-0.088	3
MANUFACTURER:	TYPE	[0.10012836970474968, 0.254, 0.2503209242618742, 0.274]	[0.10397946084724005, 0.363, 0.14890885750962773, 0.378]	no-link	question-question	0.1463	-0.0039	-0.0488	-0.109	-0.104	-0.089	3
MANUFACTURER:	SIZE	[0.10012836970474968, 0.254, 0.2503209242618742, 0.274]	[0.10526315789473684, 0.432, 0.14505776636713735, 0.449]	no-link	question-question	0.1451	-0.0051	-0.0449	-0.178	-0.175	-0.158	3
MANUFACTURER:	OR	[0.10012836970474968, 0.254, 0.2503209242618742, 0.274]	[0.14890885750962773, 0.432, 0.17715019255455713, 0.446]	no-link	question-question	0.1014	-0.0488	-0.077	-0.178	-0.172	-0.158	3
MANUFACTURER:	LIST	[0.10012836970474968, 0.254, 0.2503209242618742, 0.274]	[0.10397946084724005, 0.486, 0.14377406931964057, 0.501]	no-link	question-question	0.1463	-0.0039	-0.0436	-0.232	-0.227	-0.212	3
MANUFACTURER:	EXTENT	[0.10012836970474968, 0.254, 0.2503209242618742, 0.274]	[0.10397946084724005, 0.538, 0.17329910141206675, 0.552]	no-link	question-question	0.1463	-0.0039	-0.0732	-0.284	-0.278	-0.264	3
MANUFACTURER:	OTHER	[0.10012836970474968, 0.254, 0.2503209242618742, 0.274]	[0.10783055198973042, 0.642, 0.1681643132220796, 0.657]	no-link	question-question	0.1425	-0.0077	-0.068	-0.388	-0.383	-0.368	3
MANUFACTURER:	AMERICAN	[0.10012836970474968, 0.254, 0.2503209242618742, 0.274]	[0.3286264441591784, 0.258, 0.41078305519897307, 0.272]	question-answer	question-answer	0.3107	0.004	0.2285	-0.002	0.0783	0.018	3
MANUFACTURER:	NO.	[0.10012836970474968, 0.254, 0.2503209242618742, 0.274]	[0.6187419768934531, 0.654, 0.6508344030808729, 0.667]	no-link	question-answer	-0.3684	-0.5186	-0.5507	-0.4	-0.393	-0.38	3
TOBACCO	COMPANY	[0.4159178433889602, 0.257, 0.4839537869062901, 0.272]	[0.49165596919127086, 0.256, 0.5596919127086007, 0.271]	word-word	answer-answer	0.1438	-0.001	0.0757	-0.001	0.0077	0.014	3
TOBACCO	10'	[0.4159178433889602, 0.257, 0.4839537869062901, 0.272]	[0.4069319640564827, 0.304, 0.4326059050064185, 0.318]	no-link	answer-answer	0.077	0.009	-0.0167	-0.047	-0.046	-0.032	3
TOBACCO	SPECIAL	[0.4159178433889602, 0.257, 0.4839537869062901, 0.272]	[0.3337612323491656, 0.309, 0.3979460847240051, 0.323]	no-link	answer-answer	0.1502	0.0822	0.018	-0.052	-0.051	-0.037	3
TOBACCO	BRAND	[0.4159178433889602, 0.257, 0.4839537869062901, 0.272]	[0.10269576379974327, 0.31, 0.16302952503209242, 0.325]	no-link	answer-question	0.3813	0.3132	0.2529	-0.053	-0.053	-0.038	3
TOBACCO	OF	[0.4159178433889602, 0.257, 0.4839537869062901, 0.272]	[0.1527599486521181, 0.362, 0.1797175866495507, 0.377]	no-link	answer-question	0.3312	0.2632	0.2362	-0.105	-0.105	-0.09	3
TOBACCO	TYPE	[0.4159178433889602, 0.257, 0.4839537869062901, 0.272]	[0.10397946084724005, 0.363, 0.14890885750962773, 0.378]	no-link	answer-question	0.38	0.3119	0.267	-0.106	-0.106	-0.091	3
TOBACCO	SIZE	[0.4159178433889602, 0.257, 0.4839537869062901, 0.272]	[0.10526315789473684, 0.432, 0.14505776636713735, 0.449]	no-link	answer-question	0.3787	0.3107	0.2709	-0.175	-0.177	-0.16	3
TOBACCO	OR	[0.4159178433889602, 0.257, 0.4839537869062901, 0.272]	[0.14890885750962773, 0.432, 0.17715019255455713, 0.446]	no-link	answer-question	0.335	0.267	0.2388	-0.175	-0.174	-0.16	3
TOBACCO	LIST	[0.4159178433889602, 0.257, 0.4839537869062901, 0.272]	[0.10397946084724005, 0.486, 0.14377406931964057, 0.501]	no-link	answer-question	0.38	0.3119	0.2721	-0.229	-0.229	-0.214	3
TOBACCO	EXTENT	[0.4159178433889602, 0.257, 0.4839537869062901, 0.272]	[0.10397946084724005, 0.538, 0.17329910141206675, 0.552]	no-link	answer-question	0.38	0.3119	0.2426	-0.281	-0.28	-0.266	3
TOBACCO	OTHER	[0.4159178433889602, 0.257, 0.4839537869062901, 0.272]	[0.10783055198973042, 0.642, 0.1681643132220796, 0.657]	no-link	answer-question	0.3761	0.3081	0.2478	-0.385	-0.385	-0.37	3
TOBACCO	NO.	[0.4159178433889602, 0.257, 0.4839537869062901, 0.272]	[0.6187419768934531, 0.654, 0.6508344030808729, 0.667]	no-link	answer-answer	-0.1348	-0.2028	-0.2349	-0.397	-0.395	-0.382	3
AMERICAN	TOBACCO	[0.3286264441591784, 0.258, 0.41078305519897307, 0.272]	[0.4159178433889602, 0.257, 0.4839537869062901, 0.272]	word-word	answer-answer	0.1553	-0.001	0.0873	0.0	0.0051	0.014	3
AMERICAN	SPECIAL	[0.3286264441591784, 0.258, 0.41078305519897307, 0.272]	[0.3337612323491656, 0.309, 0.3979460847240051, 0.323]	no-link	answer-answer	0.077	-0.0051	-0.0693	-0.051	-0.051	-0.037	3
AMERICAN	BRAND	[0.3286264441591784, 0.258, 0.41078305519897307, 0.272]	[0.10269576379974327, 0.31, 0.16302952503209242, 0.325]	no-link	answer-question	0.3081	0.2259	0.1656	-0.052	-0.053	-0.038	3
AMERICAN	OF	[0.3286264441591784, 0.258, 0.41078305519897307, 0.272]	[0.1527599486521181, 0.362, 0.1797175866495507, 0.377]	no-link	answer-question	0.258	0.1759	0.1489	-0.104	-0.105	-0.09	3
AMERICAN	TYPE	[0.3286264441591784, 0.258, 0.41078305519897307, 0.272]	[0.10397946084724005, 0.363, 0.14890885750962773, 0.378]	no-link	answer-question	0.3068	0.2246	0.1797	-0.105	-0.106	-0.091	3
AMERICAN	SIZE	[0.3286264441591784, 0.258, 0.41078305519897307, 0.272]	[0.10526315789473684, 0.432, 0.14505776636713735, 0.449]	no-link	answer-question	0.3055	0.2234	0.1836	-0.174	-0.177	-0.16	3
AMERICAN	OR	[0.3286264441591784, 0.258, 0.41078305519897307, 0.272]	[0.14890885750962773, 0.432, 0.17715019255455713, 0.446]	no-link	answer-question	0.2619	0.1797	0.1515	-0.174	-0.174	-0.16	3
AMERICAN	LIST	[0.3286264441591784, 0.258, 0.41078305519897307, 0.272]	[0.10397946084724005, 0.486, 0.14377406931964057, 0.501]	no-link	answer-question	0.3068	0.2246	0.1849	-0.228	-0.229	-0.214	3
AMERICAN	EXTENT	[0.3286264441591784, 0.258, 0.41078305519897307, 0.272]	[0.10397946084724005, 0.538, 0.17329910141206675, 0.552]	no-link	answer-question	0.3068	0.2246	0.1553	-0.28	-0.28	-0.266	3
AMERICAN	OTHER	[0.3286264441591784, 0.258, 0.41078305519897307, 0.272]	[0.10783055198973042, 0.642, 0.1681643132220796, 0.657]	no-link	answer-question	0.303	0.2208	0.1605	-0.384	-0.385	-0.37	3
AMERICAN	NO.	[0.3286264441591784, 0.258, 0.41078305519897307, 0.272]	[0.6187419768934531, 0.654, 0.6508344030808729, 0.667]	no-link	answer-answer	-0.208	-0.2901	-0.3222	-0.396	-0.395	-0.382	3
AMERICAN	CIRCULAR	[0.3286264441591784, 0.258, 0.41078305519897307, 0.272]	[0.5365853658536586, 0.655, 0.6123234916559692, 0.668]	no-link	answer-answer	-0.1258	-0.208	-0.2837	-0.397	-0.396	-0.383	3
10'	s	[0.4069319640564827, 0.304, 0.4326059050064185, 0.318]	[0.43774069319640563, 0.306, 0.4467265725288832, 0.32]	word-word	answer-answer	0.0398	0.002	0.0308	0.002	0.0051	0.016	4
10'	BRAND	[0.4069319640564827, 0.304, 0.4326059050064185, 0.318]	[0.10269576379974327, 0.31, 0.16302952503209242, 0.325]	no-link	answer-question	0.3299	0.3042	0.2439	-0.006	-0.007	0.008	4
10'	OF	[0.4069319640564827, 0.304, 0.4326059050064185, 0.318]	[0.1527599486521181, 0.362, 0.1797175866495507, 0.377]	no-link	answer-question	0.2798	0.2542	0.2272	-0.058	-0.059	-0.044	4
10'	TYPE	[0.4069319640564827, 0.304, 0.4326059050064185, 0.318]	[0.10397946084724005, 0.363, 0.14890885750962773, 0.378]	no-link	answer-question	0.3286	0.303	0.258	-0.059	-0.06	-0.045	4
10'	SIZE	[0.4069319640564827, 0.304, 0.4326059050064185, 0.318]	[0.10526315789473684, 0.432, 0.14505776636713735, 0.449]	no-link	answer-question	0.3273	0.3017	0.2619	-0.128	-0.131	-0.114	4
10'	OR	[0.4069319640564827, 0.304, 0.4326059050064185, 0.318]	[0.14890885750962773, 0.432, 0.17715019255455713, 0.446]	no-link	answer-question	0.2837	0.258	0.2298	-0.128	-0.128	-0.114	4
10'	LIST	[0.4069319640564827, 0.304, 0.4326059050064185, 0.318]	[0.10397946084724005, 0.486, 0.14377406931964057, 0.501]	no-link	answer-question	0.3286	0.303	0.2632	-0.182	-0.183	-0.168	4
10'	EXTENT	[0.4069319640564827, 0.304, 0.4326059050064185, 0.318]	[0.10397946084724005, 0.538, 0.17329910141206675, 0.552]	no-link	answer-question	0.3286	0.303	0.2336	-0.234	-0.234	-0.22	4
10'	OTHER	[0.4069319640564827, 0.304, 0.4326059050064185, 0.318]	[0.10783055198973042, 0.642, 0.1681643132220796, 0.657]	no-link	answer-question	0.3248	0.2991	0.2388	-0.338	-0.339	-0.324	4
10'	NO.	[0.4069319640564827, 0.304, 0.4326059050064185, 0.318]	[0.6187419768934531, 0.654, 0.6508344030808729, 0.667]	no-link	answer-answer	-0.1861	-0.2118	-0.2439	-0.35	-0.349	-0.336	4
10'	CIRCULAR	[0.4069319640564827, 0.304, 0.4326059050064185, 0.318]	[0.5365853658536586, 0.655, 0.6123234916559692, 0.668]	no-link	answer-answer	-0.104	-0.1297	-0.2054	-0.351	-0.35	-0.337	4
10'	ATTACHED	[0.4069319640564827, 0.304, 0.4326059050064185, 0.318]	[0.3748395378690629, 0.656, 0.45186136071887034, 0.67]	no-link	answer-answer	0.0578	0.0321	-0.0449	-0.352	-0.352	-0.338	4
SPECIAL	10'	[0.3337612323491656, 0.309, 0.3979460847240051, 0.323]	[0.4069319640564827, 0.304, 0.4326059050064185, 0.318]	word-word	answer-answer	0.0988	-0.005	0.0732	-0.005	0.009	0.009	4
SPECIAL	BRAND	[0.3337612323491656, 0.309, 0.3979460847240051, 0.323]	[0.10269576379974327, 0.31, 0.16302952503209242, 0.325]	no-link	answer-question	0.2953	0.2311	0.1707	-0.001	-0.002	0.013	4
SPECIAL	OF	[0.3337612323491656, 0.309, 0.3979460847240051, 0.323]	[0.1527599486521181, 0.362, 0.1797175866495507, 0.377]	no-link	answer-question	0.2452	0.181	0.154	-0.053	-0.054	-0.039	4
SPECIAL	TYPE	[0.3337612323491656, 0.309, 0.3979460847240051, 0.323]	[0.10397946084724005, 0.363, 0.14890885750962773, 0.378]	no-link	answer-question	0.294	0.2298	0.1849	-0.054	-0.055	-0.04	4
SPECIAL	SIZE	[0.3337612323491656, 0.309, 0.3979460847240051, 0.323]	[0.10526315789473684, 0.432, 0.14505776636713735, 0.449]	no-link	answer-question	0.2927	0.2285	0.1887	-0.123	-0.126	-0.109	4
SPECIAL	OR	[0.3337612323491656, 0.309, 0.3979460847240051, 0.323]	[0.14890885750962773, 0.432, 0.17715019255455713, 0.446]	no-link	answer-question	0.249	0.1849	0.1566	-0.123	-0.123	-0.109	4
SPECIAL	LIST	[0.3337612323491656, 0.309, 0.3979460847240051, 0.323]	[0.10397946084724005, 0.486, 0.14377406931964057, 0.501]	no-link	answer-question	0.294	0.2298	0.19	-0.177	-0.178	-0.163	4
SPECIAL	EXTENT	[0.3337612323491656, 0.309, 0.3979460847240051, 0.323]	[0.10397946084724005, 0.538, 0.17329910141206675, 0.552]	no-link	answer-question	0.294	0.2298	0.1605	-0.229	-0.229	-0.215	4
SPECIAL	OTHER	[0.3337612323491656, 0.309, 0.3979460847240051, 0.323]	[0.10783055198973042, 0.642, 0.1681643132220796, 0.657]	no-link	answer-question	0.2901	0.2259	0.1656	-0.333	-0.334	-0.319	4
SPECIAL	NO.	[0.3337612323491656, 0.309, 0.3979460847240051, 0.323]	[0.6187419768934531, 0.654, 0.6508344030808729, 0.667]	no-link	answer-answer	-0.2208	-0.285	-0.3171	-0.345	-0.344	-0.331	4
SPECIAL	CIRCULAR	[0.3337612323491656, 0.309, 0.3979460847240051, 0.323]	[0.5365853658536586, 0.655, 0.6123234916559692, 0.668]	no-link	answer-answer	-0.1386	-0.2028	-0.2786	-0.346	-0.345	-0.332	4
SPECIAL	ATTACHED	[0.3337612323491656, 0.309, 0.3979460847240051, 0.323]	[0.3748395378690629, 0.656, 0.45186136071887034, 0.67]	no-link	answer-answer	0.0231	-0.0411	-0.1181	-0.347	-0.347	-0.333	4
SPECIAL	COPY	[0.3337612323491656, 0.309, 0.3979460847240051, 0.323]	[0.4595635430038511, 0.656, 0.496790757381258, 0.67]	no-link	answer-answer	-0.0616	-0.1258	-0.163	-0.347	-0.347	-0.333	4
BRAND	TYPE	[0.10269576379974327, 0.31, 0.16302952503209242, 0.325]	[0.10397946084724005, 0.363, 0.14890885750962773, 0.378]	line-line	question-question	0.0462	0.053	0.0013	0.053	-0.0591	0.068	4
BRAND	OF	[0.10269576379974327, 0.31, 0.16302952503209242, 0.325]	[0.1527599486521181, 0.362, 0.1797175866495507, 0.377]	no-link	question-question	0.0103	-0.0501	-0.077	-0.052	-0.052	-0.037	4
BRAND	SIZE	[0.10269576379974327, 0.31, 0.16302952503209242, 0.325]	[0.10526315789473684, 0.432, 0.14505776636713735, 0.449]	no-link	question-question	0.0578	-0.0026	-0.0424	-0.122	-0.124	-0.107	4
BRAND	OR	[0.10269576379974327, 0.31, 0.16302952503209242, 0.325]	[0.14890885750962773, 0.432, 0.17715019255455713, 0.446]	no-link	question-question	0.0141	-0.0462	-0.0745	-0.122	-0.121	-0.107	4
BRAND	LIST	[0.10269576379974327, 0.31, 0.16302952503209242, 0.325]	[0.10397946084724005, 0.486, 0.14377406931964057, 0.501]	no-link	question-question	0.0591	-0.0013	-0.0411	-0.176	-0.176	-0.161	4
BRAND	EXTENT	[0.10269576379974327, 0.31, 0.16302952503209242, 0.325]	[0.10397946084724005, 0.538, 0.17329910141206675, 0.552]	no-link	question-question	0.0591	-0.0013	-0.0706	-0.228	-0.227	-0.213	4
BRAND	OTHER	[0.10269576379974327, 0.31, 0.16302952503209242, 0.325]	[0.10783055198973042, 0.642, 0.1681643132220796, 0.657]	no-link	question-question	0.0552	-0.0051	-0.0655	-0.332	-0.332	-0.317	4
BRAND	NO.	[0.10269576379974327, 0.31, 0.16302952503209242, 0.325]	[0.6187419768934531, 0.654, 0.6508344030808729, 0.667]	no-link	question-answer	-0.4557	-0.516	-0.5481	-0.344	-0.342	-0.329	4
BRAND	CIRCULAR	[0.10269576379974327, 0.31, 0.16302952503209242, 0.325]	[0.5365853658536586, 0.655, 0.6123234916559692, 0.668]	no-link	question-answer	-0.3736	-0.4339	-0.5096	-0.345	-0.343	-0.33	4
BRAND	ATTACHED	[0.10269576379974327, 0.31, 0.16302952503209242, 0.325]	[0.3748395378690629, 0.656, 0.45186136071887034, 0.67]	no-link	question-answer	-0.2118	-0.2721	-0.3492	-0.346	-0.345	-0.331	4
BRAND	COPY	[0.10269576379974327, 0.31, 0.16302952503209242, 0.325]	[0.4595635430038511, 0.656, 0.496790757381258, 0.67]	no-link	question-answer	-0.2965	-0.3569	-0.3941	-0.346	-0.345	-0.331	4
BRAND	SEE	[0.10269576379974327, 0.31, 0.16302952503209242, 0.325]	[0.337612323491656, 0.658, 0.3684210526315789, 0.671]	no-link	question-answer	-0.1746	-0.2349	-0.2657	-0.348	-0.346	-0.333	4
BRAND	NAME:	[0.10269576379974327, 0.31, 0.16302952503209242, 0.325]	[0.17073170731707318, 0.309, 0.22849807445442877, 0.327]	word-word	question-question	0.1258	-0.001	0.068	0.002	0.0077	0.017	4
BRAND	SPECIAL	[0.10269576379974327, 0.31, 0.16302952503209242, 0.325]	[0.3337612323491656, 0.309, 0.3979460847240051, 0.323]	question-answer	question-answer	0.2953	-0.001	0.2311	-0.002	0.1707	0.013	4
OF	PRODUCT:	[0.1527599486521181, 0.362, 0.1797175866495507, 0.377]	[0.10269576379974327, 0.381, 0.1925545571245186, 0.396]	word-word	question-question	0.0398	0.019	-0.0501	0.019	-0.077	0.034	5
OF	TYPE	[0.1527599486521181, 0.362, 0.1797175866495507, 0.377]	[0.10397946084724005, 0.363, 0.14890885750962773, 0.378]	no-link	question-question	0.0757	0.0488	0.0039	-0.001	-0.001	0.014	5
OF	SIZE	[0.1527599486521181, 0.362, 0.1797175866495507, 0.377]	[0.10526315789473684, 0.432, 0.14505776636713735, 0.449]	no-link	question-question	0.0745	0.0475	0.0077	-0.07	-0.072	-0.055	5
OF	OR	[0.1527599486521181, 0.362, 0.1797175866495507, 0.377]	[0.14890885750962773, 0.432, 0.17715019255455713, 0.446]	no-link	question-question	0.0308	0.0039	-0.0244	-0.07	-0.069	-0.055	5
OF	LIST	[0.1527599486521181, 0.362, 0.1797175866495507, 0.377]	[0.10397946084724005, 0.486, 0.14377406931964057, 0.501]	no-link	question-question	0.0757	0.0488	0.009	-0.124	-0.124	-0.109	5
OF	EXTENT	[0.1527599486521181, 0.362, 0.1797175866495507, 0.377]	[0.10397946084724005, 0.538, 0.17329910141206675, 0.552]	no-link	question-question	0.0757	0.0488	-0.0205	-0.176	-0.175	-0.161	5
OF	OTHER	[0.1527599486521181, 0.362, 0.1797175866495507, 0.377]	[0.10783055198973042, 0.642, 0.1681643132220796, 0.657]	no-link	question-question	0.0719	0.0449	-0.0154	-0.28	-0.28	-0.265	5
OF	NO.	[0.1527599486521181, 0.362, 0.1797175866495507, 0.377]	[0.6187419768934531, 0.654, 0.6508344030808729, 0.667]	no-link	question-answer	-0.439	-0.466	-0.4981	-0.292	-0.29	-0.277	5
OF	CIRCULAR	[0.1527599486521181, 0.362, 0.1797175866495507, 0.377]	[0.5365853658536586, 0.655, 0.6123234916559692, 0.668]	no-link	question-answer	-0.3569	-0.3838	-0.4596	-0.293	-0.291	-0.278	5
OF	ATTACHED	[0.1527599486521181, 0.362, 0.1797175866495507, 0.377]	[0.3748395378690629, 0.656, 0.45186136071887034, 0.67]	no-link	question-answer	-0.1951	-0.2221	-0.2991	-0.294	-0.293	-0.279	5
OF	COPY	[0.1527599486521181, 0.362, 0.1797175866495507, 0.377]	[0.4595635430038511, 0.656, 0.496790757381258, 0.67]	no-link	question-answer	-0.2798	-0.3068	-0.344	-0.294	-0.293	-0.279	5
OF	SEE	[0.1527599486521181, 0.362, 0.1797175866495507, 0.377]	[0.337612323491656, 0.658, 0.3684210526315789, 0.671]	no-link	question-answer	-0.1579	-0.1849	-0.2157	-0.296	-0.294	-0.281	5
TYPE	SIZE	[0.10397946084724005, 0.363, 0.14890885750962773, 0.378]	[0.10526315789473684, 0.432, 0.14505776636713735, 0.449]	line-line	question-question	0.0411	0.069	0.0013	0.071	-0.0436	0.086	5
TYPE	OR	[0.10397946084724005, 0.363, 0.14890885750962773, 0.378]	[0.14890885750962773, 0.432, 0.17715019255455713, 0.446]	no-link	question-question	0.0	-0.0449	-0.0732	-0.069	-0.068	-0.054	5
TYPE	LIST	[0.10397946084724005, 0.363, 0.14890885750962773, 0.378]	[0.10397946084724005, 0.486, 0.14377406931964057, 0.501]	no-link	question-question	0.0449	0.0	-0.0398	-0.123	-0.123	-0.108	5
TYPE	OF	[0.10397946084724005, 0.363, 0.14890885750962773, 0.378]	[0.1797175866495507, 0.536, 0.20282413350449294, 0.549]	no-link	question-question	-0.0308	-0.0757	-0.0988	-0.173	-0.171	-0.158	5
TYPE	EXTENT	[0.10397946084724005, 0.363, 0.14890885750962773, 0.378]	[0.10397946084724005, 0.538, 0.17329910141206675, 0.552]	no-link	question-question	0.0449	0.0	-0.0693	-0.175	-0.174	-0.16	5
TYPE	OTHER	[0.10397946084724005, 0.363, 0.14890885750962773, 0.378]	[0.10783055198973042, 0.642, 0.1681643132220796, 0.657]	no-link	question-question	0.0411	-0.0039	-0.0642	-0.279	-0.279	-0.264	5
TYPE	NO.	[0.10397946084724005, 0.363, 0.14890885750962773, 0.378]	[0.6187419768934531, 0.654, 0.6508344030808729, 0.667]	no-link	question-answer	-0.4698	-0.5148	-0.5469	-0.291	-0.289	-0.276	5
TYPE	CIRCULAR	[0.10397946084724005, 0.363, 0.14890885750962773, 0.378]	[0.5365853658536586, 0.655, 0.6123234916559692, 0.668]	no-link	question-answer	-0.3877	-0.4326	-0.5083	-0.292	-0.29	-0.277	5
TYPE	ATTACHED	[0.10397946084724005, 0.363, 0.14890885750962773, 0.378]	[0.3748395378690629, 0.656, 0.45186136071887034, 0.67]	no-link	question-answer	-0.2259	-0.2709	-0.3479	-0.293	-0.292	-0.278	5
TYPE	COPY	[0.10397946084724005, 0.363, 0.14890885750962773, 0.378]	[0.4595635430038511, 0.656, 0.496790757381258, 0.67]	no-link	question-answer	-0.3107	-0.3556	-0.3928	-0.293	-0.292	-0.278	5
TYPE	SEE	[0.10397946084724005, 0.363, 0.14890885750962773, 0.378]	[0.337612323491656, 0.658, 0.3684210526315789, 0.671]	no-link	question-answer	-0.1887	-0.2336	-0.2644	-0.295	-0.293	-0.28	5
TYPE	OF	[0.10397946084724005, 0.363, 0.14890885750962773, 0.378]	[0.1527599486521181, 0.362, 0.1797175866495507, 0.377]	word-word	question-question	0.0757	-0.001	0.0488	-0.001	0.0039	0.014	5
SIZE	LIST	[0.10526315789473684, 0.432, 0.14505776636713735, 0.449]	[0.10397946084724005, 0.486, 0.14377406931964057, 0.501]	line-line	question-question	0.0385	0.054	-0.0013	0.052	-0.0411	0.069	6
SIZE	OR	[0.10526315789473684, 0.432, 0.14505776636713735, 0.449]	[0.14890885750962773, 0.432, 0.17715019255455713, 0.446]	no-link	question-question	-0.0039	-0.0436	-0.0719	0.0	0.003	0.017	6
SIZE	OF	[0.10526315789473684, 0.432, 0.14505776636713735, 0.449]	[0.1797175866495507, 0.536, 0.20282413350449294, 0.549]	no-link	question-question	-0.0347	-0.0745	-0.0976	-0.104	-0.1	-0.087	6
SIZE	EXTENT	[0.10526315789473684, 0.432, 0.14505776636713735, 0.449]	[0.10397946084724005, 0.538, 0.17329910141206675, 0.552]	no-link	question-question	0.0411	0.0013	-0.068	-0.106	-0.103	-0.089	6
SIZE	OTHER	[0.10526315789473684, 0.432, 0.14505776636713735, 0.449]	[0.10783055198973042, 0.642, 0.1681643132220796, 0.657]	no-link	question-question	0.0372	-0.0026	-0.0629	-0.21	-0.208	-0.193	6
SIZE	NO.	[0.10526315789473684, 0.432, 0.14505776636713735, 0.449]	[0.6187419768934531, 0.654, 0.6508344030808729, 0.667]	no-link	question-answer	-0.4737	-0.5135	-0.5456	-0.222	-0.218	-0.205	6
SIZE	CIRCULAR	[0.10526315789473684, 0.432, 0.14505776636713735, 0.449]	[0.5365853658536586, 0.655, 0.6123234916559692, 0.668]	no-link	question-answer	-0.3915	-0.4313	-0.5071	-0.223	-0.219	-0.206	6
SIZE	ATTACHED	[0.10526315789473684, 0.432, 0.14505776636713735, 0.449]	[0.3748395378690629, 0.656, 0.45186136071887034, 0.67]	no-link	question-answer	-0.2298	-0.2696	-0.3466	-0.224	-0.221	-0.207	6
SIZE	COPY	[0.10526315789473684, 0.432, 0.14505776636713735, 0.449]	[0.4595635430038511, 0.656, 0.496790757381258, 0.67]	no-link	question-answer	-0.3145	-0.3543	-0.3915	-0.224	-0.221	-0.207	6
SIZE	SEE	[0.10526315789473684, 0.432, 0.14505776636713735, 0.449]	[0.337612323491656, 0.658, 0.3684210526315789, 0.671]	no-link	question-answer	-0.1926	-0.2323	-0.2632	-0.226	-0.222	-0.209	6
SIZE	OR	[0.10526315789473684, 0.432, 0.14505776636713735, 0.449]	[0.14890885750962773, 0.432, 0.17715019255455713, 0.446]	word-word	question-question	0.0719	0.0	0.0436	-0.003	0.0039	0.014	6
OR	SIZES:	[0.14890885750962773, 0.432, 0.17715019255455713, 0.446]	[0.1810012836970475, 0.43, 0.23876765083440307, 0.447]	word-word	question-question	0.0899	-0.002	0.0321	0.001	0.0039	0.015	6
OR	LIST	[0.14890885750962773, 0.432, 0.17715019255455713, 0.446]	[0.10397946084724005, 0.486, 0.14377406931964057, 0.501]	no-link	question-question	0.0732	0.0449	0.0051	-0.054	-0.055	-0.04	6
OR	OF	[0.14890885750962773, 0.432, 0.17715019255455713, 0.446]	[0.1797175866495507, 0.536, 0.20282413350449294, 0.549]	no-link	question-question	-0.0026	-0.0308	-0.0539	-0.104	-0.103	-0.09	6
OR	EXTENT	[0.14890885750962773, 0.432, 0.17715019255455713, 0.446]	[0.10397946084724005, 0.538, 0.17329910141206675, 0.552]	no-link	question-question	0.0732	0.0449	-0.0244	-0.106	-0.106	-0.092	6
OR	OTHER	[0.14890885750962773, 0.432, 0.17715019255455713, 0.446]	[0.10783055198973042, 0.642, 0.1681643132220796, 0.657]	no-link	question-question	0.0693	0.0411	-0.0193	-0.21	-0.211	-0.196	6
OR	NO.	[0.14890885750962773, 0.432, 0.17715019255455713, 0.446]	[0.6187419768934531, 0.654, 0.6508344030808729, 0.667]	no-link	question-answer	-0.4416	-0.4698	-0.5019	-0.222	-0.221	-0.208	6
OR	CIRCULAR	[0.14890885750962773, 0.432, 0.17715019255455713, 0.446]	[0.5365853658536586, 0.655, 0.6123234916559692, 0.668]	no-link	question-answer	-0.3594	-0.3877	-0.4634	-0.223	-0.222	-0.209	6
OR	ATTACHED	[0.14890885750962773, 0.432, 0.17715019255455713, 0.446]	[0.3748395378690629, 0.656, 0.45186136071887034, 0.67]	no-link	question-answer	-0.1977	-0.2259	-0.303	-0.224	-0.224	-0.21	6
OR	COPY	[0.14890885750962773, 0.432, 0.17715019255455713, 0.446]	[0.4595635430038511, 0.656, 0.496790757381258, 0.67]	no-link	question-answer	-0.2824	-0.3107	-0.3479	-0.224	-0.224	-0.21	6
OR	SEE	[0.14890885750962773, 0.432, 0.17715019255455713, 0.446]	[0.337612323491656, 0.658, 0.3684210526315789, 0.671]	no-link	question-answer	-0.1605	-0.1887	-0.2195	-0.226	-0.225	-0.212	6
LIST	EXTENT	[0.10397946084724005, 0.486, 0.14377406931964057, 0.501]	[0.10397946084724005, 0.538, 0.17329910141206675, 0.552]	line-line	question-question	0.0693	0.052	0.0	0.051	-0.0398	0.066	7
LIST	OF	[0.10397946084724005, 0.486, 0.14377406931964057, 0.501]	[0.1797175866495507, 0.536, 0.20282413350449294, 0.549]	no-link	question-question	-0.0359	-0.0757	-0.0988	-0.05	-0.048	-0.035	7
LIST	OTHER	[0.10397946084724005, 0.486, 0.14377406931964057, 0.501]	[0.10783055198973042, 0.642, 0.1681643132220796, 0.657]	no-link	question-question	0.0359	-0.0039	-0.0642	-0.156	-0.156	-0.141	7
LIST	NO.	[0.10397946084724005, 0.486, 0.14377406931964057, 0.501]	[0.6187419768934531, 0.654, 0.6508344030808729, 0.667]	no-link	question-answer	-0.475	-0.5148	-0.5469	-0.168	-0.166	-0.153	7
LIST	CIRCULAR	[0.10397946084724005, 0.486, 0.14377406931964057, 0.501]	[0.5365853658536586, 0.655, 0.6123234916559692, 0.668]	no-link	question-answer	-0.3928	-0.4326	-0.5083	-0.169	-0.167	-0.154	7
LIST	ATTACHED	[0.10397946084724005, 0.486, 0.14377406931964057, 0.501]	[0.3748395378690629, 0.656, 0.45186136071887034, 0.67]	no-link	question-answer	-0.2311	-0.2709	-0.3479	-0.17	-0.169	-0.155	7
LIST	COPY	[0.10397946084724005, 0.486, 0.14377406931964057, 0.501]	[0.4595635430038511, 0.656, 0.496790757381258, 0.67]	no-link	question-answer	-0.3158	-0.3556	-0.3928	-0.17	-0.169	-0.155	7
LIST	SEE	[0.10397946084724005, 0.486, 0.14377406931964057, 0.501]	[0.337612323491656, 0.658, 0.3684210526315789, 0.671]	no-link	question-answer	-0.1938	-0.2336	-0.2644	-0.172	-0.17	-0.157	7
LIST	PRICE:	[0.10397946084724005, 0.486, 0.14377406931964057, 0.501]	[0.14762516046213095, 0.483, 0.2079589216944801, 0.501]	word-word	question-question	0.104	-0.003	0.0436	0.0	0.0039	0.015	7
OF	DISTRIBUTION:	[0.1797175866495507, 0.536, 0.20282413350449294, 0.549]	[0.10526315789473684, 0.556, 0.2362002567394095, 0.571]	word-word	question-question	0.0565	0.02	-0.0745	0.022	-0.0976	0.035	8
EXTENT	OTHER	[0.10397946084724005, 0.538, 0.17329910141206675, 0.552]	[0.10783055198973042, 0.642, 0.1681643132220796, 0.657]	line-line	question-question	0.0642	0.104	0.0039	0.105	-0.0655	0.119	8
EXTENT	NO.	[0.10397946084724005, 0.538, 0.17329910141206675, 0.552]	[0.6187419768934531, 0.654, 0.6508344030808729, 0.667]	no-link	question-answer	-0.4454	-0.5148	-0.5469	-0.116	-0.115	-0.102	8
EXTENT	OF	[0.10397946084724005, 0.538, 0.17329910141206675, 0.552]	[0.5070603337612324, 0.655, 0.5288831835686778, 0.669]	no-link	question-answer	-0.3338	-0.4031	-0.4249	-0.117	-0.117	-0.103	8
EXTENT	CIRCULAR	[0.10397946084724005, 0.538, 0.17329910141206675, 0.552]	[0.5365853658536586, 0.655, 0.6123234916559692, 0.668]	no-link	question-answer	-0.3633	-0.4326	-0.5083	-0.117	-0.116	-0.103	8
EXTENT	ATTACHED	[0.10397946084724005, 0.538, 0.17329910141206675, 0.552]	[0.3748395378690629, 0.656, 0.45186136071887034, 0.67]	no-link	question-answer	-0.2015	-0.2709	-0.3479	-0.118	-0.118	-0.104	8
EXTENT	COPY	[0.10397946084724005, 0.538, 0.17329910141206675, 0.552]	[0.4595635430038511, 0.656, 0.496790757381258, 0.67]	no-link	question-answer	-0.2863	-0.3556	-0.3928	-0.118	-0.118	-0.104	8
EXTENT	SEE	[0.10397946084724005, 0.538, 0.17329910141206675, 0.552]	[0.337612323491656, 0.658, 0.3684210526315789, 0.671]	no-link	question-answer	-0.1643	-0.2336	-0.2644	-0.12	-0.119	-0.106	8
EXTENT	OF	[0.10397946084724005, 0.538, 0.17329910141206675, 0.552]	[0.1797175866495507, 0.536, 0.20282413350449294, 0.549]	word-word	question-question	0.0988	-0.002	0.0757	-0.003	0.0064	0.011	8
OTHER	INFORMATION:	[0.10783055198973042, 0.642, 0.1681643132220796, 0.657]	[0.10269576379974327, 0.661, 0.2374839537869063, 0.676]	word-word	question-question	0.1297	0.019	-0.0051	0.019	-0.0655	0.034	9
OTHER	NO.	[0.10783055198973042, 0.642, 0.1681643132220796, 0.657]	[0.6187419768934531, 0.654, 0.6508344030808729, 0.667]	no-link	question-answer	-0.4506	-0.5109	-0.543	-0.012	-0.01	0.003	9
OTHER	OF	[0.10783055198973042, 0.642, 0.1681643132220796, 0.657]	[0.5070603337612324, 0.655, 0.5288831835686778, 0.669]	no-link	question-answer	-0.3389	-0.3992	-0.4211	-0.013	-0.012	0.002	9
OTHER	CIRCULAR	[0.10783055198973042, 0.642, 0.1681643132220796, 0.657]	[0.5365853658536586, 0.655, 0.6123234916559692, 0.668]	no-link	question-answer	-0.3684	-0.4288	-0.5045	-0.013	-0.011	0.002	9
OTHER	ATTACHED	[0.10783055198973042, 0.642, 0.1681643132220796, 0.657]	[0.3748395378690629, 0.656, 0.45186136071887034, 0.67]	no-link	question-answer	-0.2067	-0.267	-0.344	-0.014	-0.013	0.001	9
OTHER	COPY	[0.10783055198973042, 0.642, 0.1681643132220796, 0.657]	[0.4595635430038511, 0.656, 0.496790757381258, 0.67]	no-link	question-answer	-0.2914	-0.3517	-0.389	-0.014	-0.013	0.001	9
OTHER	SEE	[0.10783055198973042, 0.642, 0.1681643132220796, 0.657]	[0.337612323491656, 0.658, 0.3684210526315789, 0.671]	no-link	question-answer	-0.1694	-0.2298	-0.2606	-0.016	-0.014	-0.001	9
OTHER	SEE	[0.10783055198973042, 0.642, 0.1681643132220796, 0.657]	[0.337612323491656, 0.658, 0.3684210526315789, 0.671]	question-answer	question-answer	0.2606	0.016	0.2298	0.014	0.1694	0.029	9
NO.	4848	[0.6187419768934531, 0.654, 0.6508344030808729, 0.667]	[0.6585365853658537, 0.652, 0.6957637997432606, 0.666]	word-word	answer-answer	0.077	-0.002	0.0398	-0.001	0.0077	0.012	9
NO.	CIRCULAR	[0.6187419768934531, 0.654, 0.6508344030808729, 0.667]	[0.5365853658536586, 0.655, 0.6123234916559692, 0.668]	no-link	answer-answer	0.1142	0.0822	0.0064	-0.001	-0.001	0.012	9
NO.	ATTACHED	[0.6187419768934531, 0.654, 0.6508344030808729, 0.667]	[0.3748395378690629, 0.656, 0.45186136071887034, 0.67]	no-link	answer-answer	0.276	0.2439	0.1669	-0.002	-0.003	0.011	9
NO.	COPY	[0.6187419768934531, 0.654, 0.6508344030808729, 0.667]	[0.4595635430038511, 0.656, 0.496790757381258, 0.67]	no-link	answer-answer	0.1913	0.1592	0.122	-0.002	-0.003	0.011	9
NO.	SEE	[0.6187419768934531, 0.654, 0.6508344030808729, 0.667]	[0.337612323491656, 0.658, 0.3684210526315789, 0.671]	no-link	answer-answer	0.3132	0.2811	0.2503	-0.004	-0.004	0.009	9
OF	CIRCULAR	[0.5070603337612324, 0.655, 0.5288831835686778, 0.669]	[0.5365853658536586, 0.655, 0.6123234916559692, 0.668]	word-word	answer-answer	0.1053	0.0	0.0295	-0.001	0.0077	0.013	9
CIRCULAR	NO.	[0.5365853658536586, 0.655, 0.6123234916559692, 0.668]	[0.6187419768934531, 0.654, 0.6508344030808729, 0.667]	word-word	answer-answer	0.1142	-0.001	0.0822	-0.001	0.0064	0.012	9
CIRCULAR	COPY	[0.5365853658536586, 0.655, 0.6123234916559692, 0.668]	[0.4595635430038511, 0.656, 0.496790757381258, 0.67]	no-link	answer-answer	0.1528	0.077	0.0398	-0.001	-0.002	0.012	9
CIRCULAR	SEE	[0.5365853658536586, 0.655, 0.6123234916559692, 0.668]	[0.337612323491656, 0.658, 0.3684210526315789, 0.671]	no-link	answer-answer	0.2747	0.199	0.1682	-0.003	-0.003	0.01	9
ATTACHED	COPY	[0.3748395378690629, 0.656, 0.45186136071887034, 0.67]	[0.4595635430038511, 0.656, 0.496790757381258, 0.67]	word-word	answer-answer	0.122	0.0	0.0847	0.0	0.0077	0.014	9
ATTACHED	SEE	[0.3748395378690629, 0.656, 0.45186136071887034, 0.67]	[0.337612323491656, 0.658, 0.3684210526315789, 0.671]	no-link	answer-answer	0.1142	0.0372	0.0064	-0.002	-0.001	0.012	9
COPY	OF	[0.4595635430038511, 0.656, 0.496790757381258, 0.67]	[0.5070603337612324, 0.655, 0.5288831835686778, 0.669]	word-word	answer-answer	0.0693	-0.001	0.0475	-0.001	0.0103	0.013	9
SEE	ATTACHED	[0.337612323491656, 0.658, 0.3684210526315789, 0.671]	[0.3748395378690629, 0.656, 0.45186136071887034, 0.67]	word-word	answer-answer	0.1142	-0.002	0.0372	-0.001	0.0064	0.012	9
